acc,acc_labels,aux,aux_batch,bce_loss,cell,cell_size,epoch,exp,f1,f1_labels,freeze_mode,loss,lr,mask_use,prec,prec_labels,prob,recall,recall_labels,std_loss,train_mode
0.5381429816913688,"[0.5989537925021796, 0.47733217088055796]",0.0,4.0,2.3165830270103784,0.0,[56],0.0,0.0,0.35226092375874196,"[0.2857142857142852, 0.4188075618031988]",0.0,2.3165830270103784,0.1,0.0,0.43716935026040593,"[0.2709867452135493, 0.6033519553072626]",0.1,0.3114236709198694,"[0.3021346469622332, 0.3207126948775056]",0.0,train
0.6716666666666666,"[0.7566666666666667, 0.5866666666666667]",0.0,4.0,2.15666933854421,0.0,[56],0.0,0.0,0.3697478991596636,"[0.0, 0.7394957983193272]",0.0,2.15666933854421,0.1,0.0,0.29333333333333333,"[0.0, 0.5866666666666667]",0.1,0.5,"[0.0, 1.0]",0.0,valid
0.629686137750654,"[0.7332170880557978, 0.52615518744551]",0.0,4.0,0.970511503841566,0.0,[56],1.0,0.0,0.32537365311087907,"[0.028571428571428505, 0.6221758776503297]",0.0,0.970511503841566,0.1,0.0,0.5067693744164332,"[0.42857142857142855, 0.5849673202614379]",0.1,0.33960891014880723,"[0.014778325123152709, 0.6644394951744618]",0.0,train
0.505,"[0.5966666666666667, 0.41333333333333333]",0.0,4.0,0.8072897593180338,0.0,[56],1.0,0.0,0.18652849740932614,"[0.3730569948186523, 0.0]",0.0,0.8072897593180338,0.1,0.0,0.15,"[0.3, 0.0]",0.1,0.2465753424657534,"[0.4931506849315068, 0.0]",0.0,valid
0.5745422842197035,"[0.7266782911944202, 0.4224062772449869]",0.0,4.0,0.5836248708807904,0.0,[56],2.0,0.0,0.04641643826623548,"[0.027906976744185942, 0.06492589978828502]",0.0,0.5836248708807904,0.1,0.0,0.45357142857142857,"[0.25, 0.6571428571428571]",0.1,0.024464144001813917,"[0.014778325123152709, 0.03414996288047513]",0.0,train
0.59,"[0.7433333333333333, 0.43666666666666665]",0.0,4.0,0.5520604848861694,0.0,[56],2.0,0.0,0.043243243243243204,"[0.0, 0.08648648648648641]",0.0,0.5520604848861694,0.1,0.0,0.44444444444444436,"[0.0, 0.8888888888888887]",0.1,0.022727272727272728,"[0.0, 0.045454545454545456]",0.0,valid
0.5760680034873583,"[0.7279860505666957, 0.42414995640802095]",0.0,4.0,0.5458403851674951,0.0,[56],3.0,0.0,0.053874382498235604,"[0.03999999999999988, 0.06774876499647133]",0.0,0.5458403851674951,0.1,0.0,0.5013937282229965,"[0.3170731707317073, 0.6857142857142857]",0.1,0.028490606748805044,"[0.021346469622331693, 0.035634743875278395]",0.0,train
0.5733333333333333,"[0.7333333333333333, 0.41333333333333333]",0.0,4.0,0.5571630994478861,0.0,[56],3.0,0.0,0.005617977528089876,"[0.0, 0.011235955056179752]",0.0,0.5571630994478861,0.1,0.0,0.2499999999999999,"[0.0, 0.4999999999999998]",0.1,0.002840909090909091,"[0.0, 0.005681818181818182]",0.0,valid
0.5727986050566696,"[0.7279860505666957, 0.4176111595466434]",0.0,4.0,0.5494603799737018,0.0,[56],4.0,0.0,0.029548904792886507,"[0.01886792452830181, 0.0402298850574712]",0.0,0.5494603799737018,0.1,0.0,0.4222222222222222,"[0.2222222222222222, 0.6222222222222222]",0.1,0.015319575338007103,"[0.009852216748768473, 0.020786933927245732]",0.0,train
0.5816666666666667,"[0.7466666666666667, 0.4166666666666667]",0.0,4.0,0.5468898316224416,0.0,[56],4.0,0.0,0.011173184357541884,"[0.0, 0.02234636871508377]",0.0,0.5468898316224416,0.1,0.0,0.33333333333333326,"[0.0, 0.6666666666666665]",0.1,0.005681818181818182,"[0.0, 0.011363636363636364]",0.0,valid
0.5738884045335658,"[0.7297297297297297, 0.41804707933740193]",0.0,4.0,0.5464705358380857,0.0,[56],5.0,0.0,0.04571019295385073,"[0.04024767801857575, 0.05117270788912572]",0.0,0.5464705358380857,0.1,0.0,0.4756756756756757,"[0.35135135135135137, 0.6]",0.1,0.024036263764395244,"[0.021346469622331693, 0.026726057906458798]",0.0,train
0.5833333333333333,"[0.7533333333333333, 0.41333333333333333]",0.0,4.0,0.5683034658432007,0.0,[56],5.0,0.0,0.005617977528089876,"[0.0, 0.011235955056179752]",0.0,0.5683034658432007,0.1,0.0,0.2499999999999999,"[0.0, 0.4999999999999998]",0.1,0.002840909090909091,"[0.0, 0.005681818181818182]",0.0,valid
0.5721447253705318,"[0.7292938099389712, 0.4149956408020924]",0.0,4.0,0.5484140022941257,0.0,[56],6.0,0.0,0.02619703245186831,"[0.02204724409448811, 0.03034682080924851]",0.0,0.5484140022941257,0.1,0.0,0.41839916839916835,"[0.2692307692307692, 0.5675675675675675]",0.1,0.013542226659498759,"[0.011494252873563218, 0.015590200445434299]",0.0,train
0.5900000000000001,"[0.7566666666666667, 0.42333333333333334]",0.0,4.0,0.5557477871576945,0.0,[56],6.0,0.0,0.02209944751381213,"[0.0, 0.04419889502762426]",0.0,0.5557477871576945,0.1,0.0,0.3999999999999999,"[0.0, 0.7999999999999998]",0.1,0.011363636363636364,"[0.0, 0.022727272727272728]",0.0,valid
0.5710549258936356,"[0.7288578901482128, 0.4132519616390584]",0.0,4.0,0.5433784839899644,0.0,[56],7.0,0.0,0.022617319787131045,"[0.02201257861635212, 0.023222060957909966]",0.0,0.5433784839899644,0.1,0.0,0.3876941457586619,"[0.25925925925925924, 0.5161290322580645]",0.1,0.011686250415994675,"[0.011494252873563218, 0.011878247958426132]",0.0,train
0.5833333333333334,"[0.75, 0.4166666666666667]",0.0,4.0,0.5492992997169495,0.0,[56],7.0,0.0,0.011173184357541884,"[0.0, 0.02234636871508377]",0.0,0.5492992997169495,0.1,0.0,0.33333333333333326,"[0.0, 0.6666666666666665]",0.1,0.005681818181818182,"[0.0, 0.011363636363636364]",0.0,valid
0.5762859633827375,"[0.7301656495204882, 0.4224062772449869]",0.0,4.0,0.5422094023745992,0.0,[56],8.0,0.0,0.044119203158850206,"[0.03129890453834107, 0.05693950177935935]",0.0,0.5422094023745992,0.1,0.0,0.5114942528735632,"[0.3333333333333333, 0.6896551724137931]",0.1,0.023057990572006394,"[0.016420361247947456, 0.02969561989606533]",0.0,train
0.585,"[0.7566666666666667, 0.41333333333333333]",0.0,4.0,0.5682065685590109,0.0,[56],8.0,0.0,0.0,"[0.0, 0.0]",0.0,0.5682065685590109,0.1,0.0,0.0,"[0.0, 0.0]",0.1,0.0,"[0.0, 0.0]",0.0,valid
0.5727986050566696,"[0.7262423714036618, 0.41935483870967744]",0.0,4.0,0.5474582703217216,0.0,[56],9.0,0.0,0.03298015021459219,"[0.01874999999999991, 0.047210300429184476]",0.0,0.5474582703217216,0.1,0.0,0.42030360531309297,"[0.1935483870967742, 0.6470588235294118]",0.1,0.017175551581511184,"[0.009852216748768473, 0.024498886414253896]",0.0,train
0.5783333333333334,"[0.7433333333333333, 0.41333333333333333]",0.0,4.0,0.5548083881537119,0.0,[56],9.0,0.0,0.005617977528089876,"[0.0, 0.011235955056179752]",0.0,0.5548083881537119,0.1,0.0,0.2499999999999999,"[0.0, 0.4999999999999998]",0.1,0.002840909090909091,"[0.0, 0.005681818181818182]",0.0,valid
0.5738884045335658,"[0.7314734088927637, 0.4163034001743679]",0.0,4.0,0.54498458167781,0.0,[56],10.0,0.0,0.03989773021875355,"[0.0493827160493826, 0.030412744388124503]",0.0,0.54498458167781,0.1,0.0,0.5139517345399698,"[0.41025641025641024, 0.6176470588235294]",0.1,0.02093138922107511,"[0.026272577996715927, 0.015590200445434299]",0.0,train
0.5816666666666667,"[0.75, 0.41333333333333333]",0.0,4.0,0.5600113868713379,0.0,[56],10.0,0.0,0.018604990515102813,"[0.02597402597402587, 0.011235955056179752]",0.0,0.5600113868713379,0.1,0.0,0.3749999999999999,"[0.24999999999999994, 0.4999999999999998]",0.1,0.009690224159402242,"[0.0136986301369863, 0.005681818181818182]",0.0,valid
0.5786835222319093,"[0.7314734088927637, 0.4258936355710549]",0.0,4.0,0.543141694172569,0.0,[56],11.0,0.0,0.049005847953216296,"[0.022222222222222157, 0.07578947368421043]",0.0,0.543141694172569,0.1,0.0,0.5128205128205128,"[0.3333333333333333, 0.6923076923076923]",0.1,0.02579166986662571,"[0.011494252873563218, 0.0400890868596882]",0.0,train
0.5716666666666667,"[0.7333333333333333, 0.41]",0.0,4.0,0.5592275460561117,0.0,[56],11.0,0.0,0.0,"[0.0, 0.0]",0.0,0.5592275460561117,0.1,0.0,0.0,"[0.0, 0.0]",0.1,0.0,"[0.0, 0.0]",0.0,valid
0.5738884045335658,"[0.7297297297297297, 0.41804707933740193]",0.0,4.0,0.5426399643006532,0.0,[56],12.0,0.0,0.030312048488373086,"[0.01898734177215183, 0.04163675520459434]",0.0,0.5426399643006532,0.1,0.0,0.44565217391304346,"[0.2608695652173913, 0.6304347826086957]",0.1,0.015690770586707918,"[0.009852216748768473, 0.021529324424647365]",0.0,train
0.5833333333333333,"[0.7533333333333333, 0.41333333333333333]",0.0,4.0,0.5438812077045441,0.0,[56],12.0,0.0,0.013157894736842066,"[0.026315789473684133, 0.0]",0.0,0.5438812077045441,0.1,0.0,0.16666666666666663,"[0.33333333333333326, 0.0]",0.1,0.00684931506849315,"[0.0136986301369863, 0.0]",0.0,valid
0.5743243243243243,"[0.7279860505666957, 0.42066259808195294]",0.0,4.0,0.5453970665517061,0.0,[56],13.0,0.0,0.03715251237076067,"[0.01886792452830181, 0.055437100213219535]",0.0,0.5453970665517061,0.1,0.0,0.4361111111111111,"[0.2222222222222222, 0.65]",0.1,0.019402723073716086,"[0.009852216748768473, 0.028953229398663696]",0.0,train
0.5783333333333334,"[0.7433333333333333, 0.41333333333333333]",0.0,4.0,0.5546652475992838,0.0,[56],13.0,0.0,0.012658227848101195,"[0.02531645569620239, 0.0]",0.0,0.5546652475992838,0.1,0.0,0.08333333333333331,"[0.16666666666666663, 0.0]",0.1,0.00684931506849315,"[0.0136986301369863, 0.0]",0.0,valid
0.5736704446381866,"[0.7279860505666957, 0.41935483870967744]",0.0,4.0,0.5456550950589387,0.0,[56],14.0,0.0,0.02805934599405443,"[0.015772870662460494, 0.04034582132564836]",0.0,0.5456550950589387,0.1,0.0,0.4414634146341464,"[0.2, 0.6829268292682927]",0.1,0.01449855727560973,"[0.008210180623973728, 0.020786933927245732]",0.0,train
0.5816666666666667,"[0.7466666666666667, 0.4166666666666667]",0.0,4.0,0.5567594071229299,0.0,[56],14.0,0.0,0.0056497175141242886,"[0.0, 0.011299435028248577]",0.0,0.5567594071229299,0.1,0.0,0.49999999999999944,"[0.0, 0.9999999999999989]",0.1,0.002840909090909091,"[0.0, 0.005681818181818182]",0.0,valid
0.5708369659982563,"[0.7231909328683522, 0.4184829991281604]",0.0,4.0,0.5454292737919352,0.0,[56],15.0,0.0,0.038406220945712846,"[0.021571648690292645, 0.055240793201133044]",0.0,0.5454292737919352,0.1,0.0,0.38749999999999996,"[0.175, 0.6]",0.1,0.020223741136113457,"[0.011494252873563218, 0.028953229398663696]",0.0,train
0.5833333333333333,"[0.7533333333333333, 0.41333333333333333]",0.0,4.0,0.5531770288944244,0.0,[56],15.0,0.0,0.0,"[0.0, 0.0]",0.0,0.5531770288944244,0.1,0.0,0.0,"[0.0, 0.0]",0.1,0.0,"[0.0, 0.0]",0.0,valid
0.576721883173496,"[0.7345248474280732, 0.4189189189189189]",0.0,4.0,0.5378806215265522,0.0,[56],16.0,0.0,0.03589031967767746,"[0.02870813397129181, 0.043072505384063105]",0.0,0.5378806215265522,0.1,0.0,0.5760869565217391,"[0.5, 0.6521739130434783]",0.1,0.018525020022600855,"[0.014778325123152709, 0.022271714922048998]",0.0,train
0.5833333333333333,"[0.7533333333333333, 0.41333333333333333]",0.0,4.0,0.5462712148825327,0.0,[56],16.0,0.0,0.0,"[0.0, 0.0]",0.0,0.5462712148825327,0.1,0.0,0.0,"[0.0, 0.0]",0.1,0.0,"[0.0, 0.0]",0.0,valid
0.5710549258936356,"[0.7262423714036618, 0.41586748038360943]",0.0,4.0,0.5467026104097781,0.0,[56],17.0,0.0,0.04008741886600728,"[0.04559270516717311, 0.03458213256484144]",0.0,0.5467026104097781,0.1,0.0,0.4457441513190642,"[0.30612244897959184, 0.5853658536585366]",0.1,0.02122395690478019,"[0.024630541871921183, 0.017817371937639197]",0.0,train
0.585,"[0.7566666666666667, 0.41333333333333333]",0.0,4.0,0.5628294944763184,0.0,[56],17.0,0.0,0.0,"[0.0, 0.0]",0.0,0.5628294944763184,0.1,0.0,0.0,"[0.0, 0.0]",0.1,0.0,"[0.0, 0.0]",0.0,valid
0.5712728857890148,"[0.7292938099389712, 0.4132519616390584]",0.0,4.0,0.5467750637427621,0.0,[56],18.0,0.0,0.029081858207473894,"[0.025117739403453607, 0.033045977011494185]",0.0,0.5467750637427621,0.1,0.0,0.3984126984126984,"[0.2857142857142857, 0.5111111111111111]",0.1,0.015105635219297763,"[0.013136288998357963, 0.017074981440237565]",0.0,train
0.5833333333333333,"[0.7533333333333333, 0.41333333333333333]",0.0,4.0,0.5524088541666666,0.0,[56],18.0,0.0,0.0,"[0.0, 0.0]",0.0,0.5524088541666666,0.1,0.0,0.0,"[0.0, 0.0]",0.1,0.0,"[0.0, 0.0]",0.0,valid
0.5732345248474281,"[0.7271142109851787, 0.41935483870967744]",0.0,4.0,0.543475620124651,0.0,[56],19.0,0.0,0.03262493773866836,"[0.01261829652996838, 0.05263157894736834]",0.0,0.543475620124651,0.1,0.0,0.3935593220338983,"[0.16, 0.6271186440677966]",0.1,0.017018296451519706,"[0.006568144499178982, 0.02746844840386043]",0.0,train
0.5766666666666667,"[0.74, 0.41333333333333333]",0.0,4.0,0.5483197371164957,0.0,[56],19.0,0.0,0.005617977528089876,"[0.0, 0.011235955056179752]",0.0,0.5483197371164957,0.1,0.0,0.2499999999999999,"[0.0, 0.4999999999999998]",0.1,0.002840909090909091,"[0.0, 0.005681818181818182]",0.0,valid
0.5717088055797733,"[0.7262423714036618, 0.41717523975588494]",0.0,4.0,0.5449278950691223,0.0,[56],20.0,0.0,0.029815953669164598,"[0.00317460317460311, 0.05645730416372609]",0.0,0.5449278950691223,0.1,0.0,0.30952380952380953,"[0.047619047619047616, 0.5714285714285714]",0.1,0.015668828010430038,"[0.0016420361247947454, 0.02969561989606533]",0.0,train
0.5866666666666667,"[0.7566666666666667, 0.4166666666666667]",0.0,4.0,0.5502307812372843,0.0,[56],20.0,0.0,0.011173184357541884,"[0.0, 0.02234636871508377]",0.0,0.5502307812372843,0.1,0.0,0.33333333333333326,"[0.0, 0.6666666666666665]",0.1,0.005681818181818182,"[0.0, 0.011363636363636364]",0.0,valid
0.5699651264167394,"[0.7297297297297297, 0.41020052310374894]",0.0,4.0,0.5410728078821431,0.0,[56],21.0,0.0,0.025398511258410052,"[0.02208201892744472, 0.028715003589375385]",0.0,0.5410728078821431,0.1,0.0,0.35739130434782607,"[0.28, 0.43478260869565216]",0.1,0.01317103141079794,"[0.011494252873563218, 0.014847809948032665]",0.0,train
0.5833333333333333,"[0.7533333333333333, 0.41333333333333333]",0.0,4.0,0.5465025703112284,0.0,[56],21.0,0.0,0.013157894736842066,"[0.026315789473684133, 0.0]",0.0,0.5465025703112284,0.1,0.0,0.16666666666666663,"[0.33333333333333326, 0.0]",0.1,0.00684931506849315,"[0.0136986301369863, 0.0]",0.0,valid
0.5721447253705318,"[0.7275501307759372, 0.4167393199651264]",0.0,4.0,0.5425460442252781,0.0,[56],22.0,0.0,0.019419552005077313,"[0.012638230647709248, 0.02620087336244538]",0.0,0.5425460442252781,0.1,0.0,0.41666666666666663,"[0.16666666666666666, 0.6666666666666666]",0.1,0.00996558672620419,"[0.006568144499178982, 0.013363028953229399]",0.0,train
0.5766666666666667,"[0.7433333333333333, 0.41]",0.0,4.0,0.5423093636830648,0.0,[56],22.0,0.0,0.0,"[0.0, 0.0]",0.0,0.5423093636830648,0.1,0.0,0.0,"[0.0, 0.0]",0.1,0.0,"[0.0, 0.0]",0.0,valid
0.5736704446381866,"[0.7275501307759372, 0.4197907585004359]",0.0,4.0,0.54217260039371,0.0,[56],23.0,0.0,0.04033140915304696,"[0.027993779160186527, 0.05266903914590739]",0.0,0.54217260039371,0.1,0.0,0.4513184584178499,"[0.2647058823529412, 0.6379310344827587]",0.1,0.02112338676350657,"[0.014778325123152709, 0.02746844840386043]",0.0,train
0.585,"[0.7566666666666667, 0.41333333333333333]",0.0,4.0,0.5597454508145651,0.0,[56],23.0,0.0,0.0,"[0.0, 0.0]",0.0,0.5597454508145651,0.1,0.0,0.0,"[0.0, 0.0]",0.1,0.0,"[0.0, 0.0]",0.0,valid
0.5708369659982563,"[0.7271142109851787, 0.4145597210113339]",0.0,4.0,0.5449428804542708,0.0,[56],24.0,0.0,0.026658162977853526,"[0.018808777429467, 0.03450754852624005]",0.0,0.5449428804542708,0.1,0.0,0.37617554858934166,"[0.20689655172413793, 0.5454545454545454]",0.1,0.013834794343203834,"[0.009852216748768473, 0.017817371937639197]",0.0,train
0.585,"[0.7533333333333333, 0.4166666666666667]",0.0,4.0,0.5462587674458822,0.0,[56],24.0,0.0,0.016574585635359088,"[0.0, 0.033149171270718175]",0.0,0.5462587674458822,0.1,0.0,0.29999999999999993,"[0.0, 0.5999999999999999]",0.1,0.008522727272727272,"[0.0, 0.017045454545454544]",0.0,valid
0.5745422842197035,"[0.7292938099389712, 0.4197907585004359]",0.0,4.0,0.5446149758670641,0.0,[56],25.0,0.0,0.04136942303524682,"[0.02204724409448811, 0.06069160197600554]",0.0,0.5446149758670641,0.1,0.0,0.44175824175824174,"[0.2692307692307692, 0.6142857142857143]",0.1,0.021708522130916723,"[0.011494252873563218, 0.03192279138827023]",0.0,train
0.5800000000000001,"[0.7466666666666667, 0.41333333333333333]",0.0,4.0,0.5524664123853048,0.0,[56],25.0,0.0,0.0,"[0.0, 0.0]",0.0,0.5524664123853048,0.1,0.0,0.0,"[0.0, 0.0]",0.1,0.0,"[0.0, 0.0]",0.0,valid
0.5719267654751525,"[0.7310374891020053, 0.4128160418482999]",0.0,4.0,0.5432289786960768,0.0,[56],26.0,0.0,0.026909462118372404,"[0.022187004754358093, 0.031631919482386715]",0.0,0.5432289786960768,0.1,0.0,0.40909090909090906,"[0.3181818181818182, 0.5]",0.1,0.013913421908199575,"[0.011494252873563218, 0.016332590942835932]",0.0,train
0.5783333333333334,"[0.7433333333333333, 0.41333333333333333]",0.0,4.0,0.5605329871177673,0.0,[56],26.0,0.0,0.012658227848101195,"[0.02531645569620239, 0.0]",0.0,0.5605329871177673,0.1,0.0,0.08333333333333331,"[0.16666666666666663, 0.0]",0.1,0.00684931506849315,"[0.0136986301369863, 0.0]",0.0,valid
0.5747602441150829,"[0.7301656495204882, 0.41935483870967744]",0.0,4.0,0.5416975695153942,0.0,[56],27.0,0.0,0.03430163907726684,"[0.028257456828885318, 0.04034582132564836]",0.0,0.5416975695153942,0.1,0.0,0.5021777003484321,"[0.32142857142857145, 0.6829268292682927]",0.1,0.01778262952519922,"[0.014778325123152709, 0.020786933927245732]",0.0,train
0.5816666666666667,"[0.7466666666666667, 0.4166666666666667]",0.0,4.0,0.5568606456120809,0.0,[56],27.0,0.0,0.0056497175141242886,"[0.0, 0.011299435028248577]",0.0,0.5568606456120809,0.1,0.0,0.49999999999999944,"[0.0, 0.9999999999999989]",0.1,0.002840909090909091,"[0.0, 0.005681818181818182]",0.0,valid
0.5747602441150829,"[0.7288578901482128, 0.42066259808195294]",0.0,4.0,0.541974364415459,0.0,[56],28.0,0.0,0.03805255265337175,"[0.02201257861635212, 0.05409252669039138]",0.0,0.541974364415459,0.1,0.0,0.45721583652618136,"[0.25925925925925924, 0.6551724137931034]",0.1,0.019852545887412643,"[0.011494252873563218, 0.028210838901262063]",0.0,train
0.5833333333333333,"[0.7533333333333333, 0.41333333333333333]",0.0,4.0,0.5601992805798849,0.0,[56],28.0,0.0,0.0,"[0.0, 0.0]",0.0,0.5601992805798849,0.1,0.0,0.0,"[0.0, 0.0]",0.1,0.0,"[0.0, 0.0]",0.0,valid
0.5710549258936356,"[0.7297297297297297, 0.41238012205754143]",0.0,4.0,0.5431890176690143,0.0,[56],29.0,0.0,0.014799331103678882,"[0.006410256410256363, 0.0231884057971014]",0.0,0.5431890176690143,0.1,0.0,0.3090909090909091,"[0.1333333333333333, 0.48484848484848486]",0.1,0.007581160104007811,"[0.003284072249589491, 0.011878247958426132]",0.0,train
0.5816666666666667,"[0.75, 0.41333333333333333]",0.0,4.0,0.5520201325416565,0.0,[56],29.0,0.0,0.0,"[0.0, 0.0]",0.0,0.5520201325416565,0.1,0.0,0.0,"[0.0, 0.0]",0.1,0.0,"[0.0, 0.0]",0.0,valid
0.5730165649520488,"[0.7319093286835222, 0.4141238012205754]",0.0,4.0,0.5415687755398129,0.0,[56],30.0,0.0,0.02207229718474091,"[0.009661835748792232, 0.03448275862068959]",0.0,0.5415687755398129,0.1,0.0,0.39166666666666666,"[0.24999999999999997, 0.5333333333333333]",0.1,0.011371740156011717,"[0.0049261083743842365, 0.017817371937639197]",0.0,train
0.5833333333333333,"[0.7533333333333333, 0.41333333333333333]",0.0,4.0,0.5456637740135193,0.0,[56],30.0,0.0,0.0,"[0.0, 0.0]",0.0,0.5456637740135193,0.1,0.0,0.0,"[0.0, 0.0]",0.1,0.0,"[0.0, 0.0]",0.0,valid
0.5738884045335658,"[0.7323452484742807, 0.4154315605928509]",0.0,4.0,0.5403642861739449,0.0,[56],31.0,0.0,0.034574215194859814,"[0.034591194968553375, 0.034557235421166246]",0.0,0.5403642861739449,0.1,0.0,0.4894179894179894,"[0.4074074074074074, 0.5714285714285714]",0.1,0.017939884655190697,"[0.0180623973727422, 0.017817371937639197]",0.0,train
0.5816666666666667,"[0.75, 0.41333333333333333]",0.0,4.0,0.5574870705604553,0.0,[56],31.0,0.0,0.0,"[0.0, 0.0]",0.0,0.5574870705604553,0.1,0.0,0.0,"[0.0, 0.0]",0.1,0.0,"[0.0, 0.0]",0.0,valid
0.5797733217088056,"[0.7327811682650393, 0.4267654751525719]",0.0,4.0,0.5377963509248651,0.0,[56],32.0,0.0,0.045973679372022735,"[0.016051364365971064, 0.0758959943780744]",0.0,0.5377963509248651,0.1,0.0,0.5338345864661653,"[0.3571428571428571, 0.7105263157894737]",0.1,0.02414963374183096,"[0.008210180623973728, 0.0400890868596882]",0.0,train
0.585,"[0.7566666666666667, 0.41333333333333333]",0.0,4.0,0.5537573099136353,0.0,[56],32.0,0.0,0.0,"[0.0, 0.0]",0.0,0.5537573099136353,0.1,0.0,0.0,"[0.0, 0.0]",0.1,0.0,"[0.0, 0.0]",0.0,valid
0.5725806451612903,"[0.7297297297297297, 0.4154315605928509]",0.0,4.0,0.5385507682095403,0.0,[56],33.0,0.0,0.025980928916871912,"[0.006410256410256363, 0.045551601423487464]",0.0,0.5385507682095403,0.1,0.0,0.3425287356321839,"[0.1333333333333333, 0.5517241379310345]",0.1,0.013520284083220877,"[0.003284072249589491, 0.023756495916852263]",0.0,train
0.5716666666666667,"[0.7333333333333333, 0.41]",0.0,4.0,0.5439055760701498,0.0,[56],33.0,0.0,0.0,"[0.0, 0.0]",0.0,0.5439055760701498,0.1,0.0,0.0,"[0.0, 0.0]",0.1,0.0,"[0.0, 0.0]",0.0,valid
0.5771578029642546,"[0.7306015693112468, 0.4237140366172624]",0.0,4.0,0.5393948658652927,0.0,[56],34.0,0.0,0.030397122209495364,"[0.0064308681672025315, 0.0543633762517882]",0.0,0.5393948658652927,0.1,0.0,0.4494720965309201,"[0.15384615384615383, 0.7450980392156863]",0.1,0.015747455575425777,"[0.003284072249589491, 0.028210838901262063]",0.0,train
0.585,"[0.7566666666666667, 0.41333333333333333]",0.0,4.0,0.5483001073201498,0.0,[56],34.0,0.0,0.0,"[0.0, 0.0]",0.0,0.5483001073201498,0.1,0.0,0.0,"[0.0, 0.0]",0.1,0.0,"[0.0, 0.0]",0.0,valid
0.5732345248474281,"[0.7297297297297297, 0.4167393199651264]",0.0,4.0,0.5391690471897954,0.0,[56],35.0,0.0,0.02835702677973965,"[0.02208201892744472, 0.034632034632034576]",0.0,0.5391690471897954,0.1,0.0,0.4476923076923077,"[0.28, 0.6153846153846154]",0.1,0.014655812405601208,"[0.011494252873563218, 0.017817371937639197]",0.0,train
0.5816666666666667,"[0.75, 0.41333333333333333]",0.0,4.0,0.5549748738606771,0.0,[56],35.0,0.0,0.0,"[0.0, 0.0]",0.0,0.5549748738606771,0.1,0.0,0.0,"[0.0, 0.0]",0.1,0.0,"[0.0, 0.0]",0.0,valid
0.5738884045335658,"[0.7301656495204882, 0.4176111595466434]",0.0,4.0,0.5400072932243347,0.0,[56],36.0,0.0,0.02511157379957617,"[0.01275917065390744, 0.0374639769452449]",0.0,0.5400072932243347,0.1,0.0,0.4281842818428184,"[0.2222222222222222, 0.6341463414634146]",0.1,0.012935148715810722,"[0.006568144499178982, 0.019302152932442463]",0.0,train
0.585,"[0.7566666666666667, 0.41333333333333333]",0.0,4.0,0.5640247265497843,0.0,[56],36.0,0.0,0.0,"[0.0, 0.0]",0.0,0.5640247265497843,0.1,0.0,0.0,"[0.0, 0.0]",0.1,0.0,"[0.0, 0.0]",0.0,valid
0.5701830863121186,"[0.7301656495204882, 0.41020052310374894]",0.0,4.0,0.541326333647189,0.0,[56],37.0,0.0,0.01121027287319418,"[0.0064205457463884, 0.015999999999999962]",0.0,0.541326333647189,0.1,0.0,0.26785714285714285,"[0.14285714285714285, 0.39285714285714285]",0.1,0.005725183860503728,"[0.003284072249589491, 0.008166295471417966]",0.0,train
0.585,"[0.7566666666666667, 0.41333333333333333]",0.0,4.0,0.5545961856842041,0.0,[56],37.0,0.0,0.0,"[0.0, 0.0]",0.0,0.5545961856842041,0.1,0.0,0.0,"[0.0, 0.0]",0.1,0.0,"[0.0, 0.0]",0.0,valid
0.5734524847428073,"[0.7279860505666957, 0.4189189189189189]",0.0,4.0,0.5418199637661809,0.0,[56],38.0,0.0,0.024720966067827702,"[0.006369426751592298, 0.043072505384063105]",0.0,0.5418199637661809,0.1,0.0,0.37871853546910755,"[0.10526315789473684, 0.6521739130434783]",0.1,0.012777893585819244,"[0.003284072249589491, 0.022271714922048998]",0.0,train
0.5833333333333333,"[0.7533333333333333, 0.41333333333333333]",0.0,4.0,0.547071248292923,0.0,[56],38.0,0.0,0.0,"[0.0, 0.0]",0.0,0.547071248292923,0.1,0.0,0.0,"[0.0, 0.0]",0.1,0.0,"[0.0, 0.0]",0.0,valid
0.5765039232781168,"[0.7323452484742807, 0.42066259808195294]",0.0,4.0,0.5428381225337153,0.0,[56],39.0,0.0,0.0338961157723874,"[0.009677419354838675, 0.05811481218993613]",0.0,0.5428381225337153,0.1,0.0,0.45667613636363635,"[0.2727272727272727, 0.640625]",0.1,0.0176820593839256,"[0.0049261083743842365, 0.030438010393466965]",0.0,train
0.575,"[0.7366666666666667, 0.41333333333333333]",0.0,4.0,0.5579361120859782,0.0,[56],39.0,0.0,0.0,"[0.0, 0.0]",0.0,0.5579361120859782,0.1,0.0,0.0,"[0.0, 0.0]",0.1,0.0,"[0.0, 0.0]",0.0,valid
0.5734524847428073,"[0.7301656495204882, 0.4167393199651264]",0.0,4.0,0.5403821442438208,0.0,[56],40.0,0.0,0.017900436681222664,"[0.00959999999999995, 0.02620087336244538]",0.0,0.5403821442438208,0.1,0.0,0.4270833333333333,"[0.1875, 0.6666666666666666]",0.1,0.009144568663806817,"[0.0049261083743842365, 0.013363028953229399]",0.0,train
0.5800000000000001,"[0.7466666666666667, 0.41333333333333333]",0.0,4.0,0.5494376619656881,0.0,[56],40.0,0.0,0.0,"[0.0, 0.0]",0.0,0.5494376619656881,0.1,0.0,0.0,"[0.0, 0.0]",0.1,0.0,"[0.0, 0.0]",0.0,valid
0.5730165649520489,"[0.7310374891020053, 0.4149956408020924]",0.0,4.0,0.5397638069546741,0.0,[56],41.0,0.0,0.016460241915322586,"[0.00963081861958262, 0.02328966521106255]",0.0,0.5397638069546741,0.1,0.0,0.4034391534391534,"[0.21428571428571425, 0.5925925925925926]",0.1,0.008402178166405185,"[0.0049261083743842365, 0.011878247958426132]",0.0,train
0.5800000000000001,"[0.7466666666666667, 0.41333333333333333]",0.0,4.0,0.549839456876119,0.0,[56],41.0,0.0,0.0,"[0.0, 0.0]",0.0,0.549839456876119,0.1,0.0,0.0,"[0.0, 0.0]",0.1,0.0,"[0.0, 0.0]",0.0,valid
0.5791194420226679,"[0.7349607672188317, 0.4232781168265039]",0.0,4.0,0.5379498212233834,0.0,[56],42.0,0.0,0.05062898365650652,"[0.03492063492063486, 0.06633733239237817]",0.0,0.5379498212233834,0.1,0.0,0.5976190476190476,"[0.5238095238095238, 0.6714285714285714]",0.1,0.026477375375309482,"[0.0180623973727422, 0.034892353377876766]",0.0,train
0.585,"[0.7566666666666667, 0.41333333333333333]",0.0,4.0,0.5550420085589091,0.0,[56],42.0,0.0,0.0,"[0.0, 0.0]",0.0,0.5550420085589091,0.1,0.0,0.0,"[0.0, 0.0]",0.1,0.0,"[0.0, 0.0]",0.0,valid
0.5758500435919791,"[0.7319093286835222, 0.4197907585004359]",0.0,4.0,0.5395352788593458,0.0,[56],43.0,0.0,0.029381265918352963,"[0.025356576862123545, 0.03340595497458238]",0.0,0.5395352788593458,0.1,0.0,0.5651515151515152,"[0.36363636363636365, 0.7666666666666667]",0.1,0.015105635219297763,"[0.013136288998357963, 0.017074981440237565]",0.0,train
0.585,"[0.7566666666666667, 0.41333333333333333]",0.0,4.0,0.5662411252657572,0.0,[56],43.0,0.0,0.0,"[0.0, 0.0]",0.0,0.5662411252657572,0.1,0.0,0.0,"[0.0, 0.0]",0.1,0.0,"[0.0, 0.0]",0.0,valid
0.5714908456843941,"[0.7310374891020053, 0.4119442022667829]",0.0,4.0,0.5416480989559836,0.0,[56],44.0,0.0,0.024340258121329547,"[0.02834645669291331, 0.02033405954974578]",0.0,0.5416480989559836,0.1,0.0,0.4064102564102564,"[0.34615384615384615, 0.4666666666666667]",0.1,0.012585896043387787,"[0.014778325123152709, 0.010393466963622866]",0.0,train
0.5833333333333333,"[0.7533333333333333, 0.41333333333333333]",0.0,4.0,0.5491554339726766,0.0,[56],44.0,0.0,0.0,"[0.0, 0.0]",0.0,0.5491554339726766,0.1,0.0,0.0,"[0.0, 0.0]",0.1,0.0,"[0.0, 0.0]",0.0,valid
0.5751961639058414,"[0.7327811682650393, 0.4176111595466434]",0.0,4.0,0.5387295704820881,0.0,[56],45.0,0.0,0.029896262794791482,"[0.022328548644338062, 0.0374639769452449]",0.0,0.5387295704820881,0.1,0.0,0.5115176151761518,"[0.3888888888888889, 0.6341463414634146]",0.1,0.01539820290300284,"[0.011494252873563218, 0.019302152932442463]",0.0,train
0.585,"[0.7566666666666667, 0.41333333333333333]",0.0,4.0,0.5407403111457825,0.0,[56],45.0,0.0,0.0,"[0.0, 0.0]",0.0,0.5407403111457825,0.1,0.0,0.0,"[0.0, 0.0]",0.1,0.0,"[0.0, 0.0]",0.0,valid
0.574106364428945,"[0.7314734088927637, 0.4167393199651264]",0.0,4.0,0.5391939774803494,0.0,[56],46.0,0.0,0.017033945986496588,"[0.006451612903225772, 0.0276162790697674]",0.0,0.5391939774803494,0.1,0.0,0.4184952978056426,"[0.1818181818181818, 0.6551724137931034]",0.1,0.008694745850110262,"[0.003284072249589491, 0.014105419450631032]",0.0,train
0.585,"[0.7566666666666667, 0.41333333333333333]",0.0,4.0,0.5695342620213827,0.0,[56],46.0,0.0,0.0,"[0.0, 0.0]",0.0,0.5695342620213827,0.1,0.0,0.0,"[0.0, 0.0]",0.1,0.0,"[0.0, 0.0]",0.0,valid
0.5769398430688754,"[0.7284219703574543, 0.42545771578029645]",0.0,4.0,0.5406951230505238,0.0,[56],47.0,0.0,0.02995720399429383,"[0.0, 0.05991440798858766]",0.0,0.5406951230505238,0.1,0.0,0.38181818181818183,"[0.0, 0.7636363636363637]",0.1,0.015590200445434299,"[0.0, 0.031180400890868598]",0.0,train
0.5800000000000001,"[0.7466666666666667, 0.41333333333333333]",0.0,4.0,0.5580112934112549,0.0,[56],47.0,0.0,0.0,"[0.0, 0.0]",0.0,0.5580112934112549,0.1,0.0,0.0,"[0.0, 0.0]",0.1,0.0,"[0.0, 0.0]",0.0,valid
0.5762859633827375,"[0.7323452484742807, 0.4202266782911944]",0.0,4.0,0.5389700817025226,0.0,[56],48.0,0.0,0.024818979767642153,"[0.006472491909385084, 0.04316546762589922]",0.0,0.5389700817025226,0.1,0.0,0.4599483204134367,"[0.22222222222222218, 0.6976744186046512]",0.1,0.012777893585819244,"[0.003284072249589491, 0.022271714922048998]",0.0,train
0.585,"[0.7566666666666667, 0.41333333333333333]",0.0,4.0,0.5608309507369995,0.0,[56],48.0,0.0,0.0,"[0.0, 0.0]",0.0,0.5608309507369995,0.1,0.0,0.0,"[0.0, 0.0]",0.1,0.0,"[0.0, 0.0]",0.0,valid
0.5732345248474281,"[0.7306015693112468, 0.41586748038360943]",0.0,4.0,0.5379181063693502,0.0,[56],49.0,0.0,0.013605346266636554,"[0.009615384615384569, 0.017595307917888537]",0.0,0.5379181063693502,0.1,0.0,0.45294117647058824,"[0.19999999999999998, 0.7058823529411765]",0.1,0.006917397171601917,"[0.0049261083743842365, 0.008908685968819599]",0.0,train
0.5733333333333333,"[0.7333333333333333, 0.41333333333333333]",0.0,4.0,0.5443823536237081,0.0,[56],49.0,0.0,0.0,"[0.0, 0.0]",0.0,0.5443823536237081,0.1,0.0,0.0,"[0.0, 0.0]",0.1,0.0,"[0.0, 0.0]",0.0,valid
0.5773757628596339,"[0.7327811682650393, 0.4219703574542284]",0.0,4.0,0.5367288835670637,0.0,[56],50.0,0.0,0.03274341371419366,"[0.003252032520325184, 0.06223479490806214]",0.0,0.5367288835670637,0.1,0.0,0.4116915422885572,"[0.16666666666666663, 0.6567164179104478]",0.1,0.017153609005233304,"[0.0016420361247947454, 0.032665181885671864]",0.0,train
0.5816666666666667,"[0.75, 0.41333333333333333]",0.0,4.0,0.5430848995844523,0.0,[56],50.0,0.0,0.012987012987012936,"[0.02597402597402587, 0.0]",0.0,0.5430848995844523,0.1,0.0,0.12499999999999997,"[0.24999999999999994, 0.0]",0.1,0.00684931506849315,"[0.0136986301369863, 0.0]",0.0,valid
0.5717088055797733,"[0.7301656495204882, 0.4132519616390584]",0.0,4.0,0.5390459791473721,0.0,[56],51.0,0.0,0.00965124163064663,"[0.0032206119162640524, 0.016081871345029208]",0.0,0.5390459791473721,0.1,0.0,0.3035714285714286,"[0.08333333333333331, 0.5238095238095238]",0.1,0.004904165798106356,"[0.0016420361247947454, 0.008166295471417966]",0.0,train
0.5833333333333333,"[0.7533333333333333, 0.41333333333333333]",0.0,4.0,0.5584417780240377,0.0,[56],51.0,0.0,0.0,"[0.0, 0.0]",0.0,0.5584417780240377,0.1,0.0,0.0,"[0.0, 0.0]",0.1,0.0,"[0.0, 0.0]",0.0,valid
0.5758500435919791,"[0.7336530078465562, 0.41804707933740193]",0.0,4.0,0.5352031627426976,0.0,[56],52.0,0.0,0.023815614716900423,"[0.012924071082390921, 0.034707158351409924]",0.0,0.5352031627426976,0.1,0.0,0.5333333333333332,"[0.3999999999999999, 0.6666666666666666]",0.1,0.01219275821840909,"[0.006568144499178982, 0.017817371937639197]",0.0,train
0.5833333333333333,"[0.7533333333333333, 0.41333333333333333]",0.0,4.0,0.5377743244171143,0.0,[56],52.0,0.0,0.0,"[0.0, 0.0]",0.0,0.5377743244171143,0.1,0.0,0.0,"[0.0, 0.0]",0.1,0.0,"[0.0, 0.0]",0.0,valid
0.5758500435919791,"[0.7327811682650393, 0.4189189189189189]",0.0,4.0,0.5372408719166465,0.0,[56],53.0,0.0,0.025404393261913818,"[0.016051364365971064, 0.03475742215785657]",0.0,0.5372408719166465,0.1,0.0,0.5315126050420168,"[0.3571428571428571, 0.7058823529411765]",0.1,0.013013776280806463,"[0.008210180623973728, 0.017817371937639197]",0.0,train
0.585,"[0.7566666666666667, 0.41333333333333333]",0.0,4.0,0.5507302582263947,0.0,[56],53.0,0.0,0.0,"[0.0, 0.0]",0.0,0.5507302582263947,0.1,0.0,0.0,"[0.0, 0.0]",0.1,0.0,"[0.0, 0.0]",0.0,valid
0.5708369659982563,"[0.7297297297297297, 0.4119442022667829]",0.0,4.0,0.5393432301023732,0.0,[56],54.0,0.0,0.012953186810114625,"[0.012738853503184655, 0.013167520117044595]",0.0,0.5393432301023732,0.1,0.0,0.3302631578947368,"[0.21052631578947367, 0.45]",0.1,0.006624829487896841,"[0.006568144499178982, 0.0066815144766146995]",0.0,train
0.5800000000000001,"[0.7466666666666667, 0.41333333333333333]",0.0,4.0,0.5492223302523295,0.0,[56],54.0,0.0,0.0,"[0.0, 0.0]",0.0,0.5492223302523295,0.1,0.0,0.0,"[0.0, 0.0]",0.1,0.0,"[0.0, 0.0]",0.0,valid
0.5760680034873583,"[0.7327811682650393, 0.41935483870967744]",0.0,4.0,0.5365353110043899,0.0,[56],55.0,0.0,0.027304533185046116,"[0.012882447665056324, 0.04172661870503591]",0.0,0.5365353110043899,0.1,0.0,0.5038759689922481,"[0.33333333333333326, 0.6744186046511628]",0.1,0.014048734461913173,"[0.006568144499178982, 0.021529324424647365]",0.0,train
0.5816666666666667,"[0.7433333333333333, 0.42]",0.0,4.0,0.5294177333513895,0.0,[56],55.0,0.0,0.02197802197802195,"[0.0, 0.0439560439560439]",0.0,0.5294177333513895,0.1,0.0,0.33333333333333326,"[0.0, 0.6666666666666665]",0.1,0.011363636363636364,"[0.0, 0.022727272727272728]",0.0,valid
0.5754141238012206,"[0.7306015693112468, 0.4202266782911944]",0.0,4.0,0.5395200420980868,0.0,[56],56.0,0.0,0.0311609686609686,"[0.009615384615384569, 0.05270655270655263]",0.0,0.5395200420980868,0.1,0.0,0.4245614035087719,"[0.19999999999999998, 0.6491228070175439]",0.1,0.016197278389122334,"[0.0049261083743842365, 0.02746844840386043]",0.0,train
0.5866666666666667,"[0.7566666666666667, 0.4166666666666667]",0.0,4.0,0.5497153202692667,0.0,[56],56.0,0.0,0.011173184357541884,"[0.0, 0.02234636871508377]",0.0,0.5497153202692667,0.1,0.0,0.33333333333333326,"[0.0, 0.6666666666666665]",0.1,0.005681818181818182,"[0.0, 0.011363636363636364]",0.0,valid
0.5771578029642546,"[0.7327811682650393, 0.42153443766346993]",0.0,4.0,0.5403584164121876,0.0,[56],57.0,0.0,0.04333155305692191,"[0.01919999999999995, 0.06746310611384387]",0.0,0.5403584164121876,0.1,0.0,0.5032894736842105,"[0.375, 0.631578947368421]",0.1,0.022743480312023435,"[0.009852216748768473, 0.035634743875278395]",0.0,train
0.5816666666666667,"[0.75, 0.41333333333333333]",0.0,4.0,0.5503748456637064,0.0,[56],57.0,0.0,0.0,"[0.0, 0.0]",0.0,0.5503748456637064,0.1,0.0,0.0,"[0.0, 0.0]",0.1,0.0,"[0.0, 0.0]",0.0,valid
0.5743243243243243,"[0.7332170880557978, 0.4154315605928509]",0.0,4.0,0.5381040922973467,0.0,[56],58.0,0.0,0.009869269803044617,"[0.006493506493506471, 0.013245033112582764]",0.0,0.5381040922973467,0.1,0.0,0.5178571428571428,"[0.2857142857142857, 0.7499999999999999]",0.1,0.004982793363102095,"[0.003284072249589491, 0.0066815144766146995]",0.0,train
0.5766666666666667,"[0.74, 0.41333333333333333]",0.0,4.0,0.5429885983467102,0.0,[56],58.0,0.0,0.0,"[0.0, 0.0]",0.0,0.5429885983467102,0.1,0.0,0.0,"[0.0, 0.0]",0.1,0.0,"[0.0, 0.0]",0.0,valid
0.5754141238012206,"[0.7336530078465562, 0.41717523975588494]",0.0,4.0,0.5391743442286616,0.0,[56],59.0,0.0,0.02241985183625973,"[0.003262642740619889, 0.04157706093189957]",0.0,0.5391743442286616,0.1,0.0,0.42708333333333326,"[0.24999999999999994, 0.6041666666666666]",0.1,0.011585680274721056,"[0.0016420361247947454, 0.021529324424647365]",0.0,train
0.5816666666666667,"[0.75, 0.41333333333333333]",0.0,4.0,0.5510403116544088,0.0,[56],59.0,0.0,0.0,"[0.0, 0.0]",0.0,0.5510403116544088,0.1,0.0,0.0,"[0.0, 0.0]",0.1,0.0,"[0.0, 0.0]",0.0,valid
0.5749782040104621,"[0.7323452484742807, 0.4176111595466434]",0.0,4.0,0.5378466974134031,0.0,[56],60.0,0.0,0.020577286417120262,"[0.006472491909385084, 0.03468208092485544]",0.0,0.5378466974134031,0.1,0.0,0.43543543543543545,"[0.22222222222222218, 0.6486486486486487]",0.1,0.010550722093614344,"[0.003284072249589491, 0.017817371937639197]",0.0,train
0.585,"[0.7566666666666667, 0.41333333333333333]",0.0,4.0,0.5658921996752421,0.0,[56],60.0,0.0,0.0,"[0.0, 0.0]",0.0,0.5658921996752421,0.1,0.0,0.0,"[0.0, 0.0]",0.1,0.0,"[0.0, 0.0]",0.0,valid
0.5738884045335658,"[0.7314734088927637, 0.4163034001743679]",0.0,4.0,0.5396825062192004,0.0,[56],61.0,0.0,0.02107812953819339,"[0.015974440894568637, 0.026181818181818143]",0.0,0.5396825062192004,0.1,0.0,0.4684873949579832,"[0.29411764705882354, 0.6428571428571429]",0.1,0.010786604788601564,"[0.008210180623973728, 0.013363028953229399]",0.0,train
0.5816666666666667,"[0.75, 0.41333333333333333]",0.0,4.0,0.5425578554471334,0.0,[56],61.0,0.0,0.0,"[0.0, 0.0]",0.0,0.5425578554471334,0.1,0.0,0.0,"[0.0, 0.0]",0.1,0.0,"[0.0, 0.0]",0.0,valid
0.5712728857890148,"[0.7288578901482128, 0.41368788142981694]",0.0,4.0,0.5394514280816783,0.0,[56],62.0,0.0,0.02202131478521724,"[0.02507836990595603, 0.01896425966447845]",0.0,0.5394514280816783,0.1,0.0,0.40876436781609193,"[0.27586206896551724, 0.5416666666666666]",0.1,0.011393682732289597,"[0.013136288998357963, 0.009651076466221232]",0.0,train
0.5833333333333333,"[0.7533333333333333, 0.41333333333333333]",0.0,4.0,0.5543375809987386,0.0,[56],62.0,0.0,0.0,"[0.0, 0.0]",0.0,0.5543375809987386,0.1,0.0,0.0,"[0.0, 0.0]",0.1,0.0,"[0.0, 0.0]",0.0,valid
0.5743243243243243,"[0.7332170880557978, 0.4154315605928509]",0.0,4.0,0.5382869528687518,0.0,[56],63.0,0.0,0.017513141029409998,"[0.0032573289902279967, 0.031768953068592]",0.0,0.5382869528687518,0.1,0.0,0.3894736842105263,"[0.19999999999999996, 0.5789473684210527]",0.1,0.00898731353381534,"[0.0016420361247947454, 0.016332590942835932]",0.0,train
0.585,"[0.7566666666666667, 0.41333333333333333]",0.0,4.0,0.5650873780250549,0.0,[56],63.0,0.0,0.0,"[0.0, 0.0]",0.0,0.5650873780250549,0.1,0.0,0.0,"[0.0, 0.0]",0.1,0.0,"[0.0, 0.0]",0.0,valid
0.5749782040104621,"[0.7297297297297297, 0.4202266782911944]",0.0,4.0,0.5395158062810483,0.0,[56],64.0,0.0,0.022501088799725667,"[0.0032154340836012454, 0.041786743515850086]",0.0,0.5395158062810483,0.1,0.0,0.39212007504690427,"[0.07692307692307691, 0.7073170731707317]",0.1,0.011585680274721056,"[0.0016420361247947454, 0.021529324424647365]",0.0,train
0.5833333333333333,"[0.7533333333333333, 0.41333333333333333]",0.0,4.0,0.5551513036092123,0.0,[56],64.0,0.0,0.0,"[0.0, 0.0]",0.0,0.5551513036092123,0.1,0.0,0.0,"[0.0, 0.0]",0.1,0.0,"[0.0, 0.0]",0.0,valid
0.5745422842197035,"[0.7319093286835222, 0.41717523975588494]",0.0,4.0,0.5388182971788489,0.0,[56],65.0,0.0,0.014020453785108737,"[0.003241491085899488, 0.024799416484317986]",0.0,0.5388182971788489,0.1,0.0,0.4166666666666667,"[0.12499999999999997, 0.7083333333333334]",0.1,0.007131337290311256,"[0.0016420361247947454, 0.012620638455827766]",0.0,train
0.5816666666666667,"[0.75, 0.41333333333333333]",0.0,4.0,0.5493617753187815,0.0,[56],65.0,0.0,0.012987012987012936,"[0.02597402597402587, 0.0]",0.0,0.5493617753187815,0.1,0.0,0.12499999999999997,"[0.24999999999999994, 0.0]",0.1,0.00684931506849315,"[0.0136986301369863, 0.0]",0.0,valid
0.5736704446381866,"[0.7332170880557978, 0.4141238012205754]",0.0,4.0,0.5381833885027014,0.0,[56],66.0,0.0,0.018398268398268358,"[0.006493506493506471, 0.03030303030303025]",0.0,0.5381833885027014,0.1,0.0,0.41208791208791207,"[0.2857142857142857, 0.5384615384615384]",0.1,0.009437136347511895,"[0.003284072249589491, 0.015590200445434299]",0.0,train
0.585,"[0.7566666666666667, 0.41333333333333333]",0.0,4.0,0.5619022846221924,0.0,[56],66.0,0.0,0.0,"[0.0, 0.0]",0.0,0.5619022846221924,0.1,0.0,0.0,"[0.0, 0.0]",0.1,0.0,"[0.0, 0.0]",0.0,valid
0.5762859633827375,"[0.7319093286835222, 0.42066259808195294]",0.0,4.0,0.5375920754411946,0.0,[56],67.0,0.0,0.033695931477516,"[0.015999999999999952, 0.05139186295503205]",0.0,0.5375920754411946,0.1,0.0,0.4895833333333333,"[0.3125, 0.6666666666666666]",0.1,0.017468119265216263,"[0.008210180623973728, 0.026726057906458798]",0.0,train
0.5800000000000001,"[0.7466666666666667, 0.41333333333333333]",0.0,4.0,0.5494269331296285,0.0,[56],67.0,0.0,0.0,"[0.0, 0.0]",0.0,0.5494269331296285,0.1,0.0,0.0,"[0.0, 0.0]",0.1,0.0,"[0.0, 0.0]",0.0,valid
0.5727986050566696,"[0.7297297297297297, 0.41586748038360943]",0.0,4.0,0.5392125443271969,0.0,[56],68.0,0.0,0.013439046333783138,"[0.006410256410256363, 0.020467836257309913]",0.0,0.5392125443271969,0.1,0.0,0.39999999999999997,"[0.1333333333333333, 0.6666666666666666]",0.1,0.006838769606606178,"[0.003284072249589491, 0.010393466963622866]",0.0,train
0.5816666666666667,"[0.75, 0.41333333333333333]",0.0,4.0,0.5512652198473612,0.0,[56],68.0,0.0,0.0,"[0.0, 0.0]",0.0,0.5512652198473612,0.1,0.0,0.0,"[0.0, 0.0]",0.1,0.0,"[0.0, 0.0]",0.0,valid
0.5727986050566696,"[0.7327811682650393, 0.4128160418482999]",0.0,4.0,0.5387819409370422,0.0,[56],69.0,0.0,0.0067692932623668435,"[0.003252032520325184, 0.010286554004408503]",0.0,0.5387819409370422,0.1,0.0,0.33333333333333326,"[0.16666666666666663, 0.49999999999999994]",0.1,0.003419384803303089,"[0.0016420361247947454, 0.005196733481811433]",0.0,train
0.5816666666666667,"[0.75, 0.41333333333333333]",0.0,4.0,0.543870727221171,0.0,[56],69.0,0.0,0.0,"[0.0, 0.0]",0.0,0.543870727221171,0.1,0.0,0.0,"[0.0, 0.0]",0.1,0.0,"[0.0, 0.0]",0.0,valid
0.5751961639058413,"[0.7336530078465562, 0.4167393199651264]",0.0,4.0,0.5373397935991702,0.0,[56],70.0,0.0,0.011678832116788305,"[0.0, 0.02335766423357661]",0.0,0.5373397935991702,0.1,0.0,0.34782608695652173,"[0.0, 0.6956521739130435]",0.1,0.005939123979213066,"[0.0, 0.011878247958426132]",0.0,train
0.5833333333333333,"[0.7533333333333333, 0.41333333333333333]",0.0,4.0,0.5404279033342997,0.0,[56],70.0,0.0,0.0,"[0.0, 0.0]",0.0,0.5404279033342997,0.1,0.0,0.0,"[0.0, 0.0]",0.1,0.0,"[0.0, 0.0]",0.0,valid
0.576721883173496,"[0.7323452484742807, 0.4210985178727114]",0.0,4.0,0.5394568754279095,0.0,[56],71.0,0.0,0.03416913274757235,"[0.012861736334405105, 0.0554765291607396]",0.0,0.5394568754279095,0.1,0.0,0.48435462842242505,"[0.30769230769230765, 0.6610169491525424]",0.1,0.01776068694892134,"[0.006568144499178982, 0.028953229398663696]",0.0,train
0.5783333333333334,"[0.7433333333333333, 0.41333333333333333]",0.0,4.0,0.5481632550557455,0.0,[56],71.0,0.0,0.0,"[0.0, 0.0]",0.0,0.5481632550557455,0.1,0.0,0.0,"[0.0, 0.0]",0.1,0.0,"[0.0, 0.0]",0.0,valid
0.5738884045335658,"[0.7310374891020053, 0.4167393199651264]",0.0,4.0,0.5399531514748283,0.0,[56],72.0,0.0,0.018790670553935816,"[0.01279999999999995, 0.024781341107871686]",0.0,0.5399531514748283,0.1,0.0,0.465,"[0.25, 0.68]",0.1,0.009594391477503374,"[0.006568144499178982, 0.012620638455827766]",0.0,train
0.5816666666666667,"[0.75, 0.41333333333333333]",0.0,4.0,0.5456969738006592,0.0,[56],72.0,0.0,0.0,"[0.0, 0.0]",0.0,0.5456969738006592,0.1,0.0,0.0,"[0.0, 0.0]",0.1,0.0,"[0.0, 0.0]",0.0,valid
0.5771578029642546,"[0.7319093286835222, 0.4224062772449869]",0.0,4.0,0.53799383925355,0.0,[56],73.0,0.0,0.03766531151620554,"[0.006462035541195444, 0.06886858749121563]",0.0,0.53799383925355,0.1,0.0,0.42236842105263156,"[0.19999999999999996, 0.6447368421052632]",0.1,0.019830603311134763,"[0.003284072249589491, 0.03637713437268003]",0.0,train
0.5816666666666667,"[0.7533333333333333, 0.41]",0.0,4.0,0.5409908294677734,0.0,[56],73.0,0.0,0.0,"[0.0, 0.0]",0.0,0.5409908294677734,0.1,0.0,0.0,"[0.0, 0.0]",0.1,0.0,"[0.0, 0.0]",0.0,valid
0.5721447253705318,"[0.7327811682650393, 0.4115082824760244]",0.0,4.0,0.5396056499170221,0.0,[56],74.0,0.0,0.006031302603774916,"[0.003252032520325184, 0.008810572687224648]",0.0,0.5396056499170221,0.1,0.0,0.2833333333333333,"[0.16666666666666663, 0.39999999999999997]",0.1,0.0030481895546022723,"[0.0016420361247947454, 0.004454342984409799]",0.0,train
0.5833333333333333,"[0.7533333333333333, 0.41333333333333333]",0.0,4.0,0.547778864701589,0.0,[56],74.0,0.0,0.0,"[0.0, 0.0]",0.0,0.547778864701589,0.1,0.0,0.0,"[0.0, 0.0]",0.1,0.0,"[0.0, 0.0]",0.0,valid
0.574106364428945,"[0.7314734088927637, 0.4167393199651264]",0.0,4.0,0.5369490903356801,0.0,[56],75.0,0.0,0.012583035258048002,"[0.0032362459546925277, 0.021929824561403476]",0.0,0.5369490903356801,0.1,0.0,0.4126984126984127,"[0.11111111111111109, 0.7142857142857143]",0.1,0.006388946792909622,"[0.0016420361247947454, 0.011135857461024499]",0.0,train
0.585,"[0.7566666666666667, 0.41333333333333333]",0.0,4.0,0.5479471484820048,0.0,[56],75.0,0.0,0.0,"[0.0, 0.0]",0.0,0.5479471484820048,0.1,0.0,0.0,"[0.0, 0.0]",0.1,0.0,"[0.0, 0.0]",0.0,valid
0.5743243243243243,"[0.7319093286835222, 0.4167393199651264]",0.0,4.0,0.5400720588538958,0.0,[56],76.0,0.0,0.018639057409279815,"[0.009661835748792232, 0.0276162790697674]",0.0,0.5400720588538958,0.1,0.0,0.4525862068965517,"[0.24999999999999997, 0.6551724137931034]",0.1,0.009515763912507634,"[0.0049261083743842365, 0.014105419450631032]",0.0,train
0.5833333333333333,"[0.7533333333333333, 0.41333333333333333]",0.0,4.0,0.5460849404335022,0.0,[56],76.0,0.0,0.0,"[0.0, 0.0]",0.0,0.5460849404335022,0.1,0.0,0.0,"[0.0, 0.0]",0.1,0.0,"[0.0, 0.0]",0.0,valid
0.5767218831734962,"[0.7332170880557978, 0.4202266782911944]",0.0,4.0,0.5384592387987219,0.0,[56],77.0,0.0,0.02594912229196661,"[0.0032573289902279967, 0.048640915593705224]",0.0,0.5384592387987219,0.1,0.0,0.4333333333333333,"[0.19999999999999996, 0.6666666666666666]",0.1,0.01344165651822514,"[0.0016420361247947454, 0.025241276911655532]",0.0,train
0.5833333333333333,"[0.7533333333333333, 0.41333333333333333]",0.0,4.0,0.5613670349121094,0.0,[56],77.0,0.0,0.0,"[0.0, 0.0]",0.0,0.5613670349121094,0.1,0.0,0.0,"[0.0, 0.0]",0.1,0.0,"[0.0, 0.0]",0.0,valid
0.5736704446381866,"[0.7332170880557978, 0.4141238012205754]",0.0,4.0,0.5356972049111905,0.0,[56],78.0,0.0,0.00805270863836016,"[0.0, 0.01610541727672032]",0.0,0.5356972049111905,0.1,0.0,0.2894736842105263,"[0.0, 0.5789473684210527]",0.1,0.004083147735708983,"[0.0, 0.008166295471417966]",0.0,train
0.5833333333333333,"[0.7533333333333333, 0.41333333333333333]",0.0,4.0,0.5547091762224833,0.0,[56],78.0,0.0,0.0,"[0.0, 0.0]",0.0,0.5547091762224833,0.1,0.0,0.0,"[0.0, 0.0]",0.1,0.0,"[0.0, 0.0]",0.0,valid
0.572362685265911,"[0.7319093286835222, 0.4128160418482999]",0.0,4.0,0.5372961020987966,0.0,[56],79.0,0.0,0.01688466694434426,"[0.019138755980861188, 0.01463057790782733]",0.0,0.5372961020987966,0.1,0.0,0.41666666666666663,"[0.3333333333333333, 0.5]",0.1,0.008638060861392403,"[0.009852216748768473, 0.007423904974016332]",0.0,train
0.585,"[0.7566666666666667, 0.41333333333333333]",0.0,4.0,0.5537663896878561,0.0,[56],79.0,0.0,0.0,"[0.0, 0.0]",0.0,0.5537663896878561,0.1,0.0,0.0,"[0.0, 0.0]",0.1,0.0,"[0.0, 0.0]",0.0,valid
0.5760680034873583,"[0.7323452484742807, 0.4197907585004359]",0.0,4.0,0.5386940823948901,0.0,[56],80.0,0.0,0.022035956728372923,"[0.006472491909385084, 0.03759942154736076]",0.0,0.5386940823948901,0.1,0.0,0.4722222222222222,"[0.22222222222222218, 0.7222222222222222]",0.1,0.011293112591015977,"[0.003284072249589491, 0.019302152932442463]",0.0,train
0.5716666666666667,"[0.73, 0.41333333333333333]",0.0,4.0,0.5455270210901896,0.0,[56],80.0,0.0,0.0,"[0.0, 0.0]",0.0,0.5455270210901896,0.1,0.0,0.0,"[0.0, 0.0]",0.1,0.0,"[0.0, 0.0]",0.0,valid
0.5754141238012206,"[0.7314734088927637, 0.41935483870967744]",0.0,4.0,0.536721232144729,0.0,[56],81.0,0.0,0.02061711079943895,"[0.006451612903225772, 0.034782608695652126]",0.0,0.536721232144729,0.1,0.0,0.45454545454545453,"[0.1818181818181818, 0.7272727272727273]",0.1,0.010550722093614344,"[0.003284072249589491, 0.017817371937639197]",0.0,train
0.585,"[0.7566666666666667, 0.41333333333333333]",0.0,4.0,0.5457689166069031,0.0,[56],81.0,0.0,0.0,"[0.0, 0.0]",0.0,0.5457689166069031,0.1,0.0,0.0,"[0.0, 0.0]",0.1,0.0,"[0.0, 0.0]",0.0,valid
0.5765039232781168,"[0.7340889276373147, 0.4189189189189189]",0.0,4.0,0.5360199653584025,0.0,[56],82.0,0.0,0.020848310567936703,"[0.0, 0.041696621135873406]",0.0,0.5360199653584025,0.1,0.0,0.32954545454545453,"[0.0, 0.6590909090909091]",0.1,0.010764662212323682,"[0.0, 0.021529324424647365]",0.0,train
0.5766666666666667,"[0.74, 0.41333333333333333]",0.0,4.0,0.5604873100916544,0.0,[56],82.0,0.0,0.0,"[0.0, 0.0]",0.0,0.5604873100916544,0.1,0.0,0.0,"[0.0, 0.0]",0.1,0.0,"[0.0, 0.0]",0.0,valid
0.5727986050566696,"[0.7301656495204882, 0.4154315605928509]",0.0,4.0,0.5391475286172784,0.0,[56],83.0,0.0,0.02694292835104162,"[0.02211690363349124, 0.031768953068592]",0.0,0.5391475286172784,0.1,0.0,0.4353070175438597,"[0.2916666666666667, 0.5789473684210527]",0.1,0.013913421908199575,"[0.011494252873563218, 0.016332590942835932]",0.0,train
0.5833333333333333,"[0.7533333333333333, 0.41333333333333333]",0.0,4.0,0.5501336654027303,0.0,[56],83.0,0.0,0.0,"[0.0, 0.0]",0.0,0.5501336654027303,0.1,0.0,0.0,"[0.0, 0.0]",0.1,0.0,"[0.0, 0.0]",0.0,valid
0.5732345248474281,"[0.7332170880557978, 0.4132519616390584]",0.0,4.0,0.5367082318534022,0.0,[56],84.0,0.0,0.006775723318643402,"[0.0032573289902279967, 0.010294117647058806]",0.0,0.5367082318534022,0.1,0.0,0.3692307692307692,"[0.19999999999999996, 0.5384615384615384]",0.1,0.003419384803303089,"[0.0016420361247947454, 0.005196733481811433]",0.0,train
0.5816666666666667,"[0.75, 0.41333333333333333]",0.0,4.0,0.5506209929784139,0.0,[56],84.0,0.0,0.0,"[0.0, 0.0]",0.0,0.5506209929784139,0.1,0.0,0.0,"[0.0, 0.0]",0.1,0.0,"[0.0, 0.0]",0.0,valid
0.5719267654751525,"[0.7297297297297297, 0.4141238012205754]",0.0,4.0,0.5393758766029192,0.0,[56],85.0,0.0,0.013700805050712549,"[0.012738853503184655, 0.014662756598240444]",0.0,0.5393758766029192,0.1,0.0,0.3993808049535604,"[0.21052631578947367, 0.5882352941176471]",0.1,0.006996024736597657,"[0.006568144499178982, 0.007423904974016332]",0.0,train
0.585,"[0.7566666666666667, 0.41333333333333333]",0.0,4.0,0.5440429151058197,0.0,[56],85.0,0.0,0.0,"[0.0, 0.0]",0.0,0.5440429151058197,0.1,0.0,0.0,"[0.0, 0.0]",0.1,0.0,"[0.0, 0.0]",0.0,valid
0.5743243243243243,"[0.7332170880557978, 0.4154315605928509]",0.0,4.0,0.5356211364269257,0.0,[56],86.0,0.0,0.018979504246202303,"[0.01607717041800639, 0.021881838074398214]",0.0,0.5356211364269257,0.1,0.0,0.5048076923076923,"[0.3846153846153846, 0.625]",0.1,0.009673019042499113,"[0.008210180623973728, 0.011135857461024499]",0.0,train
0.585,"[0.7566666666666667, 0.41333333333333333]",0.0,4.0,0.5554240544637045,0.0,[56],86.0,0.0,0.0,"[0.0, 0.0]",0.0,0.5554240544637045,0.1,0.0,0.0,"[0.0, 0.0]",0.1,0.0,"[0.0, 0.0]",0.0,valid
0.5765039232781168,"[0.7349607672188317, 0.41804707933740193]",0.0,4.0,0.5380252405353214,0.0,[56],87.0,0.0,0.020331816762989348,"[0.012987012987012965, 0.027676620538965732]",0.0,0.5380252405353214,0.1,0.0,0.651098901098901,"[0.5714285714285714, 0.7307692307692307]",0.1,0.010336781974905007,"[0.006568144499178982, 0.014105419450631032]",0.0,train
0.5833333333333333,"[0.7533333333333333, 0.41333333333333333]",0.0,4.0,0.5493199427922567,0.0,[56],87.0,0.0,0.0,"[0.0, 0.0]",0.0,0.5493199427922567,0.1,0.0,0.0,"[0.0, 0.0]",0.1,0.0,"[0.0, 0.0]",0.0,valid
0.5725806451612904,"[0.7284219703574543, 0.4167393199651264]",0.0,4.0,0.5376037190789762,0.0,[56],88.0,0.0,0.018147796058185773,"[0.01579778830963658, 0.020497803806734965]",0.0,0.5376037190789762,0.1,0.0,0.4725877192982456,"[0.20833333333333334, 0.7368421052631579]",0.1,0.009301823793798297,"[0.008210180623973728, 0.010393466963622866]",0.0,train
0.585,"[0.7566666666666667, 0.41333333333333333]",0.0,4.0,0.5627988874912262,0.0,[56],88.0,0.0,0.0,"[0.0, 0.0]",0.0,0.5627988874912262,0.1,0.0,0.0,"[0.0, 0.0]",0.1,0.0,"[0.0, 0.0]",0.0,valid
0.5749782040104621,"[0.7327811682650393, 0.41717523975588494]",0.0,4.0,0.5380810499191284,0.0,[56],89.0,0.0,0.018469917481838568,"[0.006482982171799001, 0.030456852791878132]",0.0,0.5380810499191284,0.1,0.0,0.453125,"[0.24999999999999994, 0.65625]",0.1,0.009437136347511895,"[0.003284072249589491, 0.015590200445434299]",0.0,train
0.5816666666666667,"[0.75, 0.41333333333333333]",0.0,4.0,0.5476454099019369,0.0,[56],89.0,0.0,0.0,"[0.0, 0.0]",0.0,0.5476454099019369,0.1,0.0,0.0,"[0.0, 0.0]",0.1,0.0,"[0.0, 0.0]",0.0,valid
0.5719267654751525,"[0.7323452484742807, 0.4115082824760244]",0.0,4.0,0.5378672338050344,0.0,[56],90.0,0.0,0.011562832976586706,"[0.012861736334405105, 0.010263929618768305]",0.0,0.5378672338050344,0.1,0.0,0.35972850678733026,"[0.30769230769230765, 0.4117647058823529]",0.1,0.005882438990495207,"[0.006568144499178982, 0.005196733481811433]",0.0,train
0.585,"[0.7566666666666667, 0.41333333333333333]",0.0,4.0,0.5564097960789999,0.0,[56],90.0,0.0,0.0,"[0.0, 0.0]",0.0,0.5564097960789999,0.1,0.0,0.0,"[0.0, 0.0]",0.1,0.0,"[0.0, 0.0]",0.0,valid
0.5782476024411508,"[0.7340889276373147, 0.4224062772449869]",0.0,4.0,0.5375398915746937,0.0,[56],91.0,0.0,0.021213392294311944,"[0.003267973856209141, 0.03915881073241475]",0.0,0.5375398915746937,0.1,0.0,0.5885416666666666,"[0.33333333333333326, 0.84375]",0.1,0.010843289777319423,"[0.0016420361247947454, 0.0200445434298441]",0.0,train
0.5866666666666667,"[0.75, 0.42333333333333334]",0.0,4.0,0.5360457996527354,0.0,[56],91.0,0.0,0.016759776536312828,"[0.0, 0.033519553072625656]",0.0,0.5360457996527354,0.1,0.0,0.49999999999999983,"[0.0, 0.9999999999999997]",0.1,0.008522727272727272,"[0.0, 0.017045454545454544]",0.0,valid
0.5747602441150828,"[0.7319093286835222, 0.4176111595466434]",0.0,4.0,0.5402750411759252,0.0,[56],92.0,0.0,0.02311071688965458,"[0.003241491085899488, 0.04297994269340967]",0.0,0.5402750411759252,0.1,0.0,0.36862244897959184,"[0.12499999999999997, 0.6122448979591837]",0.1,0.011956875523421872,"[0.0016420361247947454, 0.022271714922048998]",0.0,train
0.5766666666666667,"[0.74, 0.41333333333333333]",0.0,4.0,0.547111451625824,0.0,[56],92.0,0.0,0.012499999999999921,"[0.024999999999999842, 0.0]",0.0,0.547111451625824,0.1,0.0,0.07142857142857142,"[0.14285714285714285, 0.0]",0.1,0.00684931506849315,"[0.0136986301369863, 0.0]",0.0,valid
0.5736704446381866,"[0.7292938099389712, 0.41804707933740193]",0.0,4.0,0.537925124168396,0.0,[56],93.0,0.0,0.026977211604894503,"[0.02204724409448811, 0.031907179115300895]",0.0,0.537925124168396,0.1,0.0,0.4783653846153846,"[0.2692307692307692, 0.6875]",0.1,0.013913421908199575,"[0.011494252873563218, 0.016332590942835932]",0.0,train
0.5833333333333333,"[0.7533333333333333, 0.41333333333333333]",0.0,4.0,0.545224150021871,0.0,[56],93.0,0.0,0.0,"[0.0, 0.0]",0.0,0.545224150021871,0.1,0.0,0.0,"[0.0, 0.0]",0.1,0.0,"[0.0, 0.0]",0.0,valid
0.5738884045335658,"[0.7323452484742807, 0.4154315605928509]",0.0,4.0,0.5377035037330959,0.0,[56],94.0,0.0,0.012746121594780311,"[0.006472491909385084, 0.019019751280175537]",0.0,0.5377035037330959,0.1,0.0,0.4361111111111111,"[0.22222222222222218, 0.65]",0.1,0.006467574357905361,"[0.003284072249589491, 0.009651076466221232]",0.0,train
0.585,"[0.7566666666666667, 0.41333333333333333]",0.0,4.0,0.5537871221701304,0.0,[56],94.0,0.0,0.0,"[0.0, 0.0]",0.0,0.5537871221701304,0.1,0.0,0.0,"[0.0, 0.0]",0.1,0.0,"[0.0, 0.0]",0.0,valid
0.573234524847428,"[0.7314734088927637, 0.4149956408020924]",0.0,4.0,0.5384528105673583,0.0,[56],95.0,0.0,0.013972774140136942,"[0.0032362459546925277, 0.024709302325581356]",0.0,0.5384528105673583,0.1,0.0,0.34865900383141757,"[0.11111111111111109, 0.5862068965517241]",0.1,0.007131337290311256,"[0.0016420361247947454, 0.012620638455827766]",0.0,train
0.5833333333333333,"[0.7533333333333333, 0.41333333333333333]",0.0,4.0,0.5427628854910532,0.0,[56],95.0,0.0,0.0,"[0.0, 0.0]",0.0,0.5427628854910532,0.1,0.0,0.0,"[0.0, 0.0]",0.1,0.0,"[0.0, 0.0]",0.0,valid
0.5745422842197035,"[0.7327811682650393, 0.4163034001743679]",0.0,4.0,0.5371054903320645,0.0,[56],96.0,0.0,0.01934978989012427,"[0.009693053311793183, 0.029006526468455352]",0.0,0.5371054903320645,0.1,0.0,0.46249999999999997,"[0.29999999999999993, 0.625]",0.1,0.00988695916120845,"[0.0049261083743842365, 0.014847809948032665]",0.0,train
0.5833333333333333,"[0.7533333333333333, 0.41333333333333333]",0.0,4.0,0.5464052160580953,0.0,[56],96.0,0.0,0.0,"[0.0, 0.0]",0.0,0.5464052160580953,0.1,0.0,0.0,"[0.0, 0.0]",0.1,0.0,"[0.0, 0.0]",0.0,valid
0.5749782040104621,"[0.7340889276373147, 0.41586748038360943]",0.0,4.0,0.5347079505091128,0.0,[56],97.0,0.0,0.011150824409802947,"[0.003267973856209141, 0.01903367496339675]",0.0,0.5347079505091128,0.1,0.0,0.5087719298245614,"[0.33333333333333326, 0.6842105263157895]",0.1,0.005646556295507988,"[0.0016420361247947454, 0.009651076466221232]",0.0,train
0.585,"[0.7566666666666667, 0.41333333333333333]",0.0,4.0,0.5470007558663686,0.0,[56],97.0,0.0,0.0,"[0.0, 0.0]",0.0,0.5470007558663686,0.1,0.0,0.0,"[0.0, 0.0]",0.1,0.0,"[0.0, 0.0]",0.0,valid
0.5736704446381866,"[0.7310374891020053, 0.4163034001743679]",0.0,4.0,0.5384406913881716,0.0,[56],98.0,0.0,0.022374277675563672,"[0.0032310177705977064, 0.04151753758052964]",0.0,0.5384406913881716,0.1,0.0,0.33999999999999997,"[0.09999999999999998, 0.58]",0.1,0.011585680274721056,"[0.0016420361247947454, 0.021529324424647365]",0.0,train
0.585,"[0.7566666666666667, 0.41333333333333333]",0.0,4.0,0.5504716833432516,0.0,[56],98.0,0.0,0.0,"[0.0, 0.0]",0.0,0.5504716833432516,0.1,0.0,0.0,"[0.0, 0.0]",0.1,0.0,"[0.0, 0.0]",0.0,valid
0.576721883173496,"[0.7319093286835222, 0.42153443766346993]",0.0,4.0,0.5366267004738683,0.0,[56],99.0,0.0,0.020474987747445734,"[0.003241491085899488, 0.03770848440899198]",0.0,0.5366267004738683,0.1,0.0,0.46875,"[0.12499999999999997, 0.8125]",0.1,0.010472094528618605,"[0.0016420361247947454, 0.019302152932442463]",0.0,train
0.5833333333333333,"[0.7533333333333333, 0.41333333333333333]",0.0,4.0,0.5408625801404318,0.0,[56],99.0,0.0,0.0,"[0.0, 0.0]",0.0,0.5408625801404318,0.1,0.0,0.0,"[0.0, 0.0]",0.1,0.0,"[0.0, 0.0]",0.0,valid
0.5745422842197035,"[0.7340889276373147, 0.4149956408020924]",0.0,4.0,0.5361823089744734,0.0,[56],100.0,0.0,0.011136910904712742,"[0.003267973856209141, 0.019005847953216342]",0.0,0.5361823089744734,0.1,0.0,0.47619047619047616,"[0.33333333333333326, 0.6190476190476191]",0.1,0.005646556295507988,"[0.0016420361247947454, 0.009651076466221232]",0.0,train
0.585,"[0.7566666666666667, 0.41333333333333333]",0.0,4.0,0.54923415184021,0.0,[56],100.0,0.0,0.0,"[0.0, 0.0]",0.0,0.54923415184021,0.1,0.0,0.0,"[0.0, 0.0]",0.1,0.0,"[0.0, 0.0]",0.0,valid
0.5723626852659112,"[0.7310374891020053, 0.41368788142981694]",0.0,4.0,0.5387164950370789,0.0,[56],101.0,0.0,0.011097638717538078,"[0.0032310177705977064, 0.01896425966447845]",0.0,0.5387164950370789,0.1,0.0,0.3208333333333333,"[0.09999999999999998, 0.5416666666666666]",0.1,0.005646556295507988,"[0.0016420361247947454, 0.009651076466221232]",0.0,train
0.585,"[0.7566666666666667, 0.41333333333333333]",0.0,4.0,0.5431165893872579,0.0,[56],101.0,0.0,0.0,"[0.0, 0.0]",0.0,0.5431165893872579,0.1,0.0,0.0,"[0.0, 0.0]",0.1,0.0,"[0.0, 0.0]",0.0,valid
0.5745422842197035,"[0.7336530078465562, 0.4154315605928509]",0.0,4.0,0.5390521158342776,0.0,[56],102.0,0.0,0.017515797904605945,"[0.003262642740619889, 0.031768953068592]",0.0,0.5390521158342776,0.1,0.0,0.4144736842105263,"[0.24999999999999994, 0.5789473684210527]",0.1,0.00898731353381534,"[0.0016420361247947454, 0.016332590942835932]",0.0,train
0.5816666666666667,"[0.75, 0.41333333333333333]",0.0,4.0,0.5499525666236877,0.0,[56],102.0,0.0,0.012987012987012936,"[0.02597402597402587, 0.0]",0.0,0.5499525666236877,0.1,0.0,0.12499999999999997,"[0.24999999999999994, 0.0]",0.1,0.00684931506849315,"[0.0136986301369863, 0.0]",0.0,valid
0.5732345248474281,"[0.7327811682650393, 0.41368788142981694]",0.0,4.0,0.5378344149693198,0.0,[56],103.0,0.0,0.008046817849305034,"[0.0, 0.016093635698610068]",0.0,0.5378344149693198,0.1,0.0,0.275,"[0.0, 0.55]",0.1,0.004083147735708983,"[0.0, 0.008166295471417966]",0.0,train
0.585,"[0.7566666666666667, 0.41333333333333333]",0.0,4.0,0.5465270082155863,0.0,[56],103.0,0.0,0.0,"[0.0, 0.0]",0.0,0.5465270082155863,0.1,0.0,0.0,"[0.0, 0.0]",0.1,0.0,"[0.0, 0.0]",0.0,valid
0.5749782040104621,"[0.7340889276373147, 0.41586748038360943]",0.0,4.0,0.5370528594307278,0.0,[56],104.0,0.0,0.02096524553257348,"[0.012944983818770198, 0.02898550724637676]",0.0,0.5370528594307278,0.1,0.0,0.5252525252525252,"[0.44444444444444436, 0.6060606060606061]",0.1,0.010707977223605824,"[0.006568144499178982, 0.014847809948032665]",0.0,train
0.5783333333333334,"[0.7466666666666667, 0.41]",0.0,4.0,0.5384006897608439,0.0,[56],104.0,0.0,0.0,"[0.0, 0.0]",0.0,0.5384006897608439,0.1,0.0,0.0,"[0.0, 0.0]",0.1,0.0,"[0.0, 0.0]",0.0,valid
0.5745422842197035,"[0.7327811682650393, 0.4163034001743679]",0.0,4.0,0.536359605581864,0.0,[56],105.0,0.0,0.01892954906477684,"[0.003252032520325184, 0.03460706560922849]",0.0,0.536359605581864,0.1,0.0,0.3833333333333333,"[0.16666666666666663, 0.6]",0.1,0.009729704031216972,"[0.0016420361247947454, 0.017817371937639197]",0.0,train
0.585,"[0.7566666666666667, 0.41333333333333333]",0.0,4.0,0.554587165514628,0.0,[56],105.0,0.0,0.0,"[0.0, 0.0]",0.0,0.554587165514628,0.1,0.0,0.0,"[0.0, 0.0]",0.1,0.0,"[0.0, 0.0]",0.0,valid
0.5751961639058414,"[0.7332170880557978, 0.41717523975588494]",0.0,4.0,0.5376079730365587,0.0,[56],106.0,0.0,0.015228426395939066,"[0.0, 0.030456852791878132]",0.0,0.5376079730365587,0.1,0.0,0.328125,"[0.0, 0.65625]",0.1,0.0077951002227171495,"[0.0, 0.015590200445434299]",0.0,train
0.5833333333333333,"[0.7533333333333333, 0.41333333333333333]",0.0,4.0,0.5563536087671915,0.0,[56],106.0,0.0,0.0,"[0.0, 0.0]",0.0,0.5563536087671915,0.1,0.0,0.0,"[0.0, 0.0]",0.1,0.0,"[0.0, 0.0]",0.0,valid
0.5754141238012206,"[0.7314734088927637, 0.41935483870967744]",0.0,4.0,0.5370563592599786,0.0,[56],107.0,0.0,0.025686460477919865,"[0.00964630225080382, 0.04172661870503591]",0.0,0.5370563592599786,0.1,0.0,0.45259391771019675,"[0.23076923076923073, 0.6744186046511628]",0.1,0.013227716399515801,"[0.0049261083743842365, 0.021529324424647365]",0.0,train
0.585,"[0.7566666666666667, 0.41333333333333333]",0.0,4.0,0.54905633131663,0.0,[56],107.0,0.0,0.0,"[0.0, 0.0]",0.0,0.54905633131663,0.1,0.0,0.0,"[0.0, 0.0]",0.1,0.0,"[0.0, 0.0]",0.0,valid
0.5747602441150828,"[0.7340889276373147, 0.4154315605928509]",0.0,4.0,0.537793377171392,0.0,[56],108.0,0.0,0.008791208791208779,"[0.0, 0.017582417582417558]",0.0,0.537793377171392,0.1,0.0,0.3333333333333333,"[0.0, 0.6666666666666666]",0.1,0.004454342984409799,"[0.0, 0.008908685968819599]",0.0,train
0.585,"[0.7566666666666667, 0.41333333333333333]",0.0,4.0,0.5400897165139517,0.0,[56],108.0,0.0,0.0,"[0.0, 0.0]",0.0,0.5400897165139517,0.1,0.0,0.0,"[0.0, 0.0]",0.1,0.0,"[0.0, 0.0]",0.0,valid
0.5725806451612903,"[0.7336530078465562, 0.4115082824760244]",0.0,4.0,0.5365428185981252,0.0,[56],109.0,0.0,0.0014771048744460806,"[0.0, 0.002954209748892161]",0.0,0.5365428185981252,0.1,0.0,0.14285714285714285,"[0.0, 0.2857142857142857]",0.1,0.0007423904974016332,"[0.0, 0.0014847809948032665]",0.0,train
0.5816666666666667,"[0.75, 0.41333333333333333]",0.0,4.0,0.5387243231137594,0.0,[56],109.0,0.0,0.0,"[0.0, 0.0]",0.0,0.5387243231137594,0.1,0.0,0.0,"[0.0, 0.0]",0.1,0.0,"[0.0, 0.0]",0.0,valid
0.5756320836965998,"[0.7314734088927637, 0.4197907585004359]",0.0,4.0,0.5386161169280177,0.0,[56],110.0,0.0,0.022925975165952208,"[0.00964630225080382, 0.0362056480811006]",0.0,0.5386161169280177,0.1,0.0,0.4830316742081448,"[0.23076923076923073, 0.7352941176470589]",0.1,0.011742935404712534,"[0.0049261083743842365, 0.01855976243504083]",0.0,train
0.5766666666666667,"[0.74, 0.41333333333333333]",0.0,4.0,0.553021232287089,0.0,[56],110.0,0.0,0.0,"[0.0, 0.0]",0.0,0.553021232287089,0.1,0.0,0.0,"[0.0, 0.0]",0.1,0.0,"[0.0, 0.0]",0.0,valid
0.5730165649520488,"[0.7314734088927637, 0.4145597210113339]",0.0,4.0,0.5373263035131537,0.0,[56],111.0,0.0,0.01761274818599655,"[0.01910828025477701, 0.01611721611721609]",0.0,0.5373263035131537,0.1,0.0,0.46345029239766083,"[0.3157894736842105, 0.6111111111111112]",0.1,0.00900925611009322,"[0.009852216748768473, 0.008166295471417966]",0.0,train
0.585,"[0.7566666666666667, 0.41333333333333333]",0.0,4.0,0.5503055651982626,0.0,[56],111.0,0.0,0.0,"[0.0, 0.0]",0.0,0.5503055651982626,0.1,0.0,0.0,"[0.0, 0.0]",0.1,0.0,"[0.0, 0.0]",0.0,valid
0.5773757628596338,"[0.7314734088927637, 0.4232781168265039]",0.0,4.0,0.5391607245673304,0.0,[56],112.0,0.0,0.036497555443720485,"[0.015974440894568637, 0.057020669992872336]",0.0,0.5391607245673304,0.1,0.0,0.5042016806722689,"[0.29411764705882354, 0.7142857142857143]",0.1,0.01895290026001953,"[0.008210180623973728, 0.02969561989606533]",0.0,train
0.5866666666666667,"[0.7566666666666667, 0.4166666666666667]",0.0,4.0,0.53980020682017,0.0,[56],112.0,0.0,0.011173184357541884,"[0.0, 0.02234636871508377]",0.0,0.53980020682017,0.1,0.0,0.33333333333333326,"[0.0, 0.6666666666666665]",0.1,0.005681818181818182,"[0.0, 0.011363636363636364]",0.0,valid
0.5747602441150829,"[0.7327811682650393, 0.4167393199651264]",0.0,4.0,0.5387413035268369,0.0,[56],113.0,0.0,0.01581143893659833,"[0.009693053311793183, 0.021929824561403476]",0.0,0.5387413035268369,0.1,0.0,0.5071428571428571,"[0.29999999999999993, 0.7142857142857143]",0.1,0.008030982917704368,"[0.0049261083743842365, 0.011135857461024499]",0.0,train
0.5833333333333333,"[0.7533333333333333, 0.41333333333333333]",0.0,4.0,0.5393467346827189,0.0,[56],113.0,0.0,0.0,"[0.0, 0.0]",0.0,0.5393467346827189,0.1,0.0,0.0,"[0.0, 0.0]",0.1,0.0,"[0.0, 0.0]",0.0,valid
0.5745422842197035,"[0.7345248474280732, 0.4145597210113339]",0.0,4.0,0.5359514381574548,0.0,[56],114.0,0.0,0.01418762453231689,"[0.006525285481239791, 0.02184996358339399]",0.0,0.5359514381574548,0.1,0.0,0.5384615384615383,"[0.4999999999999999, 0.5769230769230769]",0.1,0.007209964855306995,"[0.003284072249589491, 0.011135857461024499]",0.0,train
0.5833333333333333,"[0.7533333333333333, 0.41333333333333333]",0.0,4.0,0.5439636905988058,0.0,[56],114.0,0.0,0.0,"[0.0, 0.0]",0.0,0.5439636905988058,0.1,0.0,0.0,"[0.0, 0.0]",0.1,0.0,"[0.0, 0.0]",0.0,valid
0.5765039232781168,"[0.7349607672188317, 0.41804707933740193]",0.0,4.0,0.5391939463822738,0.0,[56],115.0,0.0,0.02083958304299246,"[0.009771986970684023, 0.031907179115300895]",0.0,0.5391939463822738,0.1,0.0,0.6437499999999999,"[0.5999999999999999, 0.6875]",0.1,0.010629349658610085,"[0.0049261083743842365, 0.016332590942835932]",0.0,train
0.5866666666666667,"[0.7566666666666667, 0.4166666666666667]",0.0,4.0,0.5366248885790507,0.0,[56],115.0,0.0,0.0056497175141242886,"[0.0, 0.011299435028248577]",0.0,0.5366248885790507,0.1,0.0,0.49999999999999944,"[0.0, 0.9999999999999989]",0.1,0.002840909090909091,"[0.0, 0.005681818181818182]",0.0,valid
0.5734524847428073,"[0.7314734088927637, 0.4154315605928509]",0.0,4.0,0.5371178362680518,0.0,[56],116.0,0.0,0.01398175934098261,"[0.0032362459546925277, 0.02472727272727269]",0.0,0.5371178362680518,0.1,0.0,0.3591269841269841,"[0.11111111111111109, 0.6071428571428571]",0.1,0.007131337290311256,"[0.0016420361247947454, 0.012620638455827766]",0.0,train
0.5783333333333334,"[0.7433333333333333, 0.41333333333333333]",0.0,4.0,0.542847474416097,0.0,[56],116.0,0.0,0.0,"[0.0, 0.0]",0.0,0.542847474416097,0.1,0.0,0.0,"[0.0, 0.0]",0.1,0.0,"[0.0, 0.0]",0.0,valid
0.5732345248474281,"[0.7301656495204882, 0.4163034001743679]",0.0,4.0,0.5364993460800337,0.0,[56],117.0,0.0,0.016753234180190247,"[0.01589825119236878, 0.017608217168011715]",0.0,0.5364993460800337,0.1,0.0,0.5,"[0.25, 0.75]",0.1,0.008559433296396662,"[0.008210180623973728, 0.008908685968819599]",0.0,train
0.585,"[0.7566666666666667, 0.41333333333333333]",0.0,4.0,0.5493761201699575,0.0,[56],117.0,0.0,0.0,"[0.0, 0.0]",0.0,0.5493761201699575,0.1,0.0,0.0,"[0.0, 0.0]",0.1,0.0,"[0.0, 0.0]",0.0,valid
0.5738884045335658,"[0.7319093286835222, 0.41586748038360943]",0.0,4.0,0.5395802000294561,0.0,[56],118.0,0.0,0.015408844236708795,"[0.003241491085899488, 0.0275761973875181]",0.0,0.5395802000294561,0.1,0.0,0.3689516129032258,"[0.12499999999999997, 0.6129032258064516]",0.1,0.007873727787712888,"[0.0016420361247947454, 0.014105419450631032]",0.0,train
0.585,"[0.7566666666666667, 0.41333333333333333]",0.0,4.0,0.5444762706756592,0.0,[56],118.0,0.0,0.0,"[0.0, 0.0]",0.0,0.5444762706756592,0.1,0.0,0.0,"[0.0, 0.0]",0.1,0.0,"[0.0, 0.0]",0.0,valid
0.5749782040104621,"[0.7301656495204882, 0.4197907585004359]",0.0,4.0,0.5360499322414398,0.0,[56],119.0,0.0,0.02477749070209424,"[0.0064205457463884, 0.04313443565780008]",0.0,0.5360499322414398,0.1,0.0,0.41233766233766234,"[0.14285714285714285, 0.6818181818181818]",0.1,0.012777893585819244,"[0.003284072249589491, 0.022271714922048998]",0.0,train
0.585,"[0.7566666666666667, 0.41333333333333333]",0.0,4.0,0.5579481720924377,0.0,[56],119.0,0.0,0.0,"[0.0, 0.0]",0.0,0.5579481720924377,0.1,0.0,0.0,"[0.0, 0.0]",0.1,0.0,"[0.0, 0.0]",0.0,valid
0.5717088055797733,"[0.7297297297297297, 0.41368788142981694]",0.0,4.0,0.5410890916119451,0.0,[56],120.0,0.0,0.008355974415577032,"[0.006410256410256363, 0.0103016924208977]",0.0,0.5410890916119451,0.1,0.0,0.3583333333333333,"[0.1333333333333333, 0.5833333333333333]",0.1,0.004240402865700462,"[0.003284072249589491, 0.005196733481811433]",0.0,train
0.585,"[0.7566666666666667, 0.41333333333333333]",0.0,4.0,0.5581594208876292,0.0,[56],120.0,0.0,0.0,"[0.0, 0.0]",0.0,0.5581594208876292,0.1,0.0,0.0,"[0.0, 0.0]",0.1,0.0,"[0.0, 0.0]",0.0,valid
0.5727986050566696,"[0.7297297297297297, 0.41586748038360943]",0.0,4.0,0.53799525551174,0.0,[56],121.0,0.0,0.016993226898887232,"[0.006410256410256363, 0.0275761973875181]",0.0,0.53799525551174,0.1,0.0,0.37311827956989246,"[0.1333333333333333, 0.6129032258064516]",0.1,0.008694745850110262,"[0.003284072249589491, 0.014105419450631032]",0.0,train
0.5800000000000001,"[0.7466666666666667, 0.41333333333333333]",0.0,4.0,0.5485784808794657,0.0,[56],121.0,0.0,0.0,"[0.0, 0.0]",0.0,0.5485784808794657,0.1,0.0,0.0,"[0.0, 0.0]",0.1,0.0,"[0.0, 0.0]",0.0,valid
0.574106364428945,"[0.7340889276373147, 0.4141238012205754]",0.0,4.0,0.5370255786439647,0.0,[56],122.0,0.0,0.009865258505646495,"[0.00651465798045601, 0.013215859030836982]",0.0,0.5370255786439647,0.1,0.0,0.49999999999999994,"[0.3999999999999999, 0.6]",0.1,0.004982793363102095,"[0.003284072249589491, 0.0066815144766146995]",0.0,train
0.5833333333333333,"[0.7533333333333333, 0.41333333333333333]",0.0,4.0,0.5360091129938761,0.0,[56],122.0,0.0,0.0,"[0.0, 0.0]",0.0,0.5360091129938761,0.1,0.0,0.0,"[0.0, 0.0]",0.1,0.0,"[0.0, 0.0]",0.0,valid
0.5795553618134264,"[0.7332170880557978, 0.4258936355710549]",0.0,4.0,0.5372594607912976,0.0,[56],123.0,0.0,0.035229695677456825,"[0.006493506493506471, 0.06396588486140718]",0.0,0.5372594607912976,0.1,0.0,0.5178571428571428,"[0.2857142857142857, 0.75]",0.1,0.018345822316331497,"[0.003284072249589491, 0.0334075723830735]",0.0,train
0.585,"[0.7566666666666667, 0.41333333333333333]",0.0,4.0,0.5457479457060496,0.0,[56],123.0,0.0,0.0,"[0.0, 0.0]",0.0,0.5457479457060496,0.1,0.0,0.0,"[0.0, 0.0]",0.1,0.0,"[0.0, 0.0]",0.0,valid
0.5758500435919791,"[0.7336530078465562, 0.41804707933740193]",0.0,4.0,0.5360112617845121,0.0,[56],124.0,0.0,0.01758491092796039,"[0.003262642740619889, 0.031907179115300895]",0.0,0.5360112617845121,0.1,0.0,0.46875,"[0.24999999999999994, 0.6875]",0.1,0.00898731353381534,"[0.0016420361247947454, 0.016332590942835932]",0.0,train
0.59,"[0.75, 0.43]",0.0,4.0,0.5383910636107127,0.0,[56],124.0,0.0,0.027624309392265164,"[0.0, 0.05524861878453033]",0.0,0.5383910636107127,0.1,0.0,0.4999999999999999,"[0.0, 0.9999999999999998]",0.1,0.014204545454545454,"[0.0, 0.028409090909090908]",0.0,valid
0.5727986050566696,"[0.7323452484742807, 0.4132519616390584]",0.0,4.0,0.5378246449905894,0.0,[56],125.0,0.0,0.017332030957900205,"[0.012861736334405105, 0.021802325581395308]",0.0,0.5378246449905894,0.1,0.0,0.41246684350132623,"[0.30769230769230765, 0.5172413793103449]",0.1,0.00885200098010174,"[0.006568144499178982, 0.011135857461024499]",0.0,train
0.5800000000000001,"[0.7466666666666667, 0.41333333333333333]",0.0,4.0,0.5541415313879648,0.0,[56],125.0,0.0,0.0,"[0.0, 0.0]",0.0,0.5541415313879648,0.1,0.0,0.0,"[0.0, 0.0]",0.1,0.0,"[0.0, 0.0]",0.0,valid
0.5747602441150829,"[0.7327811682650393, 0.4167393199651264]",0.0,4.0,0.537473175836646,0.0,[56],126.0,0.0,0.016843407564510395,"[0.003252032520325184, 0.030434782608695605]",0.0,0.537473175836646,0.1,0.0,0.4015151515151515,"[0.16666666666666663, 0.6363636363636364]",0.1,0.008616118285114523,"[0.0016420361247947454, 0.015590200445434299]",0.0,train
0.5866666666666667,"[0.7533333333333333, 0.42]",0.0,4.0,0.5372583568096161,0.0,[56],126.0,0.0,0.011235955056179761,"[0.0, 0.022471910112359522]",0.0,0.5372583568096161,0.1,0.0,0.4999999999999998,"[0.0, 0.9999999999999996]",0.1,0.005681818181818182,"[0.0, 0.011363636363636364]",0.0,valid
0.5717088055797733,"[0.7297297297297297, 0.41368788142981694]",0.0,4.0,0.5405675302381101,0.0,[56],127.0,0.0,0.008933724367807934,"[0.0032154340836012454, 0.014652014652014624]",0.0,0.5405675302381101,0.1,0.0,0.3162393162393162,"[0.07692307692307691, 0.5555555555555556]",0.1,0.004532970549405539,"[0.0016420361247947454, 0.007423904974016332]",0.0,train
0.585,"[0.7566666666666667, 0.41333333333333333]",0.0,4.0,0.5471938153107961,0.0,[56],127.0,0.0,0.0,"[0.0, 0.0]",0.0,0.5471938153107961,0.1,0.0,0.0,"[0.0, 0.0]",0.1,0.0,"[0.0, 0.0]",0.0,valid
0.5751961639058413,"[0.7336530078465562, 0.4167393199651264]",0.0,4.0,0.5375482051268868,0.0,[56],128.0,0.0,0.018705035971222993,"[0.0, 0.037410071942445985]",0.0,0.5375482051268868,0.1,0.0,0.3023255813953488,"[0.0, 0.6046511627906976]",0.1,0.009651076466221232,"[0.0, 0.019302152932442463]",0.0,train
0.5800000000000001,"[0.7466666666666667, 0.41333333333333333]",0.0,4.0,0.5384277701377869,0.0,[56],128.0,0.0,0.0,"[0.0, 0.0]",0.0,0.5384277701377869,0.1,0.0,0.0,"[0.0, 0.0]",0.1,0.0,"[0.0, 0.0]",0.0,valid
0.5747602441150828,"[0.7340889276373147, 0.4154315605928509]",0.0,4.0,0.5364992774051168,0.0,[56],129.0,0.0,0.02342440232332013,"[0.019292604501607677, 0.027556200145032586]",0.0,0.5364992774051168,0.1,0.0,0.5276442307692307,"[0.46153846153846145, 0.59375]",0.1,0.011978818099699752,"[0.009852216748768473, 0.014105419450631032]",0.0,train
0.5833333333333333,"[0.7533333333333333, 0.41333333333333333]",0.0,4.0,0.5514959096908569,0.0,[56],129.0,0.0,0.0,"[0.0, 0.0]",0.0,0.5514959096908569,0.1,0.0,0.0,"[0.0, 0.0]",0.1,0.0,"[0.0, 0.0]",0.0,valid
0.5734524847428073,"[0.7340889276373147, 0.4128160418482999]",0.0,4.0,0.5360361000765925,0.0,[56],130.0,0.0,0.004415011037527585,"[0.0, 0.00883002207505517]",0.0,0.5360361000765925,0.1,0.0,0.24999999999999997,"[0.0, 0.49999999999999994]",0.1,0.0022271714922048997,"[0.0, 0.004454342984409799]",0.0,train
0.585,"[0.7566666666666667, 0.41333333333333333]",0.0,4.0,0.5493027965227762,0.0,[56],130.0,0.0,0.0,"[0.0, 0.0]",0.0,0.5493027965227762,0.1,0.0,0.0,"[0.0, 0.0]",0.1,0.0,"[0.0, 0.0]",0.0,valid
0.5760680034873583,"[0.7345248474280732, 0.4176111595466434]",0.0,4.0,0.5360368658667025,0.0,[56],131.0,0.0,0.01870628749955619,"[0.009756097560975589, 0.02765647743813679]",0.0,0.5360368658667025,0.1,0.0,0.6018518518518519,"[0.49999999999999994, 0.7037037037037037]",0.1,0.009515763912507634,"[0.0049261083743842365, 0.014105419450631032]",0.0,train
0.5783333333333334,"[0.7433333333333333, 0.41333333333333333]",0.0,4.0,0.5430792570114136,0.0,[56],131.0,0.0,0.012658227848101195,"[0.02531645569620239, 0.0]",0.0,0.5430792570114136,0.1,0.0,0.08333333333333331,"[0.16666666666666663, 0.0]",0.1,0.00684931506849315,"[0.0136986301369863, 0.0]",0.0,valid
0.5747602441150829,"[0.7332170880557978, 0.4163034001743679]",0.0,4.0,0.5383001902829045,0.0,[56],132.0,0.0,0.010956902848794725,"[0.0, 0.02191380569758945]",0.0,0.5383001902829045,0.1,0.0,0.3409090909090909,"[0.0, 0.6818181818181818]",0.1,0.005567928730512249,"[0.0, 0.011135857461024499]",0.0,train
0.5833333333333333,"[0.7533333333333333, 0.41333333333333333]",0.0,4.0,0.5407130916913351,0.0,[56],132.0,0.0,0.0,"[0.0, 0.0]",0.0,0.5407130916913351,0.1,0.0,0.0,"[0.0, 0.0]",0.1,0.0,"[0.0, 0.0]",0.0,valid
0.572362685265911,"[0.7297297297297297, 0.4149956408020924]",0.0,4.0,0.5401105608629144,0.0,[56],133.0,0.0,0.016267537493952544,"[0.006410256410256363, 0.026124818577648725]",0.0,0.5401105608629144,0.1,0.0,0.35698924731182796,"[0.1333333333333333, 0.5806451612903226]",0.1,0.008323550601409446,"[0.003284072249589491, 0.013363028953229399]",0.0,train
0.585,"[0.7566666666666667, 0.41333333333333333]",0.0,4.0,0.5479538440704346,0.0,[56],133.0,0.0,0.0,"[0.0, 0.0]",0.0,0.5479538440704346,0.1,0.0,0.0,"[0.0, 0.0]",0.1,0.0,"[0.0, 0.0]",0.0,valid
0.5751961639058413,"[0.7314734088927637, 0.4189189189189189]",0.0,4.0,0.5384659222934557,0.0,[56],134.0,0.0,0.02407411701954959,"[0.006451612903225772, 0.041696621135873406]",0.0,0.5384659222934557,0.1,0.0,0.4204545454545454,"[0.1818181818181818, 0.6590909090909091]",0.1,0.012406698337118428,"[0.003284072249589491, 0.021529324424647365]",0.0,train
0.5833333333333333,"[0.7533333333333333, 0.41333333333333333]",0.0,4.0,0.5403183698654175,0.0,[56],134.0,0.0,0.0,"[0.0, 0.0]",0.0,0.5403183698654175,0.1,0.0,0.0,"[0.0, 0.0]",0.1,0.0,"[0.0, 0.0]",0.0,valid
0.5730165649520488,"[0.7314734088927637, 0.4145597210113339]",0.0,4.0,0.5392880919186965,0.0,[56],135.0,0.0,0.010562563604951098,"[0.006451612903225772, 0.014673514306676424]",0.0,0.5392880919186965,0.1,0.0,0.4034090909090909,"[0.1818181818181818, 0.625]",0.1,0.005353988611802912,"[0.003284072249589491, 0.007423904974016332]",0.0,train
0.5783333333333334,"[0.7433333333333333, 0.41333333333333333]",0.0,4.0,0.5359306136767069,0.0,[56],135.0,0.0,0.0,"[0.0, 0.0]",0.0,0.5359306136767069,0.1,0.0,0.0,"[0.0, 0.0]",0.1,0.0,"[0.0, 0.0]",0.0,valid
0.5758500435919791,"[0.7327811682650393, 0.4189189189189189]",0.0,4.0,0.5389193140942118,0.0,[56],136.0,0.0,0.01807664497469267,"[0.0, 0.03615328994938534]",0.0,0.5389193140942118,0.1,0.0,0.3472222222222222,"[0.0, 0.6944444444444444]",0.1,0.009279881217520415,"[0.0, 0.01855976243504083]",0.0,train
0.5833333333333333,"[0.7533333333333333, 0.41333333333333333]",0.0,4.0,0.5428842008113861,0.0,[56],136.0,0.0,0.0,"[0.0, 0.0]",0.0,0.5428842008113861,0.1,0.0,0.0,"[0.0, 0.0]",0.1,0.0,"[0.0, 0.0]",0.0,valid
0.5738884045335658,"[0.7327811682650393, 0.4149956408020924]",0.0,4.0,0.5367179940576139,0.0,[56],137.0,0.0,0.007517032460457134,"[0.003252032520325184, 0.011782032400589084]",0.0,0.5367179940576139,0.1,0.0,0.4469696969696969,"[0.16666666666666663, 0.7272727272727272]",0.1,0.0037905800520039055,"[0.0016420361247947454, 0.005939123979213066]",0.0,train
0.585,"[0.7566666666666667, 0.41333333333333333]",0.0,4.0,0.5494996706644694,0.0,[56],137.0,0.0,0.0,"[0.0, 0.0]",0.0,0.5494996706644694,0.1,0.0,0.0,"[0.0, 0.0]",0.1,0.0,"[0.0, 0.0]",0.0,valid
0.5730165649520489,"[0.7332170880557978, 0.4128160418482999]",0.0,4.0,0.5368099134901295,0.0,[56],138.0,0.0,0.008752735229759284,"[0.0, 0.017505470459518568]",0.0,0.5368099134901295,0.1,0.0,0.25,"[0.0, 0.5]",0.1,0.004454342984409799,"[0.0, 0.008908685968819599]",0.0,train
0.5783333333333334,"[0.7433333333333333, 0.41333333333333333]",0.0,4.0,0.5406303008397421,0.0,[56],138.0,0.0,0.0,"[0.0, 0.0]",0.0,0.5406303008397421,0.1,0.0,0.0,"[0.0, 0.0]",0.1,0.0,"[0.0, 0.0]",0.0,valid
0.5754141238012206,"[0.7310374891020053, 0.4197907585004359]",0.0,4.0,0.5395632528740427,0.0,[56],139.0,0.0,0.017403915881073217,"[0.0, 0.034807831762146434]",0.0,0.5395632528740427,0.1,0.0,0.375,"[0.0, 0.75]",0.1,0.008908685968819599,"[0.0, 0.017817371937639197]",0.0,train
0.5800000000000001,"[0.7466666666666667, 0.41333333333333333]",0.0,4.0,0.545189102490743,0.0,[56],139.0,0.0,0.0,"[0.0, 0.0]",0.0,0.545189102490743,0.1,0.0,0.0,"[0.0, 0.0]",0.1,0.0,"[0.0, 0.0]",0.0,valid
0.5771578029642546,"[0.7332170880557978, 0.4210985178727114]",0.0,4.0,0.5391288412653882,0.0,[56],140.0,0.0,0.025983965354712816,"[0.0032573289902279967, 0.04871060171919764]",0.0,0.5391288412653882,0.1,0.0,0.44693877551020406,"[0.19999999999999996, 0.6938775510204082]",0.1,0.01344165651822514,"[0.0016420361247947454, 0.025241276911655532]",0.0,train
0.5833333333333333,"[0.7533333333333333, 0.41333333333333333]",0.0,4.0,0.5538604259490967,0.0,[56],140.0,0.0,0.0,"[0.0, 0.0]",0.0,0.5538604259490967,0.1,0.0,0.0,"[0.0, 0.0]",0.1,0.0,"[0.0, 0.0]",0.0,valid
0.5738884045335658,"[0.7332170880557978, 0.4145597210113339]",0.0,4.0,0.5363383902155835,0.0,[56],141.0,0.0,0.01753456767795862,"[0.01607717041800639, 0.018991964937910853]",0.0,0.5363383902155835,0.1,0.0,0.48776223776223776,"[0.3846153846153846, 0.5909090909090909]",0.1,0.00893062854509748,"[0.008210180623973728, 0.009651076466221232]",0.0,train
0.5883333333333334,"[0.7566666666666667, 0.42]",0.0,4.0,0.5365586280822754,0.0,[56],141.0,0.0,0.011235955056179761,"[0.0, 0.022471910112359522]",0.0,0.5365586280822754,0.1,0.0,0.4999999999999998,"[0.0, 0.9999999999999996]",0.1,0.005681818181818182,"[0.0, 0.011363636363636364]",0.0,valid
0.5725806451612903,"[0.7314734088927637, 0.41368788142981694]",0.0,4.0,0.5402626796909,0.0,[56],142.0,0.0,0.010551813777620198,"[0.006451612903225772, 0.014652014652014624]",0.0,0.5402626796909,0.1,0.0,0.3686868686868687,"[0.1818181818181818, 0.5555555555555556]",0.1,0.005353988611802912,"[0.003284072249589491, 0.007423904974016332]",0.0,train
0.5833333333333333,"[0.7533333333333333, 0.41333333333333333]",0.0,4.0,0.543360153834025,0.0,[56],142.0,0.0,0.0,"[0.0, 0.0]",0.0,0.543360153834025,0.1,0.0,0.0,"[0.0, 0.0]",0.1,0.0,"[0.0, 0.0]",0.0,valid
0.5756320836965998,"[0.7319093286835222, 0.41935483870967744]",0.0,4.0,0.5358871998994247,0.0,[56],143.0,0.0,0.025469181328703856,"[0.006462035541195444, 0.04447632711621227]",0.0,0.5358871998994247,0.1,0.0,0.42978723404255315,"[0.19999999999999996, 0.6595744680851063]",0.1,0.01314908883452006,"[0.003284072249589491, 0.02301410541945063]",0.0,train
0.585,"[0.7566666666666667, 0.41333333333333333]",0.0,4.0,0.5504210392634074,0.0,[56],143.0,0.0,0.0,"[0.0, 0.0]",0.0,0.5504210392634074,0.1,0.0,0.0,"[0.0, 0.0]",0.1,0.0,"[0.0, 0.0]",0.0,valid
0.574106364428945,"[0.7319093286835222, 0.4163034001743679]",0.0,4.0,0.5369421360285386,0.0,[56],144.0,0.0,0.019093187514240106,"[0.019138755980861188, 0.01904761904761902]",0.0,0.5369421360285386,0.1,0.0,0.5277777777777778,"[0.3333333333333333, 0.7222222222222222]",0.1,0.009751646607494852,"[0.009852216748768473, 0.009651076466221232]",0.0,train
0.5833333333333333,"[0.7533333333333333, 0.41333333333333333]",0.0,4.0,0.5461381673812866,0.0,[56],144.0,0.0,0.0,"[0.0, 0.0]",0.0,0.5461381673812866,0.1,0.0,0.0,"[0.0, 0.0]",0.1,0.0,"[0.0, 0.0]",0.0,valid
0.5717088055797733,"[0.7323452484742807, 0.4110723626852659]",0.0,4.0,0.5393697463947794,0.0,[56],145.0,0.0,0.02623456790123451,"[0.05246913580246902, 0.0]",0.0,0.5393697463947794,0.1,0.0,0.21794871794871795,"[0.4358974358974359, 0.0]",0.1,0.013957307060755337,"[0.027914614121510674, 0.0]",0.0,train
0.585,"[0.7566666666666667, 0.41333333333333333]",0.0,4.0,0.5589622755845388,0.0,[56],145.0,0.0,0.0,"[0.0, 0.0]",0.0,0.5589622755845388,0.1,0.0,0.0,"[0.0, 0.0]",0.1,0.0,"[0.0, 0.0]",0.0,valid
0.5769398430688752,"[0.7314734088927637, 0.4224062772449869]",0.0,4.0,0.5412859968517137,0.0,[56],146.0,0.0,0.029415699598871522,"[0.0032362459546925277, 0.05559515324305052]",0.0,0.5412859968517137,0.1,0.0,0.4037698412698412,"[0.11111111111111109, 0.6964285714285714]",0.1,0.015297632761729222,"[0.0016420361247947454, 0.028953229398663696]",0.0,train
0.58,"[0.7433333333333333, 0.4166666666666667]",0.0,4.0,0.5393155415852865,0.0,[56],146.0,0.0,0.0056497175141242886,"[0.0, 0.011299435028248577]",0.0,0.5393155415852865,0.1,0.0,0.49999999999999944,"[0.0, 0.9999999999999989]",0.1,0.002840909090909091,"[0.0, 0.005681818181818182]",0.0,valid
0.57846556233653,"[0.7336530078465562, 0.4232781168265039]",0.0,4.0,0.536039632299672,0.0,[56],147.0,0.0,0.02675694951101343,"[0.003262642740619889, 0.050251256281406975]",0.0,0.536039632299672,0.1,0.0,0.5054347826086957,"[0.24999999999999994, 0.7608695652173914]",0.1,0.013812851766925956,"[0.0016420361247947454, 0.025983667409057165]",0.0,train
0.585,"[0.7566666666666667, 0.41333333333333333]",0.0,4.0,0.5484893222649893,0.0,[56],147.0,0.0,0.0,"[0.0, 0.0]",0.0,0.5484893222649893,0.1,0.0,0.0,"[0.0, 0.0]",0.1,0.0,"[0.0, 0.0]",0.0,valid
0.5775937227550131,"[0.7332170880557978, 0.4219703574542284]",0.0,4.0,0.5392987378265547,0.0,[56],148.0,0.0,0.024891774891774854,"[0.006493506493506471, 0.04329004329004324]",0.0,0.5392987378265547,0.1,0.0,0.5274725274725275,"[0.2857142857142857, 0.7692307692307693]",0.1,0.012777893585819244,"[0.003284072249589491, 0.022271714922048998]",0.0,train
0.5833333333333333,"[0.7533333333333333, 0.41333333333333333]",0.0,4.0,0.5445824861526489,0.0,[56],148.0,0.0,0.0,"[0.0, 0.0]",0.0,0.5445824861526489,0.1,0.0,0.0,"[0.0, 0.0]",0.1,0.0,"[0.0, 0.0]",0.0,valid
0.5751961639058413,"[0.7319093286835222, 0.4184829991281604]",0.0,4.0,0.537482914717301,0.0,[56],149.0,0.0,0.01778705852751182,"[0.006462035541195444, 0.029112081513828197]",0.0,0.537482914717301,0.1,0.0,0.4703703703703703,"[0.19999999999999996, 0.7407407407407407]",0.1,0.009065941098811078,"[0.003284072249589491, 0.014847809948032665]",0.0,train
0.585,"[0.7566666666666667, 0.41333333333333333]",0.0,4.0,0.5467140873273214,0.0,[56],149.0,0.0,0.0,"[0.0, 0.0]",0.0,0.5467140873273214,0.1,0.0,0.0,"[0.0, 0.0]",0.1,0.0,"[0.0, 0.0]",0.0,valid
0.5727986050566696,"[0.7323452484742807, 0.4132519616390584]",0.0,4.0,0.5380673240060392,0.0,[56],150.0,0.0,0.008383304778221945,"[0.006472491909385084, 0.010294117647058806]",0.0,0.5380673240060392,0.1,0.0,0.3803418803418803,"[0.22222222222222218, 0.5384615384615384]",0.1,0.004240402865700462,"[0.003284072249589491, 0.005196733481811433]",0.0,train
0.585,"[0.7566666666666667, 0.41333333333333333]",0.0,4.0,0.5486678878466288,0.0,[56],150.0,0.0,0.0,"[0.0, 0.0]",0.0,0.5486678878466288,0.1,0.0,0.0,"[0.0, 0.0]",0.1,0.0,"[0.0, 0.0]",0.0,valid
0.5758500435919791,"[0.7310374891020053, 0.42066259808195294]",0.0,4.0,0.5394283740416818,0.0,[56],151.0,0.0,0.0431897322649684,"[0.04043545878693614, 0.04594400574300066]",0.0,0.5394283740416818,0.1,0.0,0.539002557544757,"[0.38235294117647056, 0.6956521739130435]",0.1,0.022551482769591978,"[0.021346469622331693, 0.023756495916852263]",0.0,train
0.585,"[0.7566666666666667, 0.41333333333333333]",0.0,4.0,0.5600054065386454,0.0,[56],151.0,0.0,0.0,"[0.0, 0.0]",0.0,0.5600054065386454,0.1,0.0,0.0,"[0.0, 0.0]",0.1,0.0,"[0.0, 0.0]",0.0,valid
0.5738884045335658,"[0.7310374891020053, 0.4167393199651264]",0.0,4.0,0.5395939013232356,0.0,[56],152.0,0.0,0.022826936687312893,"[0.00963081861958262, 0.036023054755043166]",0.0,0.5395939013232356,0.1,0.0,0.41202090592334495,"[0.21428571428571425, 0.6097560975609756]",0.1,0.011742935404712534,"[0.0049261083743842365, 0.01855976243504083]",0.0,train
0.585,"[0.7566666666666667, 0.41333333333333333]",0.0,4.0,0.5566749771436056,0.0,[56],152.0,0.0,0.0,"[0.0, 0.0]",0.0,0.5566749771436056,0.1,0.0,0.0,"[0.0, 0.0]",0.1,0.0,"[0.0, 0.0]",0.0,valid
0.5780296425457716,"[0.7323452484742807, 0.4237140366172624]",0.0,4.0,0.5384274176929308,0.0,[56],153.0,0.0,0.03471068691781759,"[0.009677419354838675, 0.0597439544807965]",0.0,0.5384274176929308,0.1,0.0,0.49229583975346686,"[0.2727272727272727, 0.711864406779661]",0.1,0.018053254632626418,"[0.0049261083743842365, 0.031180400890868598]",0.0,train
0.5866666666666667,"[0.7533333333333333, 0.42]",0.0,4.0,0.5359470446904501,0.0,[56],153.0,0.0,0.011235955056179761,"[0.0, 0.022471910112359522]",0.0,0.5359470446904501,0.1,0.0,0.4999999999999998,"[0.0, 0.9999999999999996]",0.1,0.005681818181818182,"[0.0, 0.011363636363636364]",0.0,valid
0.5741063644289451,"[0.7310374891020053, 0.41717523975588494]",0.0,4.0,0.5390506905058156,0.0,[56],154.0,0.0,0.02581049604601001,"[0.01279999999999995, 0.03882099209202007]",0.0,0.5390506905058156,0.1,0.0,0.4318181818181818,"[0.25, 0.6136363636363636]",0.1,0.01330634396451154,"[0.006568144499178982, 0.0200445434298441]",0.0,train
0.5800000000000001,"[0.7466666666666667, 0.41333333333333333]",0.0,4.0,0.5471589167912801,0.0,[56],154.0,0.0,0.0,"[0.0, 0.0]",0.0,0.5471589167912801,0.1,0.0,0.0,"[0.0, 0.0]",0.1,0.0,"[0.0, 0.0]",0.0,valid
0.5719267654751525,"[0.7288578901482128, 0.4149956408020924]",0.0,4.0,0.5393681344778641,0.0,[56],155.0,0.0,0.01197966123894298,"[0.006389776357827423, 0.017569546120058538]",0.0,0.5393681344778641,0.1,0.0,0.3746130030959752,"[0.11764705882352941, 0.631578947368421]",0.1,0.006096379109204545,"[0.003284072249589491, 0.008908685968819599]",0.0,train
0.5783333333333334,"[0.7433333333333333, 0.41333333333333333]",0.0,4.0,0.5553986628850301,0.0,[56],155.0,0.0,0.0,"[0.0, 0.0]",0.0,0.5553986628850301,0.1,0.0,0.0,"[0.0, 0.0]",0.1,0.0,"[0.0, 0.0]",0.0,valid
0.5736704446381866,"[0.7336530078465562, 0.41368788142981694]",0.0,4.0,0.5355286261309748,0.0,[56],156.0,0.0,0.009678139219614978,"[0.003262642740619889, 0.016093635698610068]",0.0,0.5355286261309748,0.1,0.0,0.4,"[0.24999999999999994, 0.55]",0.1,0.004904165798106356,"[0.0016420361247947454, 0.008166295471417966]",0.0,train
0.585,"[0.7566666666666667, 0.41333333333333333]",0.0,4.0,0.5471364855766296,0.0,[56],156.0,0.0,0.0,"[0.0, 0.0]",0.0,0.5471364855766296,0.1,0.0,0.0,"[0.0, 0.0]",0.1,0.0,"[0.0, 0.0]",0.0,valid
0.574106364428945,"[0.7319093286835222, 0.4163034001743679]",0.0,4.0,0.5365747835325159,0.0,[56],157.0,0.0,0.02434860207074082,"[0.025356576862123545, 0.0233406272793581]",0.0,0.5365747835325159,0.1,0.0,0.5151515151515151,"[0.36363636363636365, 0.6666666666666666]",0.1,0.012507268478392047,"[0.013136288998357963, 0.011878247958426132]",0.0,train
0.585,"[0.7566666666666667, 0.41333333333333333]",0.0,4.0,0.5416147708892822,0.0,[56],157.0,0.0,0.025974025974025924,"[0.05194805194805185, 0.0]",0.0,0.5416147708892822,0.1,0.0,0.24999999999999994,"[0.4999999999999999, 0.0]",0.1,0.0136986301369863,"[0.0273972602739726, 0.0]",0.0,valid
0.5743243243243243,"[0.7345248474280732, 0.4141238012205754]",0.0,4.0,0.5373918232710465,0.0,[56],158.0,0.0,0.01881970205568869,"[0.012965964343598028, 0.02467343976777935]",0.0,0.5373918232710465,0.1,0.0,0.5241935483870968,"[0.4999999999999999, 0.5483870967741935]",0.1,0.009594391477503374,"[0.006568144499178982, 0.012620638455827766]",0.0,train
0.5833333333333333,"[0.7533333333333333, 0.41333333333333333]",0.0,4.0,0.53937296072642,0.0,[56],158.0,0.0,0.0,"[0.0, 0.0]",0.0,0.53937296072642,0.1,0.0,0.0,"[0.0, 0.0]",0.1,0.0,"[0.0, 0.0]",0.0,valid
0.5730165649520488,"[0.7319093286835222, 0.4141238012205754]",0.0,4.0,0.5364845369173132,0.0,[56],159.0,0.0,0.011283726408957882,"[0.006462035541195444, 0.01610541727672032]",0.0,0.5364845369173132,0.1,0.0,0.3894736842105263,"[0.19999999999999996, 0.5789473684210527]",0.1,0.005725183860503728,"[0.003284072249589491, 0.008166295471417966]",0.0,train
0.585,"[0.7566666666666667, 0.41333333333333333]",0.0,4.0,0.5547395944595337,0.0,[56],159.0,0.0,0.0,"[0.0, 0.0]",0.0,0.5547395944595337,0.1,0.0,0.0,"[0.0, 0.0]",0.1,0.0,"[0.0, 0.0]",0.0,valid
0.5717088055797733,"[0.7314734088927637, 0.4119442022667829]",0.0,4.0,0.5372259409531303,0.0,[56],160.0,0.0,0.008361536458949631,"[0.006451612903225772, 0.010271460014673491]",0.0,0.5372259409531303,0.1,0.0,0.3096590909090909,"[0.1818181818181818, 0.4375]",0.1,0.004240402865700462,"[0.003284072249589491, 0.005196733481811433]",0.0,train
0.5783333333333334,"[0.7433333333333333, 0.41333333333333333]",0.0,4.0,0.5418808460235596,0.0,[56],160.0,0.0,0.0,"[0.0, 0.0]",0.0,0.5418808460235596,0.1,0.0,0.0,"[0.0, 0.0]",0.1,0.0,"[0.0, 0.0]",0.0,valid
0.5780296425457716,"[0.7336530078465562, 0.4224062772449869]",0.0,4.0,0.5371401776438174,0.0,[56],161.0,0.0,0.027123483226266915,"[0.0, 0.05424696645253383]",0.0,0.5371401776438174,0.1,0.0,0.35185185185185186,"[0.0, 0.7037037037037037]",0.1,0.014105419450631032,"[0.0, 0.028210838901262063]",0.0,train
0.585,"[0.7566666666666667, 0.41333333333333333]",0.0,4.0,0.5543603698412577,0.0,[56],161.0,0.0,0.0,"[0.0, 0.0]",0.0,0.5543603698412577,0.1,0.0,0.0,"[0.0, 0.0]",0.1,0.0,"[0.0, 0.0]",0.0,valid
0.5751961639058413,"[0.7340889276373147, 0.4163034001743679]",0.0,4.0,0.5374900517256364,0.0,[56],162.0,0.0,0.01654044350980891,"[0.009740259740259717, 0.0233406272793581]",0.0,0.5374900517256364,0.1,0.0,0.5476190476190476,"[0.4285714285714285, 0.6666666666666666]",0.1,0.008402178166405185,"[0.0049261083743842365, 0.011878247958426132]",0.0,train
0.5783333333333334,"[0.7433333333333333, 0.41333333333333333]",0.0,4.0,0.5460912187894186,0.0,[56],162.0,0.0,0.0,"[0.0, 0.0]",0.0,0.5460912187894186,0.1,0.0,0.0,"[0.0, 0.0]",0.1,0.0,"[0.0, 0.0]",0.0,valid
0.5756320836965998,"[0.7336530078465562, 0.4176111595466434]",0.0,4.0,0.535808397376019,0.0,[56],163.0,0.0,0.022404064526702686,"[0.012924071082390921, 0.03188405797101445]",0.0,0.535808397376019,0.1,0.0,0.5333333333333332,"[0.3999999999999999, 0.6666666666666666]",0.1,0.011450367721007456,"[0.006568144499178982, 0.016332590942835932]",0.0,train
0.585,"[0.7566666666666667, 0.41333333333333333]",0.0,4.0,0.5531646609306335,0.0,[56],163.0,0.0,0.0,"[0.0, 0.0]",0.0,0.5531646609306335,0.1,0.0,0.0,"[0.0, 0.0]",0.1,0.0,"[0.0, 0.0]",0.0,valid
0.5738884045335658,"[0.7327811682650393, 0.4149956408020924]",0.0,4.0,0.5395691083825153,0.0,[56],164.0,0.0,0.010932944606413976,"[0.0, 0.021865889212827953]",0.0,0.5395691083825153,0.1,0.0,0.3,"[0.0, 0.6]",0.1,0.005567928730512249,"[0.0, 0.011135857461024499]",0.0,train
0.5833333333333333,"[0.7533333333333333, 0.41333333333333333]",0.0,4.0,0.5366148749987284,0.0,[56],164.0,0.0,0.0,"[0.0, 0.0]",0.0,0.5366148749987284,0.1,0.0,0.0,"[0.0, 0.0]",0.1,0.0,"[0.0, 0.0]",0.0,valid
0.5758500435919791,"[0.7319093286835222, 0.4197907585004359]",0.0,4.0,0.5364557841549749,0.0,[56],165.0,0.0,0.023874873324715686,"[0.003241491085899488, 0.044508255563531884]",0.0,0.5364557841549749,0.1,0.0,0.39945652173913043,"[0.12499999999999997, 0.6739130434782609]",0.1,0.012328070772122689,"[0.0016420361247947454, 0.02301410541945063]",0.0,train
0.5833333333333334,"[0.75, 0.4166666666666667]",0.0,4.0,0.5365768671035767,0.0,[56],165.0,0.0,0.0056497175141242886,"[0.0, 0.011299435028248577]",0.0,0.5365768671035767,0.1,0.0,0.49999999999999944,"[0.0, 0.9999999999999989]",0.1,0.002840909090909091,"[0.0, 0.005681818181818182]",0.0,valid
0.5773757628596339,"[0.7319093286835222, 0.42284219703574544]",0.0,4.0,0.5381645054920859,0.0,[56],166.0,0.0,0.03558128543344386,"[0.012841091492776843, 0.05832147937411088]",0.0,0.5381645054920859,0.1,0.0,0.49031476997578693,"[0.2857142857142857, 0.6949152542372882]",0.1,0.018503077446322975,"[0.006568144499178982, 0.030438010393466965]",0.0,train
0.585,"[0.7566666666666667, 0.41333333333333333]",0.0,4.0,0.5435606837272644,0.0,[56],166.0,0.0,0.0,"[0.0, 0.0]",0.0,0.5435606837272644,0.1,0.0,0.0,"[0.0, 0.0]",0.1,0.0,"[0.0, 0.0]",0.0,valid
0.5743243243243243,"[0.7345248474280732, 0.4141238012205754]",0.0,4.0,0.5388891347076582,0.0,[56],167.0,0.0,0.02057886631647782,"[0.019323671497584502, 0.02183406113537114]",0.0,0.5388891347076582,0.1,0.0,0.5277777777777778,"[0.49999999999999994, 0.5555555555555556]",0.1,0.010494037104896485,"[0.009852216748768473, 0.011135857461024499]",0.0,train
0.5833333333333333,"[0.7533333333333333, 0.41333333333333333]",0.0,4.0,0.5523381034533182,0.0,[56],167.0,0.0,0.0,"[0.0, 0.0]",0.0,0.5523381034533182,0.1,0.0,0.0,"[0.0, 0.0]",0.1,0.0,"[0.0, 0.0]",0.0,valid
0.5769398430688754,"[0.7306015693112468, 0.4232781168265039]",0.0,4.0,0.5379721107690231,0.0,[56],168.0,0.0,0.037316526229953725,"[0.009615384615384569, 0.06501766784452288]",0.0,0.5379721107690231,0.1,0.0,0.43823529411764706,"[0.19999999999999998, 0.6764705882352942]",0.1,0.019538035627429683,"[0.0049261083743842365, 0.03414996288047513]",0.0,train
0.585,"[0.7566666666666667, 0.41333333333333333]",0.0,4.0,0.5708475708961487,0.0,[56],168.0,0.0,0.0,"[0.0, 0.0]",0.0,0.5708475708961487,0.1,0.0,0.0,"[0.0, 0.0]",0.1,0.0,"[0.0, 0.0]",0.0,valid
0.5725806451612903,"[0.7323452484742807, 0.4128160418482999]",0.0,4.0,0.540954933218334,0.0,[56],169.0,0.0,0.012704563507496602,"[0.006472491909385084, 0.01893663510560812]",0.0,0.540954933218334,0.1,0.0,0.3611111111111111,"[0.22222222222222218, 0.5]",0.1,0.006467574357905361,"[0.003284072249589491, 0.009651076466221232]",0.0,train
0.575,"[0.7366666666666667, 0.41333333333333333]",0.0,4.0,0.5509053866068522,0.0,[56],169.0,0.0,0.0,"[0.0, 0.0]",0.0,0.5509053866068522,0.1,0.0,0.0,"[0.0, 0.0]",0.1,0.0,"[0.0, 0.0]",0.0,valid
0.5738884045335658,"[0.7314734088927637, 0.4163034001743679]",0.0,4.0,0.5379962532416634,0.0,[56],170.0,0.0,0.01862126296272941,"[0.00964630225080382, 0.027596223674655]",0.0,0.5379962532416634,0.1,0.0,0.432051282051282,"[0.23076923076923073, 0.6333333333333333]",0.1,0.009515763912507634,"[0.0049261083743842365, 0.014105419450631032]",0.0,train
0.585,"[0.7566666666666667, 0.41333333333333333]",0.0,4.0,0.565586785475413,0.0,[56],170.0,0.0,0.0,"[0.0, 0.0]",0.0,0.565586785475413,0.1,0.0,0.0,"[0.0, 0.0]",0.1,0.0,"[0.0, 0.0]",0.0,valid
0.5743243243243243,"[0.7353966870095903, 0.4132519616390584]",0.0,4.0,0.5383905042772708,0.0,[56],171.0,0.0,0.0116511238641798,"[0.013008130081300794, 0.010294117647058806]",0.0,0.5383905042772708,0.1,0.0,0.6025641025641024,"[0.6666666666666665, 0.5384615384615384]",0.1,0.005882438990495207,"[0.006568144499178982, 0.005196733481811433]",0.0,train
0.5883333333333334,"[0.7566666666666667, 0.42]",0.0,4.0,0.5450964967409769,0.0,[56],171.0,0.0,0.011235955056179761,"[0.0, 0.022471910112359522]",0.0,0.5450964967409769,0.1,0.0,0.4999999999999998,"[0.0, 0.9999999999999996]",0.1,0.005681818181818182,"[0.0, 0.011363636363636364]",0.0,valid
0.5758500435919791,"[0.7353966870095903, 0.4163034001743679]",0.0,4.0,0.536625950232796,0.0,[56],172.0,0.0,0.01847969461632084,"[0.0065466448445171774, 0.030412744388124503]",0.0,0.536625950232796,0.1,0.0,0.8088235294117645,"[0.9999999999999996, 0.6176470588235294]",0.1,0.009437136347511895,"[0.003284072249589491, 0.015590200445434299]",0.0,train
0.5800000000000001,"[0.7466666666666667, 0.41333333333333333]",0.0,4.0,0.5417983333269755,0.0,[56],172.0,0.0,0.0,"[0.0, 0.0]",0.0,0.5417983333269755,0.1,0.0,0.0,"[0.0, 0.0]",0.1,0.0,"[0.0, 0.0]",0.0,valid
0.5760680034873583,"[0.7327811682650393, 0.41935483870967744]",0.0,4.0,0.5384757311447806,0.0,[56],173.0,0.0,0.02496433666191152,"[0.0, 0.04992867332382304]",0.0,0.5384757311447806,0.1,0.0,0.3181818181818182,"[0.0, 0.6363636363636364]",0.1,0.012991833704528583,"[0.0, 0.025983667409057165]",0.0,train
0.5816666666666667,"[0.75, 0.41333333333333333]",0.0,4.0,0.5392873088518778,0.0,[56],173.0,0.0,0.0,"[0.0, 0.0]",0.0,0.5392873088518778,0.1,0.0,0.0,"[0.0, 0.0]",0.1,0.0,"[0.0, 0.0]",0.0,valid
0.5734524847428073,"[0.7327811682650393, 0.4141238012205754]",0.0,4.0,0.5381493257439655,0.0,[56],174.0,0.0,0.019484702093397706,"[0.012882447665056324, 0.026086956521739084]",0.0,0.5381493257439655,0.1,0.0,0.43939393939393934,"[0.33333333333333326, 0.5454545454545454]",0.1,0.00996558672620419,"[0.006568144499178982, 0.013363028953229399]",0.0,train
0.585,"[0.7566666666666667, 0.41333333333333333]",0.0,4.0,0.5526516834894816,0.0,[56],174.0,0.0,0.0,"[0.0, 0.0]",0.0,0.5526516834894816,0.1,0.0,0.0,"[0.0, 0.0]",0.1,0.0,"[0.0, 0.0]",0.0,valid
0.5756320836965998,"[0.7353966870095903, 0.41586748038360943]",0.0,4.0,0.5373252073059911,0.0,[56],175.0,0.0,0.01584286922041888,"[0.009787928221859693, 0.02189781021897807]",0.0,0.5373252073059911,0.1,0.0,0.701086956521739,"[0.7499999999999999, 0.6521739130434783]",0.1,0.008030982917704368,"[0.0049261083743842365, 0.011135857461024499]",0.0,train
0.585,"[0.7566666666666667, 0.41333333333333333]",0.0,4.0,0.5355268716812134,0.0,[56],175.0,0.0,0.0,"[0.0, 0.0]",0.0,0.5355268716812134,0.1,0.0,0.0,"[0.0, 0.0]",0.1,0.0,"[0.0, 0.0]",0.0,valid
0.5727986050566696,"[0.7288578901482128, 0.4167393199651264]",0.0,4.0,0.5392993144367052,0.0,[56],176.0,0.0,0.02452988951488982,"[0.015822784810126514, 0.03323699421965313]",0.0,0.5392993144367052,0.1,0.0,0.4195064629847238,"[0.21739130434782608, 0.6216216216216216]",0.1,0.012642581032105646,"[0.008210180623973728, 0.017074981440237565]",0.0,train
0.5816666666666667,"[0.75, 0.41333333333333333]",0.0,4.0,0.5366982221603394,0.0,[56],176.0,0.0,0.0,"[0.0, 0.0]",0.0,0.5366982221603394,0.1,0.0,0.0,"[0.0, 0.0]",0.1,0.0,"[0.0, 0.0]",0.0,valid
0.5736704446381866,"[0.7314734088927637, 0.41586748038360943]",0.0,4.0,0.5386925611806952,0.0,[56],177.0,0.0,0.019491651759093575,"[0.012820512820512773, 0.02616279069767438]",0.0,0.5386925611806952,0.1,0.0,0.4436781609195402,"[0.2666666666666666, 0.6206896551724138]",0.1,0.00996558672620419,"[0.006568144499178982, 0.013363028953229399]",0.0,train
0.5866666666666667,"[0.7566666666666667, 0.4166666666666667]",0.0,4.0,0.5363079706827799,0.0,[56],177.0,0.0,0.0056497175141242886,"[0.0, 0.011299435028248577]",0.0,0.5363079706827799,0.1,0.0,0.49999999999999944,"[0.0, 0.9999999999999989]",0.1,0.002840909090909091,"[0.0, 0.005681818181818182]",0.0,valid
0.5758500435919791,"[0.7336530078465562, 0.41804707933740193]",0.0,4.0,0.5365572714287302,0.0,[56],178.0,0.0,0.01990663063763147,"[0.006504065040650387, 0.03330919623461255]",0.0,0.5365572714287302,0.1,0.0,0.5049019607843137,"[0.33333333333333326, 0.6764705882352942]",0.1,0.010179526844913528,"[0.003284072249589491, 0.017074981440237565]",0.0,train
0.585,"[0.7566666666666667, 0.41333333333333333]",0.0,4.0,0.5428795019785563,0.0,[56],178.0,0.0,0.0,"[0.0, 0.0]",0.0,0.5428795019785563,0.1,0.0,0.0,"[0.0, 0.0]",0.1,0.0,"[0.0, 0.0]",0.0,valid
0.574106364428945,"[0.7340889276373147, 0.4141238012205754]",0.0,4.0,0.5370201079741769,0.0,[56],179.0,0.0,0.013748191027496358,"[0.0, 0.027496382054992715]",0.0,0.5370201079741769,0.1,0.0,0.2714285714285714,"[0.0, 0.5428571428571428]",0.1,0.007052709725315516,"[0.0, 0.014105419450631032]",0.0,train
0.5800000000000001,"[0.7466666666666667, 0.41333333333333333]",0.0,4.0,0.5401106675465902,0.0,[56],179.0,0.0,0.0,"[0.0, 0.0]",0.0,0.5401106675465902,0.1,0.0,0.0,"[0.0, 0.0]",0.1,0.0,"[0.0, 0.0]",0.0,valid
0.5736704446381866,"[0.7292938099389712, 0.41804707933740193]",0.0,4.0,0.5415284257868062,0.0,[56],180.0,0.0,0.027809414364036153,"[0.025117739403453607, 0.030501089324618695]",0.0,0.5415284257868062,0.1,0.0,0.4928571428571428,"[0.2857142857142857, 0.7]",0.1,0.01436324472189613,"[0.013136288998357963, 0.015590200445434299]",0.0,train
0.585,"[0.7566666666666667, 0.41333333333333333]",0.0,4.0,0.5494866172472636,0.0,[56],180.0,0.0,0.0,"[0.0, 0.0]",0.0,0.5494866172472636,0.1,0.0,0.0,"[0.0, 0.0]",0.1,0.0,"[0.0, 0.0]",0.0,valid
0.5771578029642546,"[0.7332170880557978, 0.4210985178727114]",0.0,4.0,0.536681056022644,0.0,[56],181.0,0.0,0.023694948642183723,"[0.009708737864077641, 0.03768115942028981]",0.0,0.536681056022644,0.1,0.0,0.5606060606060606,"[0.33333333333333326, 0.7878787878787878]",0.1,0.01211413065341335,"[0.0049261083743842365, 0.019302152932442463]",0.0,train
0.5883333333333334,"[0.7566666666666667, 0.42]",0.0,4.0,0.5428948998451233,0.0,[56],181.0,0.0,0.011235955056179761,"[0.0, 0.022471910112359522]",0.0,0.5428948998451233,0.1,0.0,0.4999999999999998,"[0.0, 0.9999999999999996]",0.1,0.005681818181818182,"[0.0, 0.011363636363636364]",0.0,valid
0.5736704446381866,"[0.7292938099389712, 0.41804707933740193]",0.0,4.0,0.5385170488253884,0.0,[56],182.0,0.0,0.01845054466230932,"[0.00639999999999995, 0.030501089324618695]",0.0,0.5385170488253884,0.1,0.0,0.4125,"[0.125, 0.7]",0.1,0.009437136347511895,"[0.003284072249589491, 0.015590200445434299]",0.0,train
0.585,"[0.7566666666666667, 0.41333333333333333]",0.0,4.0,0.5454806089401245,0.0,[56],182.0,0.0,0.0,"[0.0, 0.0]",0.0,0.5454806089401245,0.1,0.0,0.0,"[0.0, 0.0]",0.1,0.0,"[0.0, 0.0]",0.0,valid
0.5751961639058413,"[0.7340889276373147, 0.4163034001743679]",0.0,4.0,0.5362831703994585,0.0,[56],183.0,0.0,0.014724896019013643,"[0.003267973856209141, 0.026181818181818143]",0.0,0.5362831703994585,0.1,0.0,0.4880952380952381,"[0.33333333333333326, 0.6428571428571429]",0.1,0.007502532539012072,"[0.0016420361247947454, 0.013363028953229399]",0.0,train
0.585,"[0.7566666666666667, 0.41333333333333333]",0.0,4.0,0.5380267103513082,0.0,[56],183.0,0.0,0.0,"[0.0, 0.0]",0.0,0.5380267103513082,0.1,0.0,0.0,"[0.0, 0.0]",0.1,0.0,"[0.0, 0.0]",0.0,valid
0.5762859633827375,"[0.7314734088927637, 0.4210985178727114]",0.0,4.0,0.5391091574793276,0.0,[56],184.0,0.0,0.029616676637062207,"[0.006451612903225772, 0.05278174037089864]",0.0,0.5391091574793276,0.1,0.0,0.42727272727272725,"[0.1818181818181818, 0.6727272727272727]",0.1,0.01537626032672496,"[0.003284072249589491, 0.02746844840386043]",0.0,train
0.585,"[0.7566666666666667, 0.41333333333333333]",0.0,4.0,0.5464148124059042,0.0,[56],184.0,0.0,0.0,"[0.0, 0.0]",0.0,0.5464148124059042,0.1,0.0,0.0,"[0.0, 0.0]",0.1,0.0,"[0.0, 0.0]",0.0,valid
0.5745422842197037,"[0.7332170880557978, 0.41586748038360943]",0.0,4.0,0.5393577101437942,0.0,[56],185.0,0.0,0.012763590728451612,"[0.006493506493506471, 0.01903367496339675]",0.0,0.5393577101437942,0.1,0.0,0.4849624060150376,"[0.2857142857142857, 0.6842105263157895]",0.1,0.006467574357905361,"[0.003284072249589491, 0.009651076466221232]",0.0,train
0.585,"[0.7566666666666667, 0.41333333333333333]",0.0,4.0,0.5506772796312968,0.0,[56],185.0,0.0,0.0,"[0.0, 0.0]",0.0,0.5506772796312968,0.1,0.0,0.0,"[0.0, 0.0]",0.1,0.0,"[0.0, 0.0]",0.0,valid
0.574106364428945,"[0.7332170880557978, 0.4149956408020924]",0.0,4.0,0.5378734223220659,0.0,[56],186.0,0.0,0.008784773060029269,"[0.0, 0.017569546120058538]",0.0,0.5378734223220659,0.1,0.0,0.3157894736842105,"[0.0, 0.631578947368421]",0.1,0.004454342984409799,"[0.0, 0.008908685968819599]",0.0,train
0.585,"[0.7566666666666667, 0.41333333333333333]",0.0,4.0,0.5379520455996195,0.0,[56],186.0,0.0,0.0,"[0.0, 0.0]",0.0,0.5379520455996195,0.1,0.0,0.0,"[0.0, 0.0]",0.1,0.0,"[0.0, 0.0]",0.0,valid
0.5771578029642546,"[0.7323452484742807, 0.4219703574542284]",0.0,4.0,0.5367101145827252,0.0,[56],187.0,0.0,0.02805194805194801,"[0.0032467532467532244, 0.05285714285714279]",0.0,0.5367101145827252,0.1,0.0,0.42048517520215634,"[0.14285714285714285, 0.6981132075471698]",0.1,0.014555242264327589,"[0.0016420361247947454, 0.02746844840386043]",0.0,train
0.5833333333333333,"[0.7533333333333333, 0.41333333333333333]",0.0,4.0,0.551661491394043,0.0,[56],187.0,0.0,0.0,"[0.0, 0.0]",0.0,0.551661491394043,0.1,0.0,0.0,"[0.0, 0.0]",0.1,0.0,"[0.0, 0.0]",0.0,valid
0.5704010462074979,"[0.7306015693112468, 0.41020052310374894]",0.0,4.0,0.5399011347604834,0.0,[56],188.0,0.0,0.009328791787658447,"[0.0127795527156549, 0.005878030859661993]",0.0,0.5399011347604834,0.1,0.0,0.26050420168067223,"[0.23529411764705882, 0.2857142857142857]",0.1,0.004768853244392758,"[0.006568144499178982, 0.002969561989606533]",0.0,train
0.5816666666666667,"[0.75, 0.41333333333333333]",0.0,4.0,0.5492280125617981,0.0,[56],188.0,0.0,0.0,"[0.0, 0.0]",0.0,0.5492280125617981,0.1,0.0,0.0,"[0.0, 0.0]",0.1,0.0,"[0.0, 0.0]",0.0,valid
0.5754141238012206,"[0.7345248474280732, 0.4163034001743679]",0.0,4.0,0.5374115303806637,0.0,[56],189.0,0.0,0.029102960232389,"[0.0348652931854199, 0.0233406272793581]",0.0,0.5374115303806637,0.1,0.0,0.5833333333333333,"[0.5, 0.6666666666666666]",0.1,0.014970322665584165,"[0.0180623973727422, 0.011878247958426132]",0.0,train
0.5866666666666667,"[0.7566666666666667, 0.4166666666666667]",0.0,4.0,0.5459767580032349,0.0,[56],189.0,0.0,0.0056497175141242886,"[0.0, 0.011299435028248577]",0.0,0.5459767580032349,0.1,0.0,0.49999999999999944,"[0.0, 0.9999999999999989]",0.1,0.002840909090909091,"[0.0, 0.005681818181818182]",0.0,valid
0.5738884045335658,"[0.7349607672188317, 0.4128160418482999]",0.0,4.0,0.5368915459384089,0.0,[56],190.0,0.0,0.008954633216208745,"[0.00327868852459016, 0.01463057790782733]",0.0,0.5368915459384089,0.1,0.0,0.7499999999999994,"[0.9999999999999989, 0.5]",0.1,0.004532970549405539,"[0.0016420361247947454, 0.007423904974016332]",0.0,train
0.585,"[0.7566666666666667, 0.41333333333333333]",0.0,4.0,0.5409861008326212,0.0,[56],190.0,0.0,0.0,"[0.0, 0.0]",0.0,0.5409861008326212,0.1,0.0,0.0,"[0.0, 0.0]",0.1,0.0,"[0.0, 0.0]",0.0,valid
0.5736704446381866,"[0.7323452484742807, 0.4149956408020924]",0.0,4.0,0.5381456108196921,0.0,[56],191.0,0.0,0.013062409288824363,"[0.0, 0.026124818577648725]",0.0,0.5381456108196921,0.1,0.0,0.2903225806451613,"[0.0, 0.5806451612903226]",0.1,0.0066815144766146995,"[0.0, 0.013363028953229399]",0.0,train
0.585,"[0.7566666666666667, 0.41333333333333333]",0.0,4.0,0.5496600866317749,0.0,[56],191.0,0.0,0.0,"[0.0, 0.0]",0.0,0.5496600866317749,0.1,0.0,0.0,"[0.0, 0.0]",0.1,0.0,"[0.0, 0.0]",0.0,valid
0.5751961639058414,"[0.7332170880557978, 0.41717523975588494]",0.0,4.0,0.5377834853918656,0.0,[56],192.0,0.0,0.023433566433566387,"[0.019230769230769183, 0.027636363636363594]",0.0,0.5377834853918656,0.1,0.0,0.5392857142857143,"[0.39999999999999997, 0.6785714285714286]",0.1,0.011978818099699752,"[0.009852216748768473, 0.014105419450631032]",0.0,train
0.5833333333333334,"[0.7466666666666667, 0.42]",0.0,4.0,0.541029135386149,0.0,[56],192.0,0.0,0.011235955056179761,"[0.0, 0.022471910112359522]",0.0,0.541029135386149,0.1,0.0,0.4999999999999998,"[0.0, 0.9999999999999996]",0.1,0.005681818181818182,"[0.0, 0.011363636363636364]",0.0,valid
0.5747602441150829,"[0.7332170880557978, 0.4163034001743679]",0.0,4.0,0.5371004252330117,0.0,[56],193.0,0.0,0.01683503668917625,"[0.0032573289902279967, 0.030412744388124503]",0.0,0.5371004252330117,0.1,0.0,0.4088235294117647,"[0.19999999999999996, 0.6176470588235294]",0.1,0.008616118285114523,"[0.0016420361247947454, 0.015590200445434299]",0.0,train
0.5783333333333334,"[0.7433333333333333, 0.41333333333333333]",0.0,4.0,0.5418136119842529,0.0,[56],193.0,0.0,0.0,"[0.0, 0.0]",0.0,0.5418136119842529,0.1,0.0,0.0,"[0.0, 0.0]",0.1,0.0,"[0.0, 0.0]",0.0,valid
0.5762859633827375,"[0.7319093286835222, 0.42066259808195294]",0.0,4.0,0.5382028183211451,0.0,[56],194.0,0.0,0.02909215456309868,"[0.019138755980861188, 0.03904555314533618]",0.0,0.5382028183211451,0.1,0.0,0.5416666666666666,"[0.3333333333333333, 0.75]",0.1,0.014948380089306285,"[0.009852216748768473, 0.0200445434298441]",0.0,train
0.585,"[0.7566666666666667, 0.41333333333333333]",0.0,4.0,0.547395666440328,0.0,[56],194.0,0.0,0.0,"[0.0, 0.0]",0.0,0.547395666440328,0.1,0.0,0.0,"[0.0, 0.0]",0.1,0.0,"[0.0, 0.0]",0.0,valid
0.574106364428945,"[0.7349607672188317, 0.4132519616390584]",0.0,4.0,0.5377224282078121,0.0,[56],195.0,0.0,0.012926929157856615,"[0.009771986970684023, 0.016081871345029208]",0.0,0.5377224282078121,0.1,0.0,0.5619047619047619,"[0.5999999999999999, 0.5238095238095238]",0.1,0.006546201922901101,"[0.0049261083743842365, 0.008166295471417966]",0.0,train
0.5816666666666667,"[0.75, 0.41333333333333333]",0.0,4.0,0.5473405520121256,0.0,[56],195.0,0.0,0.0,"[0.0, 0.0]",0.0,0.5473405520121256,0.1,0.0,0.0,"[0.0, 0.0]",0.1,0.0,"[0.0, 0.0]",0.0,valid
0.5765039232781168,"[0.7323452484742807, 0.42066259808195294]",0.0,4.0,0.5363395343656125,0.0,[56],196.0,0.0,0.022063182956864855,"[0.006472491909385084, 0.037653874004344626]",0.0,0.5363395343656125,0.1,0.0,0.49346405228758167,"[0.22222222222222218, 0.7647058823529411]",0.1,0.011293112591015977,"[0.003284072249589491, 0.019302152932442463]",0.0,train
0.585,"[0.7566666666666667, 0.41333333333333333]",0.0,4.0,0.5606618920962015,0.0,[56],196.0,0.0,0.0,"[0.0, 0.0]",0.0,0.5606618920962015,0.1,0.0,0.0,"[0.0, 0.0]",0.1,0.0,"[0.0, 0.0]",0.0,valid
0.5762859633827375,"[0.7340889276373147, 0.4184829991281604]",0.0,4.0,0.5364535852618839,0.0,[56],197.0,0.0,0.023401213882314306,"[0.00651465798045601, 0.0402877697841726]",0.0,0.5364535852618839,0.1,0.0,0.5255813953488372,"[0.3999999999999999, 0.6511627906976745]",0.1,0.012035503088417611,"[0.003284072249589491, 0.020786933927245732]",0.0,train
0.5833333333333333,"[0.7533333333333333, 0.41333333333333333]",0.0,4.0,0.5474638442198435,0.0,[56],197.0,0.0,0.0,"[0.0, 0.0]",0.0,0.5474638442198435,0.1,0.0,0.0,"[0.0, 0.0]",0.1,0.0,"[0.0, 0.0]",0.0,valid
0.5736704446381866,"[0.7336530078465562, 0.41368788142981694]",0.0,4.0,0.5370180334733881,0.0,[56],198.0,0.0,0.007326007326007312,"[0.0, 0.014652014652014624]",0.0,0.5370180334733881,0.1,0.0,0.2777777777777778,"[0.0, 0.5555555555555556]",0.1,0.003711952487008166,"[0.0, 0.007423904974016332]",0.0,train
0.585,"[0.7566666666666667, 0.41333333333333333]",0.0,4.0,0.5434006651242574,0.0,[56],198.0,0.0,0.0,"[0.0, 0.0]",0.0,0.5434006651242574,0.1,0.0,0.0,"[0.0, 0.0]",0.1,0.0,"[0.0, 0.0]",0.0,valid
0.5730165649520489,"[0.7306015693112468, 0.4154315605928509]",0.0,4.0,0.539837711531183,0.0,[56],199.0,0.0,0.0204647285610086,"[0.019047619047618983, 0.021881838074398214]",0.0,0.539837711531183,0.1,0.0,0.45535714285714285,"[0.2857142857142857, 0.625]",0.1,0.010494037104896485,"[0.009852216748768473, 0.011135857461024499]",0.0,train
0.5833333333333333,"[0.7533333333333333, 0.41333333333333333]",0.0,4.0,0.540829598903656,0.0,[56],199.0,0.0,0.0,"[0.0, 0.0]",0.0,0.540829598903656,0.1,0.0,0.0,"[0.0, 0.0]",0.1,0.0,"[0.0, 0.0]",0.0,valid
0.5747602441150828,"[0.7336530078465562, 0.41586748038360943]",0.0,4.0,0.5381125678186831,0.0,[56],200.0,0.0,0.012580226479798978,"[0.003262642740619889, 0.02189781021897807]",0.0,0.5381125678186831,0.1,0.0,0.45108695652173914,"[0.24999999999999994, 0.6521739130434783]",0.1,0.006388946792909622,"[0.0016420361247947454, 0.011135857461024499]",0.0,train
0.585,"[0.7566666666666667, 0.41333333333333333]",0.0,4.0,0.5573712984720866,0.0,[56],200.0,0.0,0.0,"[0.0, 0.0]",0.0,0.5573712984720866,0.1,0.0,0.0,"[0.0, 0.0]",0.1,0.0,"[0.0, 0.0]",0.0,valid
0.576721883173496,"[0.7345248474280732, 0.4189189189189189]",0.0,4.0,0.5381113757257876,0.0,[56],201.0,0.0,0.022035205917515177,"[0.006525285481239791, 0.037545126353790564]",0.0,0.5381113757257876,0.1,0.0,0.5921052631578947,"[0.4999999999999999, 0.6842105263157895]",0.1,0.011293112591015977,"[0.003284072249589491, 0.019302152932442463]",0.0,train
0.585,"[0.7566666666666667, 0.41333333333333333]",0.0,4.0,0.5564593176047007,0.0,[56],201.0,0.0,0.0,"[0.0, 0.0]",0.0,0.5564593176047007,0.1,0.0,0.0,"[0.0, 0.0]",0.1,0.0,"[0.0, 0.0]",0.0,valid
0.5721447253705318,"[0.7319093286835222, 0.41238012205754143]",0.0,4.0,0.5383325581965239,0.0,[56],202.0,0.0,0.008209325337971692,"[0.003241491085899488, 0.013177159590043896]",0.0,0.5383325581965239,0.1,0.0,0.29934210526315785,"[0.12499999999999997, 0.47368421052631576]",0.1,0.004161775300704723,"[0.0016420361247947454, 0.0066815144766146995]",0.0,train
0.5866666666666667,"[0.7566666666666667, 0.4166666666666667]",0.0,4.0,0.5574745138486227,0.0,[56],202.0,0.0,0.0056497175141242886,"[0.0, 0.011299435028248577]",0.0,0.5574745138486227,0.1,0.0,0.49999999999999944,"[0.0, 0.9999999999999989]",0.1,0.002840909090909091,"[0.0, 0.005681818181818182]",0.0,valid
0.5769398430688752,"[0.7314734088927637, 0.4224062772449869]",0.0,4.0,0.537971045659936,0.0,[56],203.0,0.0,0.02508960573476699,"[0.0, 0.05017921146953398]",0.0,0.537971045659936,0.1,0.0,0.3645833333333333,"[0.0, 0.7291666666666666]",0.1,0.012991833704528583,"[0.0, 0.025983667409057165]",0.0,train
0.5883333333333334,"[0.7566666666666667, 0.42]",0.0,4.0,0.5367323855559031,0.0,[56],203.0,0.0,0.027173913043478215,"[0.0, 0.05434782608695643]",0.0,0.5367323855559031,0.1,0.0,0.31249999999999994,"[0.0, 0.6249999999999999]",0.1,0.014204545454545454,"[0.0, 0.028409090909090908]",0.0,valid
0.5725806451612903,"[0.7301656495204882, 0.4149956408020924]",0.0,4.0,0.5408599273018215,0.0,[56],204.0,0.0,0.01608208598707556,"[0.0032206119162640524, 0.028943560057887067]",0.0,0.5408599273018215,0.1,0.0,0.32738095238095233,"[0.08333333333333331, 0.5714285714285714]",0.1,0.008244923036413705,"[0.0016420361247947454, 0.014847809948032665]",0.0,train
0.585,"[0.7566666666666667, 0.41333333333333333]",0.0,4.0,0.5604613224665324,0.0,[56],204.0,0.0,0.0,"[0.0, 0.0]",0.0,0.5604613224665324,0.1,0.0,0.0,"[0.0, 0.0]",0.1,0.0,"[0.0, 0.0]",0.0,valid
0.5765039232781168,"[0.7306015693112468, 0.4224062772449869]",0.0,4.0,0.5410321328950964,0.0,[56],205.0,0.0,0.025336842837596484,"[0.0032258064516128685, 0.0474478792235801]",0.0,0.5410321328950964,0.1,0.0,0.42045454545454547,"[0.0909090909090909, 0.75]",0.1,0.013070461269524321,"[0.0016420361247947454, 0.024498886414253896]",0.0,train
0.585,"[0.7533333333333333, 0.4166666666666667]",0.0,4.0,0.5426655411720276,0.0,[56],205.0,0.0,0.0056497175141242886,"[0.0, 0.011299435028248577]",0.0,0.5426655411720276,0.1,0.0,0.49999999999999944,"[0.0, 0.9999999999999989]",0.1,0.002840909090909091,"[0.0, 0.005681818181818182]",0.0,valid
0.5760680034873583,"[0.7345248474280732, 0.4176111595466434]",0.0,4.0,0.5370774450509445,0.0,[56],206.0,0.0,0.01709088145968829,"[0.006525285481239791, 0.02765647743813679]",0.0,0.5370774450509445,0.1,0.0,0.6018518518518519,"[0.4999999999999999, 0.7037037037037037]",0.1,0.008694745850110262,"[0.003284072249589491, 0.014105419450631032]",0.0,train
0.585,"[0.7566666666666667, 0.41333333333333333]",0.0,4.0,0.5494123895963033,0.0,[56],206.0,0.0,0.0,"[0.0, 0.0]",0.0,0.5494123895963033,0.1,0.0,0.0,"[0.0, 0.0]",0.1,0.0,"[0.0, 0.0]",0.0,valid
0.5747602441150829,"[0.7332170880557978, 0.4163034001743679]",0.0,4.0,0.5352108763611835,0.0,[56],207.0,0.0,0.019154200824482784,"[0.006493506493506471, 0.0318148951554591]",0.0,0.5352108763611835,0.1,0.0,0.44841269841269843,"[0.2857142857142857, 0.6111111111111112]",0.1,0.009808331596212711,"[0.003284072249589491, 0.016332590942835932]",0.0,train
0.5833333333333333,"[0.7533333333333333, 0.41333333333333333]",0.0,4.0,0.5432258049647013,0.0,[56],207.0,0.0,0.0,"[0.0, 0.0]",0.0,0.5432258049647013,0.1,0.0,0.0,"[0.0, 0.0]",0.1,0.0,"[0.0, 0.0]",0.0,valid
0.5736704446381866,"[0.7319093286835222, 0.4154315605928509]",0.0,4.0,0.5381256601084834,0.0,[56],208.0,0.0,0.009509875640087768,"[0.0, 0.019019751280175537]",0.0,0.5381256601084834,0.1,0.0,0.325,"[0.0, 0.65]",0.1,0.004825538233110616,"[0.0, 0.009651076466221232]",0.0,train
0.585,"[0.7566666666666667, 0.41333333333333333]",0.0,4.0,0.5496328075726827,0.0,[56],208.0,0.0,0.0,"[0.0, 0.0]",0.0,0.5496328075726827,0.1,0.0,0.0,"[0.0, 0.0]",0.1,0.0,"[0.0, 0.0]",0.0,valid
0.5734524847428073,"[0.7327811682650393, 0.4141238012205754]",0.0,4.0,0.5382319947947627,0.0,[56],209.0,0.0,0.01201342091046089,"[0.006482982171799001, 0.01754385964912278]",0.0,0.5382319947947627,0.1,0.0,0.4107142857142857,"[0.24999999999999994, 0.5714285714285714]",0.1,0.006096379109204545,"[0.003284072249589491, 0.008908685968819599]",0.0,train
0.5833333333333333,"[0.7533333333333333, 0.41333333333333333]",0.0,4.0,0.5333979427814484,0.0,[56],209.0,0.0,0.0,"[0.0, 0.0]",0.0,0.5333979427814484,0.1,0.0,0.0,"[0.0, 0.0]",0.1,0.0,"[0.0, 0.0]",0.0,valid
0.5749782040104621,"[0.7327811682650393, 0.41717523975588494]",0.0,4.0,0.5375855694646421,0.0,[56],210.0,0.0,0.019171976241583764,"[0.006482982171799001, 0.031860970311368524]",0.0,0.5375855694646421,0.1,0.0,0.44852941176470584,"[0.24999999999999994, 0.6470588235294118]",0.1,0.009808331596212711,"[0.003284072249589491, 0.016332590942835932]",0.0,train
0.585,"[0.7566666666666667, 0.41333333333333333]",0.0,4.0,0.5517823696136475,0.0,[56],210.0,0.0,0.0,"[0.0, 0.0]",0.0,0.5517823696136475,0.1,0.0,0.0,"[0.0, 0.0]",0.1,0.0,"[0.0, 0.0]",0.0,valid
0.5749782040104621,"[0.7310374891020053, 0.4189189189189189]",0.0,4.0,0.5401455125083094,0.0,[56],211.0,0.0,0.030149989421256924,"[0.02834645669291331, 0.03195352214960054]",0.0,0.5401455125083094,0.1,0.0,0.5397435897435897,"[0.34615384615384615, 0.7333333333333333]",0.1,0.01555545803299432,"[0.014778325123152709, 0.016332590942835932]",0.0,train
0.5766666666666667,"[0.74, 0.41333333333333333]",0.0,4.0,0.5394353270530701,0.0,[56],211.0,0.0,0.0,"[0.0, 0.0]",0.0,0.5394353270530701,0.1,0.0,0.0,"[0.0, 0.0]",0.1,0.0,"[0.0, 0.0]",0.0,valid
0.5738884045335658,"[0.7319093286835222, 0.41586748038360943]",0.0,4.0,0.5392148274442424,0.0,[56],212.0,0.0,0.0118546636716047,"[0.003241491085899488, 0.020467836257309913]",0.0,0.5392148274442424,0.1,0.0,0.3958333333333333,"[0.12499999999999997, 0.6666666666666666]",0.1,0.006017751544208806,"[0.0016420361247947454, 0.010393466963622866]",0.0,train
0.585,"[0.7566666666666667, 0.41333333333333333]",0.0,4.0,0.547671377658844,0.0,[56],212.0,0.0,0.0,"[0.0, 0.0]",0.0,0.547671377658844,0.1,0.0,0.0,"[0.0, 0.0]",0.1,0.0,"[0.0, 0.0]",0.0,valid
0.5743243243243243,"[0.7332170880557978, 0.4154315605928509]",0.0,4.0,0.537765102541965,0.0,[56],213.0,0.0,0.011653313911143461,"[0.0, 0.023306627822286922]",0.0,0.537765102541965,0.1,0.0,0.3076923076923077,"[0.0, 0.6153846153846154]",0.1,0.005939123979213066,"[0.0, 0.011878247958426132]",0.0,train
0.585,"[0.7566666666666667, 0.41333333333333333]",0.0,4.0,0.5358270009358724,0.0,[56],213.0,0.0,0.0,"[0.0, 0.0]",0.0,0.5358270009358724,0.1,0.0,0.0,"[0.0, 0.0]",0.1,0.0,"[0.0, 0.0]",0.0,valid
0.5743243243243243,"[0.7319093286835222, 0.4167393199651264]",0.0,4.0,0.5382533617641615,0.0,[56],214.0,0.0,0.023535953845619108,"[0.009661835748792232, 0.037410071942445985]",0.0,0.5382533617641615,0.1,0.0,0.4273255813953488,"[0.24999999999999997, 0.6046511627906976]",0.1,0.01211413065341335,"[0.0049261083743842365, 0.019302152932442463]",0.0,train
0.5800000000000001,"[0.7466666666666667, 0.41333333333333333]",0.0,4.0,0.5428894956906637,0.0,[56],214.0,0.0,0.0,"[0.0, 0.0]",0.0,0.5428894956906637,0.1,0.0,0.0,"[0.0, 0.0]",0.1,0.0,"[0.0, 0.0]",0.0,valid
0.5743243243243243,"[0.7327811682650393, 0.41586748038360943]",0.0,4.0,0.5378842638886493,0.0,[56],215.0,0.0,0.011661807580174908,"[0.0, 0.023323615160349816]",0.0,0.5378842638886493,0.1,0.0,0.32,"[0.0, 0.64]",0.1,0.005939123979213066,"[0.0, 0.011878247958426132]",0.0,train
0.5816666666666667,"[0.75, 0.41333333333333333]",0.0,4.0,0.5429914395014445,0.0,[56],215.0,0.0,0.0,"[0.0, 0.0]",0.0,0.5429914395014445,0.1,0.0,0.0,"[0.0, 0.0]",0.1,0.0,"[0.0, 0.0]",0.0,valid
0.5730165649520488,"[0.7340889276373147, 0.4119442022667829]",0.0,4.0,0.5374650281408558,0.0,[56],216.0,0.0,0.00531316279271089,"[0.003267973856209141, 0.007358351729212638]",0.0,0.5374650281408558,0.1,0.0,0.37499999999999994,"[0.33333333333333326, 0.41666666666666663]",0.1,0.002676994305901456,"[0.0016420361247947454, 0.003711952487008166]",0.0,train
0.5766666666666667,"[0.74, 0.41333333333333333]",0.0,4.0,0.5453445116678873,0.0,[56],216.0,0.0,0.012499999999999921,"[0.024999999999999842, 0.0]",0.0,0.5453445116678873,0.1,0.0,0.07142857142857142,"[0.14285714285714285, 0.0]",0.1,0.00684931506849315,"[0.0136986301369863, 0.0]",0.0,valid
0.5710549258936356,"[0.7279860505666957, 0.4141238012205754]",0.0,4.0,0.5382206945315652,0.0,[56],217.0,0.0,0.0169772714704418,"[0.028037383177569992, 0.0059171597633136015]",0.0,0.5382206945315652,0.1,0.0,0.5363636363636363,"[0.2727272727272727, 0.7999999999999998]",0.1,0.008873943556379622,"[0.014778325123152709, 0.002969561989606533]",0.0,train
0.5816666666666667,"[0.7466666666666667, 0.4166666666666667]",0.0,4.0,0.5336394806702932,0.0,[56],217.0,0.0,0.0056497175141242886,"[0.0, 0.011299435028248577]",0.0,0.5336394806702932,0.1,0.0,0.49999999999999944,"[0.0, 0.9999999999999989]",0.1,0.002840909090909091,"[0.0, 0.005681818181818182]",0.0,valid
0.5749782040104621,"[0.7332170880557978, 0.4167393199651264]",0.0,4.0,0.53832840660344,0.0,[56],218.0,0.0,0.01754762252695189,"[0.0032573289902279967, 0.03183791606367579]",0.0,0.53832840660344,0.1,0.0,0.41428571428571426,"[0.19999999999999996, 0.6285714285714286]",0.1,0.00898731353381534,"[0.0016420361247947454, 0.016332590942835932]",0.0,train
0.5833333333333333,"[0.7533333333333333, 0.41333333333333333]",0.0,4.0,0.5414758721987406,0.0,[56],218.0,0.0,0.0,"[0.0, 0.0]",0.0,0.5414758721987406,0.1,0.0,0.0,"[0.0, 0.0]",0.1,0.0,"[0.0, 0.0]",0.0,valid
0.5749782040104621,"[0.7345248474280732, 0.4154315605928509]",0.0,4.0,0.5346628323845242,0.0,[56],219.0,0.0,0.019306387924851787,"[0.022471910112359505, 0.01614086573734407]",0.0,0.5346628323845242,0.1,0.0,0.59375,"[0.49999999999999994, 0.6875]",0.1,0.009830274172490591,"[0.011494252873563218, 0.008166295471417966]",0.0,train
0.58,"[0.7433333333333333, 0.4166666666666667]",0.0,4.0,0.5330433448155721,0.0,[56],219.0,0.0,0.0056497175141242886,"[0.0, 0.011299435028248577]",0.0,0.5330433448155721,0.1,0.0,0.49999999999999944,"[0.0, 0.9999999999999989]",0.1,0.002840909090909091,"[0.0, 0.005681818181818182]",0.0,valid
0.5725806451612904,"[0.7306015693112468, 0.4145597210113339]",0.0,4.0,0.5372076215951339,0.0,[56],220.0,0.0,0.006612784717119755,"[0.0, 0.01322556943423951]",0.0,0.5372076215951339,0.1,0.0,0.3214285714285714,"[0.0, 0.6428571428571428]",0.1,0.0033407572383073497,"[0.0, 0.0066815144766146995]",0.0,train
0.585,"[0.7566666666666667, 0.41333333333333333]",0.0,4.0,0.5542387763659159,0.0,[56],220.0,0.0,0.0,"[0.0, 0.0]",0.0,0.5542387763659159,0.1,0.0,0.0,"[0.0, 0.0]",0.1,0.0,"[0.0, 0.0]",0.0,valid
0.5732345248474281,"[0.7327811682650393, 0.41368788142981694]",0.0,4.0,0.5378804012485172,0.0,[56],221.0,0.0,0.010567498411906812,"[0.006482982171799001, 0.014652014652014624]",0.0,0.5378804012485172,0.1,0.0,0.4027777777777778,"[0.24999999999999994, 0.5555555555555556]",0.1,0.005353988611802912,"[0.003284072249589491, 0.007423904974016332]",0.0,train
0.585,"[0.7566666666666667, 0.41333333333333333]",0.0,4.0,0.5556275844573975,0.0,[56],221.0,0.0,0.0,"[0.0, 0.0]",0.0,0.5556275844573975,0.1,0.0,0.0,"[0.0, 0.0]",0.1,0.0,"[0.0, 0.0]",0.0,valid
0.5738884045335658,"[0.7340889276373147, 0.41368788142981694]",0.0,4.0,0.5387983607209247,0.0,[56],222.0,0.0,0.011623338119833949,"[0.012944983818770198, 0.0103016924208977]",0.0,0.5387983607209247,0.1,0.0,0.5138888888888888,"[0.44444444444444436, 0.5833333333333333]",0.1,0.005882438990495207,"[0.006568144499178982, 0.005196733481811433]",0.0,train
0.585,"[0.7566666666666667, 0.41333333333333333]",0.0,4.0,0.5425766309102377,0.0,[56],222.0,0.0,0.0,"[0.0, 0.0]",0.0,0.5425766309102377,0.1,0.0,0.0,"[0.0, 0.0]",0.1,0.0,"[0.0, 0.0]",0.0,valid
0.5732345248474281,"[0.7306015693112468, 0.41586748038360943]",0.0,4.0,0.5386435078537982,0.0,[56],223.0,0.0,0.016296829432438455,"[0.0064308681672025315, 0.02616279069767438]",0.0,0.5386435078537982,0.1,0.0,0.38726790450928383,"[0.15384615384615383, 0.6206896551724138]",0.1,0.008323550601409446,"[0.003284072249589491, 0.013363028953229399]",0.0,train
0.5800000000000001,"[0.7466666666666667, 0.41333333333333333]",0.0,4.0,0.5461554527282715,0.0,[56],223.0,0.0,0.01282051282051276,"[0.02564102564102552, 0.0]",0.0,0.5461554527282715,0.1,0.0,0.09999999999999998,"[0.19999999999999996, 0.0]",0.1,0.00684931506849315,"[0.0136986301369863, 0.0]",0.0,valid
0.5751961639058414,"[0.7327811682650393, 0.4176111595466434]",0.0,4.0,0.5359841403753861,0.0,[56],224.0,0.0,0.02238325281803539,"[0.012882447665056324, 0.03188405797101445]",0.0,0.5359841403753861,0.1,0.0,0.49999999999999994,"[0.33333333333333326, 0.6666666666666666]",0.1,0.011450367721007456,"[0.006568144499178982, 0.016332590942835932]",0.0,train
0.585,"[0.7566666666666667, 0.41333333333333333]",0.0,4.0,0.5484678049882253,0.0,[56],224.0,0.0,0.0,"[0.0, 0.0]",0.0,0.5484678049882253,0.1,0.0,0.0,"[0.0, 0.0]",0.1,0.0,"[0.0, 0.0]",0.0,valid
0.5717088055797733,"[0.7301656495204882, 0.4132519616390584]",0.0,4.0,0.5383649222228838,0.0,[56],225.0,0.0,0.0060285681083529314,"[0.0032206119162640524, 0.00883652430044181]",0.0,0.5383649222228838,0.1,0.0,0.31439393939393934,"[0.08333333333333331, 0.5454545454545454]",0.1,0.0030481895546022723,"[0.0016420361247947454, 0.004454342984409799]",0.0,train
0.585,"[0.7566666666666667, 0.41333333333333333]",0.0,4.0,0.543307880560557,0.0,[56],225.0,0.0,0.0,"[0.0, 0.0]",0.0,0.543307880560557,0.1,0.0,0.0,"[0.0, 0.0]",0.1,0.0,"[0.0, 0.0]",0.0,valid
0.5732345248474281,"[0.7319093286835222, 0.4145597210113339]",0.0,4.0,0.5375295903371728,0.0,[56],226.0,0.0,0.01111672801190517,"[0.003241491085899488, 0.018991964937910853]",0.0,0.5375295903371728,0.1,0.0,0.35795454545454547,"[0.12499999999999997, 0.5909090909090909]",0.1,0.005646556295507988,"[0.0016420361247947454, 0.009651076466221232]",0.0,train
0.585,"[0.7566666666666667, 0.41333333333333333]",0.0,4.0,0.5476161042849222,0.0,[56],226.0,0.0,0.0,"[0.0, 0.0]",0.0,0.5476161042849222,0.1,0.0,0.0,"[0.0, 0.0]",0.1,0.0,"[0.0, 0.0]",0.0,valid
0.5717088055797733,"[0.7297297297297297, 0.41368788142981694]",0.0,4.0,0.5387216443600862,0.0,[56],227.0,0.0,0.006895165105497179,"[0.006410256410256363, 0.007380073800737995]",0.0,0.5387216443600862,0.1,0.0,0.3791666666666666,"[0.1333333333333333, 0.6249999999999999]",0.1,0.0034980123682988285,"[0.003284072249589491, 0.003711952487008166]",0.0,train
0.585,"[0.7566666666666667, 0.41333333333333333]",0.0,4.0,0.5417934656143188,0.0,[56],227.0,0.0,0.0,"[0.0, 0.0]",0.0,0.5417934656143188,0.1,0.0,0.0,"[0.0, 0.0]",0.1,0.0,"[0.0, 0.0]",0.0,valid
0.5754141238012206,"[0.7349607672188317, 0.41586748038360943]",0.0,4.0,0.5360984400562618,0.0,[56],228.0,0.0,0.021008067361290742,"[0.00327868852459016, 0.038737446197991326]",0.0,0.5360984400562618,0.1,0.0,0.787234042553191,"[0.9999999999999989, 0.574468085106383]",0.1,0.010843289777319423,"[0.0016420361247947454, 0.0200445434298441]",0.0,train
0.585,"[0.7566666666666667, 0.41333333333333333]",0.0,4.0,0.5445961554845175,0.0,[56],228.0,0.0,0.0,"[0.0, 0.0]",0.0,0.5445961554845175,0.1,0.0,0.0,"[0.0, 0.0]",0.1,0.0,"[0.0, 0.0]",0.0,valid
0.574106364428945,"[0.7340889276373147, 0.4141238012205754]",0.0,4.0,0.5354259739751401,0.0,[56],229.0,0.0,0.01040591675266596,"[0.003267973856209141, 0.01754385964912278]",0.0,0.5354259739751401,0.1,0.0,0.45238095238095233,"[0.33333333333333326, 0.5714285714285714]",0.1,0.005275361046807172,"[0.0016420361247947454, 0.008908685968819599]",0.0,train
0.585,"[0.7566666666666667, 0.41333333333333333]",0.0,4.0,0.5424773494402567,0.0,[56],229.0,0.0,0.0,"[0.0, 0.0]",0.0,0.5424773494402567,0.1,0.0,0.0,"[0.0, 0.0]",0.1,0.0,"[0.0, 0.0]",0.0,valid
0.5773757628596339,"[0.7349607672188317, 0.4197907585004359]",0.0,4.0,0.5362675086311672,0.0,[56],230.0,0.0,0.023685704259022392,"[0.009771986970684023, 0.03759942154736076]",0.0,0.5362675086311672,0.1,0.0,0.661111111111111,"[0.5999999999999999, 0.7222222222222222]",0.1,0.01211413065341335,"[0.0049261083743842365, 0.019302152932442463]",0.0,train
0.585,"[0.7566666666666667, 0.41333333333333333]",0.0,4.0,0.5447681347529093,0.0,[56],230.0,0.0,0.0,"[0.0, 0.0]",0.0,0.5447681347529093,0.1,0.0,0.0,"[0.0, 0.0]",0.1,0.0,"[0.0, 0.0]",0.0,valid
0.5782476024411508,"[0.7332170880557978, 0.4232781168265039]",0.0,4.0,0.5357029554636582,0.0,[56],231.0,0.0,0.029732078944677325,"[0.006493506493506471, 0.05297065139584818]",0.0,0.5357029554636582,0.1,0.0,0.5128571428571429,"[0.2857142857142857, 0.74]",0.1,0.01537626032672496,"[0.003284072249589491, 0.02746844840386043]",0.0,train
0.585,"[0.7566666666666667, 0.41333333333333333]",0.0,4.0,0.5443959136803945,0.0,[56],231.0,0.0,0.0,"[0.0, 0.0]",0.0,0.5443959136803945,0.1,0.0,0.0,"[0.0, 0.0]",0.1,0.0,"[0.0, 0.0]",0.0,valid
0.572362685265911,"[0.7301656495204882, 0.4145597210113339]",0.0,4.0,0.53847343766171,0.0,[56],232.0,0.0,0.022694815453109234,"[0.02211690363349124, 0.02327272727272723]",0.0,0.53847343766171,0.1,0.0,0.43154761904761907,"[0.2916666666666667, 0.5714285714285714]",0.1,0.011686250415994675,"[0.011494252873563218, 0.011878247958426132]",0.0,train
0.585,"[0.7566666666666667, 0.41333333333333333]",0.0,4.0,0.5507311026255289,0.0,[56],232.0,0.0,0.0,"[0.0, 0.0]",0.0,0.5507311026255289,0.1,0.0,0.0,"[0.0, 0.0]",0.1,0.0,"[0.0, 0.0]",0.0,valid
0.5743243243243243,"[0.7306015693112468, 0.41804707933740193]",0.0,4.0,0.5375572818776836,0.0,[56],233.0,0.0,0.01826750134311271,"[0.0032258064516128685, 0.03330919623461255]",0.0,0.5375572818776836,0.1,0.0,0.38368983957219255,"[0.0909090909090909, 0.6764705882352942]",0.1,0.009358508782516156,"[0.0016420361247947454, 0.017074981440237565]",0.0,train
0.5833333333333333,"[0.7533333333333333, 0.41333333333333333]",0.0,4.0,0.5428022344907125,0.0,[56],233.0,0.0,0.0,"[0.0, 0.0]",0.0,0.5428022344907125,0.1,0.0,0.0,"[0.0, 0.0]",0.1,0.0,"[0.0, 0.0]",0.0,valid
0.5754141238012206,"[0.7345248474280732, 0.4163034001743679]",0.0,4.0,0.5380061748235122,0.0,[56],234.0,0.0,0.00952380952380951,"[0.0, 0.01904761904761902]",0.0,0.5380061748235122,0.1,0.0,0.3611111111111111,"[0.0, 0.7222222222222222]",0.1,0.004825538233110616,"[0.0, 0.009651076466221232]",0.0,train
0.5833333333333333,"[0.7533333333333333, 0.41333333333333333]",0.0,4.0,0.5392184754212698,0.0,[56],234.0,0.0,0.0,"[0.0, 0.0]",0.0,0.5392184754212698,0.1,0.0,0.0,"[0.0, 0.0]",0.1,0.0,"[0.0, 0.0]",0.0,valid
0.5745422842197035,"[0.7323452484742807, 0.4167393199651264]",0.0,4.0,0.53828756964725,0.0,[56],235.0,0.0,0.030014430014429952,"[0.02539682539682533, 0.034632034632034576]",0.0,0.53828756964725,0.1,0.0,0.4981684981684982,"[0.38095238095238093, 0.6153846153846154]",0.1,0.015476830467998581,"[0.013136288998357963, 0.017817371937639197]",0.0,train
0.585,"[0.7566666666666667, 0.41333333333333333]",0.0,4.0,0.549793541431427,0.0,[56],235.0,0.0,0.0,"[0.0, 0.0]",0.0,0.549793541431427,0.1,0.0,0.0,"[0.0, 0.0]",0.1,0.0,"[0.0, 0.0]",0.0,valid
0.5743243243243243,"[0.7332170880557978, 0.4154315605928509]",0.0,4.0,0.5377643212028171,0.0,[56],236.0,0.0,0.01912526025547236,"[0.019230769230769183, 0.019019751280175537]",0.0,0.5377643212028171,0.1,0.0,0.525,"[0.39999999999999997, 0.65]",0.1,0.009751646607494852,"[0.009852216748768473, 0.009651076466221232]",0.0,train
0.585,"[0.7566666666666667, 0.41333333333333333]",0.0,4.0,0.5472233096758524,0.0,[56],236.0,0.0,0.0,"[0.0, 0.0]",0.0,0.5472233096758524,0.1,0.0,0.0,"[0.0, 0.0]",0.1,0.0,"[0.0, 0.0]",0.0,valid
0.5736704446381866,"[0.7340889276373147, 0.4132519616390584]",0.0,4.0,0.5392117785370868,0.0,[56],237.0,0.0,0.00823222739731277,"[0.003267973856209141, 0.013196480938416398]",0.0,0.5392117785370868,0.1,0.0,0.4313725490196078,"[0.33333333333333326, 0.5294117647058824]",0.1,0.004161775300704723,"[0.0016420361247947454, 0.0066815144766146995]",0.0,train
0.5800000000000001,"[0.7466666666666667, 0.41333333333333333]",0.0,4.0,0.5363907019297282,0.0,[56],237.0,0.0,0.0,"[0.0, 0.0]",0.0,0.5363907019297282,0.1,0.0,0.0,"[0.0, 0.0]",0.1,0.0,"[0.0, 0.0]",0.0,valid
0.5767218831734962,"[0.7332170880557978, 0.4202266782911944]",0.0,4.0,0.5363231767778811,0.0,[56],238.0,0.0,0.0222701149425287,"[0.0, 0.0445402298850574]",0.0,0.5363231767778811,0.1,0.0,0.34444444444444444,"[0.0, 0.6888888888888889]",0.1,0.011507052709725315,"[0.0, 0.02301410541945063]",0.0,train
0.5833333333333333,"[0.7533333333333333, 0.41333333333333333]",0.0,4.0,0.5378991564114889,0.0,[56],238.0,0.0,0.0,"[0.0, 0.0]",0.0,0.5378991564114889,0.1,0.0,0.0,"[0.0, 0.0]",0.1,0.0,"[0.0, 0.0]",0.0,valid
0.574106364428945,"[0.7323452484742807, 0.41586748038360943]",0.0,4.0,0.5363351884095565,0.0,[56],239.0,0.0,0.01042103058232088,"[0.0032467532467532244, 0.017595307917888537]",0.0,0.5363351884095565,0.1,0.0,0.4243697478991597,"[0.14285714285714285, 0.7058823529411765]",0.1,0.005275361046807172,"[0.0016420361247947454, 0.008908685968819599]",0.0,train
0.5833333333333333,"[0.7533333333333333, 0.41333333333333333]",0.0,4.0,0.5408551692962646,0.0,[56],239.0,0.0,0.0,"[0.0, 0.0]",0.0,0.5408551692962646,0.1,0.0,0.0,"[0.0, 0.0]",0.1,0.0,"[0.0, 0.0]",0.0,valid
0.5738884045335658,"[0.7314734088927637, 0.4163034001743679]",0.0,4.0,0.5370772403219471,0.0,[56],240.0,0.0,0.019077949651198016,"[0.01910828025477701, 0.01904761904761902]",0.0,0.5370772403219471,0.1,0.0,0.5190058479532164,"[0.3157894736842105, 0.7222222222222222]",0.1,0.009751646607494852,"[0.009852216748768473, 0.009651076466221232]",0.0,train
0.585,"[0.7566666666666667, 0.41333333333333333]",0.0,4.0,0.546897292137146,0.0,[56],240.0,0.0,0.0,"[0.0, 0.0]",0.0,0.546897292137146,0.1,0.0,0.0,"[0.0, 0.0]",0.1,0.0,"[0.0, 0.0]",0.0,valid
0.5749782040104621,"[0.7345248474280732, 0.4154315605928509]",0.0,4.0,0.5366521205591119,0.0,[56],241.0,0.0,0.015626279104256242,"[0.006525285481239791, 0.02472727272727269]",0.0,0.5366521205591119,0.1,0.0,0.5535714285714285,"[0.4999999999999999, 0.6071428571428571]",0.1,0.00795235535270863,"[0.003284072249589491, 0.012620638455827766]",0.0,train
0.5966666666666667,"[0.7566666666666667, 0.43666666666666665]",0.0,4.0,0.5344285070896149,0.0,[56],241.0,0.0,0.03825136612021854,"[0.0, 0.07650273224043708]",0.0,0.5344285070896149,0.1,0.0,0.49999999999999994,"[0.0, 0.9999999999999999]",0.1,0.019886363636363636,"[0.0, 0.03977272727272727]",0.0,valid
0.5719267654751525,"[0.7306015693112468, 0.4132519616390584]",0.0,4.0,0.5390364579532457,0.0,[56],242.0,0.0,0.017908309455587353,"[0.0, 0.03581661891117471]",0.0,0.5390364579532457,0.1,0.0,0.25510204081632654,"[0.0, 0.5102040816326531]",0.1,0.009279881217520415,"[0.0, 0.01855976243504083]",0.0,train
0.5800000000000001,"[0.7466666666666667, 0.41333333333333333]",0.0,4.0,0.5519526402155558,0.0,[56],242.0,0.0,0.0,"[0.0, 0.0]",0.0,0.5519526402155558,0.1,0.0,0.0,"[0.0, 0.0]",0.1,0.0,"[0.0, 0.0]",0.0,valid
0.5734524847428073,"[0.7332170880557978, 0.41368788142981694]",0.0,4.0,0.5387603873791902,0.0,[56],243.0,0.0,0.00895467182112131,"[0.0032573289902279967, 0.014652014652014624]",0.0,0.5387603873791902,0.1,0.0,0.37777777777777777,"[0.19999999999999996, 0.5555555555555556]",0.1,0.004532970549405539,"[0.0016420361247947454, 0.007423904974016332]",0.0,train
0.5833333333333333,"[0.7533333333333333, 0.41333333333333333]",0.0,4.0,0.5404169162114462,0.0,[56],243.0,0.0,0.0,"[0.0, 0.0]",0.0,0.5404169162114462,0.1,0.0,0.0,"[0.0, 0.0]",0.1,0.0,"[0.0, 0.0]",0.0,valid
0.5738884045335658,"[0.7301656495204882, 0.4176111595466434]",0.0,4.0,0.5389542437118032,0.0,[56],244.0,0.0,0.0200394775036284,"[0.00959999999999995, 0.03047895500725685]",0.0,0.5389542437118032,0.1,0.0,0.4324596774193548,"[0.1875, 0.6774193548387096]",0.1,0.010258154409909268,"[0.0049261083743842365, 0.015590200445434299]",0.0,train
0.585,"[0.7566666666666667, 0.41333333333333333]",0.0,4.0,0.5392521818478903,0.0,[56],244.0,0.0,0.0,"[0.0, 0.0]",0.0,0.5392521818478903,0.1,0.0,0.0,"[0.0, 0.0]",0.1,0.0,"[0.0, 0.0]",0.0,valid
0.5751961639058413,"[0.7336530078465562, 0.4167393199651264]",0.0,4.0,0.5341683988985808,0.0,[56],245.0,0.0,0.01439302841770555,"[0.009724473257698516, 0.019061583577712583]",0.0,0.5341683988985808,0.1,0.0,0.5698529411764706,"[0.37499999999999994, 0.7647058823529411]",0.1,0.007288592420302734,"[0.0049261083743842365, 0.009651076466221232]",0.0,train
0.5833333333333333,"[0.7533333333333333, 0.41333333333333333]",0.0,4.0,0.5356426239013672,0.0,[56],245.0,0.0,0.0,"[0.0, 0.0]",0.0,0.5356426239013672,0.1,0.0,0.0,"[0.0, 0.0]",0.1,0.0,"[0.0, 0.0]",0.0,valid
0.5754141238012206,"[0.7336530078465562, 0.41717523975588494]",0.0,4.0,0.5362155450427014,0.0,[56],246.0,0.0,0.025872531587205497,"[0.012924071082390921, 0.03882099209202007]",0.0,0.5362155450427014,0.1,0.0,0.5068181818181818,"[0.3999999999999999, 0.6136363636363636]",0.1,0.01330634396451154,"[0.006568144499178982, 0.0200445434298441]",0.0,train
0.585,"[0.7566666666666667, 0.41333333333333333]",0.0,4.0,0.5429501930872599,0.0,[56],246.0,0.0,0.0,"[0.0, 0.0]",0.0,0.5429501930872599,0.1,0.0,0.0,"[0.0, 0.0]",0.1,0.0,"[0.0, 0.0]",0.0,valid
0.5760680034873583,"[0.7345248474280732, 0.4176111595466434]",0.0,4.0,0.5366053270257037,0.0,[56],247.0,0.0,0.01453488372093021,"[0.0, 0.02906976744186042]",0.0,0.5366053270257037,0.1,0.0,0.3448275862068966,"[0.0, 0.6896551724137931]",0.1,0.007423904974016332,"[0.0, 0.014847809948032665]",0.0,train
0.5900000000000001,"[0.7566666666666667, 0.42333333333333334]",0.0,4.0,0.5326796968777975,0.0,[56],247.0,0.0,0.016759776536312828,"[0.0, 0.033519553072625656]",0.0,0.5326796968777975,0.1,0.0,0.49999999999999983,"[0.0, 0.9999999999999997]",0.1,0.008522727272727272,"[0.0, 0.017045454545454544]",0.0,valid
0.5782476024411508,"[0.7332170880557978, 0.4232781168265039]",0.0,4.0,0.5363024550935497,0.0,[56],248.0,0.0,0.028510334996436168,"[0.0, 0.057020669992872336]",0.0,0.5363024550935497,0.1,0.0,0.35714285714285715,"[0.0, 0.7142857142857143]",0.1,0.014847809948032665,"[0.0, 0.02969561989606533]",0.0,train
0.585,"[0.7566666666666667, 0.41333333333333333]",0.0,4.0,0.5372320115566254,0.0,[56],248.0,0.0,0.0,"[0.0, 0.0]",0.0,0.5372320115566254,0.1,0.0,0.0,"[0.0, 0.0]",0.1,0.0,"[0.0, 0.0]",0.0,valid
0.5762859633827375,"[0.7345248474280732, 0.41804707933740193]",0.0,4.0,0.5342722677666208,0.0,[56],249.0,0.0,0.015250544662309348,"[0.0, 0.030501089324618695]",0.0,0.5342722677666208,0.1,0.0,0.35,"[0.0, 0.7]",0.1,0.0077951002227171495,"[0.0, 0.015590200445434299]",0.0,train
0.585,"[0.7566666666666667, 0.41333333333333333]",0.0,4.0,0.5379463831583658,0.0,[56],249.0,0.0,0.0,"[0.0, 0.0]",0.0,0.5379463831583658,0.1,0.0,0.0,"[0.0, 0.0]",0.1,0.0,"[0.0, 0.0]",0.0,valid
0.5350915431560593,"[0.5828247602441151, 0.4873583260680035]",0.0,4.0,2.478082812350729,0.0,[56],0.0,1.0,0.35906689228856536,"[0.2398729150119137, 0.47826086956521696]",0.0,2.478082812350729,0.1,0.0,0.4132872529895683,"[0.2323076923076923, 0.5942668136714443]",0.1,0.32404796647174344,"[0.24794745484400657, 0.40014847809948034]",0.0,train
0.5716666666666667,"[0.73, 0.41333333333333333]",0.0,4.0,3.69975209236145,0.0,[56],0.0,1.0,0.02352941176470576,"[0.04705882352941152, 0.0]",0.0,3.69975209236145,0.1,0.0,0.08333333333333331,"[0.16666666666666663, 0.0]",0.1,0.0136986301369863,"[0.0273972602739726, 0.0]",0.0,valid
0.5666957279860505,"[0.7205754141238012, 0.4128160418482999]",0.0,4.0,1.6764902938967166,0.0,[56],1.0,1.0,0.020926756352765235,"[0.04185351270553047, 0.0]",0.0,1.6764902938967166,0.1,0.0,0.11666666666666667,"[0.23333333333333334, 0.0]",0.1,0.011494252873563218,"[0.022988505747126436, 0.0]",0.0,train
0.5766666666666667,"[0.74, 0.41333333333333333]",0.0,4.0,2.2393298149108887,0.0,[56],1.0,1.0,0.0,"[0.0, 0.0]",0.0,2.2393298149108887,0.1,0.0,0.0,"[0.0, 0.0]",0.1,0.0,"[0.0, 0.0]",0.0,valid
0.6072362685265911,"[0.7258064516129032, 0.488666085440279]",0.0,4.0,0.842397285544354,0.0,[56],2.0,1.0,0.2749839067145594,"[0.04261796042617946, 0.5073498530029393]",0.0,0.842397285544354,0.1,0.0,0.43790296582849775,"[0.2916666666666667, 0.5841392649903289]",0.1,0.23569618308885648,"[0.022988505747126436, 0.4484038604305865]",0.0,train
0.6533333333333333,"[0.7466666666666667, 0.56]",0.0,4.0,0.8682498335838318,0.0,[56],2.0,1.0,0.29999999999999977,"[0.0, 0.5999999999999995]",0.0,0.8682498335838318,0.1,0.0,0.32142857142857145,"[0.0, 0.6428571428571429]",0.1,0.28125,"[0.0, 0.5625]",0.0,valid
0.5891455972101134,"[0.7301656495204882, 0.44812554489973844]",0.0,4.0,0.5552782170150591,0.0,[56],3.0,1.0,0.13417674762212556,"[0.028257456828885318, 0.2400960384153658]",0.0,0.5552782170150591,0.1,0.0,0.4741939095387372,"[0.32142857142857145, 0.6269592476489029]",0.1,0.08162821230173968,"[0.014778325123152709, 0.14847809948032664]",0.0,train
0.585,"[0.7566666666666667, 0.41333333333333333]",0.0,4.0,0.6208188533782959,0.0,[56],3.0,1.0,0.01648351648351645,"[0.0, 0.0329670329670329]",0.0,0.6208188533782959,0.1,0.0,0.24999999999999997,"[0.0, 0.49999999999999994]",0.1,0.008522727272727272,"[0.0, 0.017045454545454544]",0.0,valid
0.5725806451612903,"[0.7301656495204882, 0.4149956408020924]",0.0,4.0,0.5458128789196843,0.0,[56],4.0,1.0,0.025030948311171766,"[0.01275917065390744, 0.03730272596843609]",0.0,0.5458128789196843,0.1,0.0,0.3877068557919622,"[0.2222222222222222, 0.5531914893617021]",0.1,0.012935148715810722,"[0.006568144499178982, 0.019302152932442463]",0.0,train
0.575,"[0.74, 0.41]",0.0,4.0,0.6253331502278646,0.0,[56],4.0,1.0,0.005586592178770933,"[0.0, 0.011173184357541867]",0.0,0.6253331502278646,0.1,0.0,0.16666666666666663,"[0.0, 0.33333333333333326]",0.1,0.002840909090909091,"[0.0, 0.005681818181818182]",0.0,valid
0.5732345248474281,"[0.7288578901482128, 0.4176111595466434]",0.0,4.0,0.542673840470936,0.0,[56],5.0,1.0,0.029578664926211903,"[0.018927444794952605, 0.0402298850574712]",0.0,0.542673840470936,0.1,0.0,0.4311111111111111,"[0.24, 0.6222222222222222]",0.1,0.015319575338007103,"[0.009852216748768473, 0.020786933927245732]",0.0,train
0.5800000000000001,"[0.7466666666666667, 0.41333333333333333]",0.0,4.0,0.6446038484573364,0.0,[56],5.0,1.0,0.005617977528089876,"[0.0, 0.011235955056179752]",0.0,0.6446038484573364,0.1,0.0,0.2499999999999999,"[0.0, 0.4999999999999998]",0.1,0.002840909090909091,"[0.0, 0.005681818181818182]",0.0,valid
0.5741063644289451,"[0.7310374891020053, 0.41717523975588494]",0.0,4.0,0.5400933467823527,0.0,[56],6.0,1.0,0.021716011397861636,"[0.0032310177705977064, 0.040201005025125566]",0.0,0.5400933467823527,0.1,0.0,0.35434782608695653,"[0.09999999999999998, 0.6086956521739131]",0.1,0.01121448502602024,"[0.0016420361247947454, 0.020786933927245732]",0.0,train
0.5833333333333334,"[0.75, 0.4166666666666667]",0.0,4.0,0.6320810119311014,0.0,[56],6.0,1.0,0.011173184357541884,"[0.0, 0.02234636871508377]",0.0,0.6320810119311014,0.1,0.0,0.33333333333333326,"[0.0, 0.6666666666666665]",0.1,0.005681818181818182,"[0.0, 0.011363636363636364]",0.0,valid
0.5730165649520489,"[0.7301656495204882, 0.41586748038360943]",0.0,4.0,0.5455215728801229,0.0,[56],7.0,1.0,0.03305664018468246,"[0.0343213728549141, 0.031791907514450816]",0.0,0.5455215728801229,0.1,0.0,0.4691722972972973,"[0.34375, 0.5945945945945946]",0.1,0.017197494157789067,"[0.0180623973727422, 0.016332590942835932]",0.0,train
0.5800000000000001,"[0.7466666666666667, 0.41333333333333333]",0.0,4.0,0.6171666383743286,0.0,[56],7.0,1.0,0.01111111111111109,"[0.0, 0.02222222222222218]",0.0,0.6171666383743286,0.1,0.0,0.24999999999999994,"[0.0, 0.4999999999999999]",0.1,0.005681818181818182,"[0.0, 0.011363636363636364]",0.0,valid
0.5727986050566696,"[0.7310374891020053, 0.4145597210113339]",0.0,4.0,0.542941329271897,0.0,[56],8.0,1.0,0.02383605339625522,"[0.015948963317384317, 0.03172314347512612]",0.0,0.542941329271897,0.1,0.0,0.4138888888888889,"[0.2777777777777778, 0.55]",0.1,0.01227138578340483,"[0.008210180623973728, 0.016332590942835932]",0.0,train
0.58,"[0.7433333333333333, 0.4166666666666667]",0.0,4.0,0.6126957933108012,0.0,[56],8.0,1.0,0.011173184357541884,"[0.0, 0.02234636871508377]",0.0,0.6126957933108012,0.1,0.0,0.33333333333333326,"[0.0, 0.6666666666666665]",0.1,0.005681818181818182,"[0.0, 0.011363636363636364]",0.0,valid
0.5747602441150829,"[0.7310374891020053, 0.4184829991281604]",0.0,4.0,0.5410142657549485,0.0,[56],9.0,1.0,0.02770525194212318,"[0.00963081861958262, 0.045779685264663736]",0.0,0.5410142657549485,0.1,0.0,0.4208683473389355,"[0.21428571428571425, 0.6274509803921569]",0.1,0.01434130214561825,"[0.0049261083743842365, 0.023756495916852263]",0.0,train
0.575,"[0.74, 0.41]",0.0,4.0,0.6183301011721293,0.0,[56],9.0,1.0,0.0,"[0.0, 0.0]",0.0,0.6183301011721293,0.1,0.0,0.0,"[0.0, 0.0]",0.1,0.0,"[0.0, 0.0]",0.0,valid
0.5725806451612904,"[0.7288578901482128, 0.4163034001743679]",0.0,4.0,0.5391516853933749,0.0,[56],10.0,1.0,0.02621266150223831,"[0.02201257861635212, 0.030412744388124503]",0.0,0.5391516853933749,0.1,0.0,0.43845315904139437,"[0.25925925925925924, 0.6176470588235294]",0.1,0.013542226659498759,"[0.011494252873563218, 0.015590200445434299]",0.0,train
0.585,"[0.7566666666666667, 0.41333333333333333]",0.0,4.0,0.6347145040829977,0.0,[56],10.0,1.0,0.005617977528089876,"[0.0, 0.011235955056179752]",0.0,0.6347145040829977,0.1,0.0,0.2499999999999999,"[0.0, 0.4999999999999998]",0.1,0.002840909090909091,"[0.0, 0.005681818181818182]",0.0,valid
0.5717088055797733,"[0.7297297297297297, 0.41368788142981694]",0.0,4.0,0.5444104995416559,0.0,[56],11.0,1.0,0.016411794868225315,"[0.009584664536741162, 0.02323892519970947]",0.0,0.5444104995416559,0.1,0.0,0.35490196078431374,"[0.17647058823529413, 0.5333333333333333]",0.1,0.008402178166405185,"[0.0049261083743842365, 0.011878247958426132]",0.0,train
0.585,"[0.7566666666666667, 0.41333333333333333]",0.0,4.0,0.62408047914505,0.0,[56],11.0,1.0,0.005617977528089876,"[0.0, 0.011235955056179752]",0.0,0.62408047914505,0.1,0.0,0.2499999999999999,"[0.0, 0.4999999999999998]",0.1,0.002840909090909091,"[0.0, 0.005681818181818182]",0.0,valid
0.5775937227550131,"[0.7327811682650393, 0.4224062772449869]",0.0,4.0,0.5412824257560398,0.0,[56],12.0,1.0,0.029423592881687853,"[0.003252032520325184, 0.05559515324305052]",0.0,0.5412824257560398,0.1,0.0,0.431547619047619,"[0.16666666666666663, 0.6964285714285714]",0.1,0.015297632761729222,"[0.0016420361247947454, 0.028953229398663696]",0.0,train
0.57,"[0.73, 0.41]",0.0,4.0,0.6028284033139547,0.0,[56],12.0,1.0,0.0,"[0.0, 0.0]",0.0,0.6028284033139547,0.1,0.0,0.0,"[0.0, 0.0]",0.1,0.0,"[0.0, 0.0]",0.0,valid
0.572362685265911,"[0.7279860505666957, 0.4167393199651264]",0.0,4.0,0.5401904012845911,0.0,[56],13.0,1.0,0.01840210468014395,"[0.006369426751592298, 0.030434782608695605]",0.0,0.5401904012845911,0.1,0.0,0.3708133971291866,"[0.10526315789473684, 0.6363636363636364]",0.1,0.009437136347511895,"[0.003284072249589491, 0.015590200445434299]",0.0,train
0.585,"[0.7566666666666667, 0.41333333333333333]",0.0,4.0,0.6221089760462443,0.0,[56],13.0,1.0,0.0,"[0.0, 0.0]",0.0,0.6221089760462443,0.1,0.0,0.0,"[0.0, 0.0]",0.1,0.0,"[0.0, 0.0]",0.0,valid
0.5727986050566696,"[0.7319093286835222, 0.41368788142981694]",0.0,4.0,0.5416618067285289,0.0,[56],14.0,1.0,0.021561136950425885,"[0.012841091492776843, 0.030281182408074925]",0.0,0.5416618067285289,0.1,0.0,0.40535714285714286,"[0.2857142857142857, 0.525]",0.1,0.01107917247230664,"[0.006568144499178982, 0.015590200445434299]",0.0,train
0.5833333333333334,"[0.7566666666666667, 0.41]",0.0,4.0,0.6113463242848715,0.0,[56],14.0,1.0,0.0,"[0.0, 0.0]",0.0,0.6113463242848715,0.1,0.0,0.0,"[0.0, 0.0]",0.1,0.0,"[0.0, 0.0]",0.0,valid
0.5732345248474281,"[0.7310374891020053, 0.4154315605928509]",0.0,4.0,0.5412870593692946,0.0,[56],15.0,1.0,0.016097768117739088,"[0.0032310177705977064, 0.028964518464880473]",0.0,0.5412870593692946,0.1,0.0,0.34411764705882353,"[0.09999999999999998, 0.5882352941176471]",0.1,0.008244923036413705,"[0.0016420361247947454, 0.014847809948032665]",0.0,train
0.5866666666666667,"[0.7566666666666667, 0.4166666666666667]",0.0,4.0,0.6053424974282583,0.0,[56],15.0,1.0,0.011173184357541884,"[0.0, 0.02234636871508377]",0.0,0.6053424974282583,0.1,0.0,0.33333333333333326,"[0.0, 0.6666666666666665]",0.1,0.005681818181818182,"[0.0, 0.011363636363636364]",0.0,valid
0.5745422842197035,"[0.7323452484742807, 0.4167393199651264]",0.0,4.0,0.5412710594094318,0.0,[56],16.0,1.0,0.016618497109826564,"[0.0, 0.03323699421965313]",0.0,0.5412710594094318,0.1,0.0,0.3108108108108108,"[0.0, 0.6216216216216216]",0.1,0.008537490720118782,"[0.0, 0.017074981440237565]",0.0,train
0.5833333333333333,"[0.7533333333333333, 0.41333333333333333]",0.0,4.0,0.5885217189788818,0.0,[56],16.0,1.0,0.005617977528089876,"[0.0, 0.011235955056179752]",0.0,0.5885217189788818,0.1,0.0,0.2499999999999999,"[0.0, 0.4999999999999998]",0.1,0.002840909090909091,"[0.0, 0.005681818181818182]",0.0,valid
0.5749782040104621,"[0.7306015693112468, 0.41935483870967744]",0.0,4.0,0.5398010248723237,0.0,[56],17.0,1.0,0.022001561251231296,"[0.0064308681672025315, 0.03757225433526006]",0.0,0.5398010248723237,0.1,0.0,0.4282744282744283,"[0.15384615384615383, 0.7027027027027027]",0.1,0.011293112591015977,"[0.003284072249589491, 0.019302152932442463]",0.0,train
0.5766666666666667,"[0.7433333333333333, 0.41]",0.0,4.0,0.5901428659756979,0.0,[56],17.0,1.0,0.0,"[0.0, 0.0]",0.0,0.5901428659756979,0.1,0.0,0.0,"[0.0, 0.0]",0.1,0.0,"[0.0, 0.0]",0.0,valid
0.5714908456843941,"[0.7310374891020053, 0.4119442022667829]",0.0,4.0,0.5393200970214346,0.0,[56],18.0,1.0,0.012675157370809506,"[0.006441223832528143, 0.01890909090909087]",0.0,0.5393200970214346,0.1,0.0,0.31547619047619047,"[0.16666666666666663, 0.4642857142857143]",0.1,0.006467574357905361,"[0.003284072249589491, 0.009651076466221232]",0.0,train
0.5833333333333334,"[0.7566666666666667, 0.41]",0.0,4.0,0.5920893549919128,0.0,[56],18.0,1.0,0.0,"[0.0, 0.0]",0.0,0.5920893549919128,0.1,0.0,0.0,"[0.0, 0.0]",0.1,0.0,"[0.0, 0.0]",0.0,valid
0.5727986050566696,"[0.7345248474280732, 0.4110723626852659]",0.0,4.0,0.5405807909758195,0.0,[56],19.0,1.0,0.012498355635459465,"[0.003273322422258586, 0.021723388848660343]",0.0,0.5405807909758195,0.1,0.0,0.47058823529411753,"[0.4999999999999998, 0.4411764705882353]",0.1,0.006388946792909622,"[0.0016420361247947454, 0.011135857461024499]",0.0,train
0.5833333333333334,"[0.7566666666666667, 0.41]",0.0,4.0,0.5981736580530802,0.0,[56],19.0,1.0,0.0,"[0.0, 0.0]",0.0,0.5981736580530802,0.1,0.0,0.0,"[0.0, 0.0]",0.1,0.0,"[0.0, 0.0]",0.0,valid
0.5738884045335658,"[0.7288578901482128, 0.4189189189189189]",0.0,4.0,0.5404450776784316,0.0,[56],20.0,1.0,0.026507593678219966,"[0.012698412698412632, 0.0403167746580273]",0.0,0.5404450776784316,0.1,0.0,0.42857142857142855,"[0.19047619047619047, 0.6666666666666666]",0.1,0.013677539213212356,"[0.006568144499178982, 0.020786933927245732]",0.0,train
0.5883333333333334,"[0.7566666666666667, 0.42]",0.0,4.0,0.6060984134674072,0.0,[56],20.0,1.0,0.02197802197802195,"[0.0, 0.0439560439560439]",0.0,0.6060984134674072,0.1,0.0,0.33333333333333326,"[0.0, 0.6666666666666665]",0.1,0.011363636363636364,"[0.0, 0.022727272727272728]",0.0,valid
0.5760680034873583,"[0.7336530078465562, 0.4184829991281604]",0.0,4.0,0.5399570737196051,0.0,[56],21.0,1.0,0.021520803443328518,"[0.0, 0.043041606886657036]",0.0,0.5399570737196051,0.1,0.0,0.3191489361702128,"[0.0, 0.6382978723404256]",0.1,0.011135857461024499,"[0.0, 0.022271714922048998]",0.0,train
0.5833333333333334,"[0.7566666666666667, 0.41]",0.0,4.0,0.6190671324729919,0.0,[56],21.0,1.0,0.0,"[0.0, 0.0]",0.0,0.6190671324729919,0.1,0.0,0.0,"[0.0, 0.0]",0.1,0.0,"[0.0, 0.0]",0.0,valid
0.5730165649520489,"[0.7306015693112468, 0.4154315605928509]",0.0,4.0,0.5406949364620707,0.0,[56],22.0,1.0,0.020042949176807413,"[0.0, 0.04008589835361483]",0.0,0.5406949364620707,0.1,0.0,0.28,"[0.0, 0.56]",0.1,0.010393466963622866,"[0.0, 0.020786933927245732]",0.0,train
0.58,"[0.75, 0.41]",0.0,4.0,0.5950104594230652,0.0,[56],22.0,1.0,0.0,"[0.0, 0.0]",0.0,0.5950104594230652,0.1,0.0,0.0,"[0.0, 0.0]",0.1,0.0,"[0.0, 0.0]",0.0,valid
0.5751961639058413,"[0.7319093286835222, 0.4184829991281604]",0.0,4.0,0.5386277307634768,0.0,[56],23.0,1.0,0.01898688157768199,"[0.003241491085899488, 0.03473227206946449]",0.0,0.5386277307634768,0.1,0.0,0.40535714285714286,"[0.12499999999999997, 0.6857142857142857]",0.1,0.009729704031216972,"[0.0016420361247947454, 0.017817371937639197]",0.0,train
0.5883333333333334,"[0.7566666666666667, 0.42]",0.0,4.0,0.5916179219881693,0.0,[56],23.0,1.0,0.016666666666666642,"[0.0, 0.033333333333333284]",0.0,0.5916179219881693,0.1,0.0,0.37499999999999994,"[0.0, 0.7499999999999999]",0.1,0.008522727272727272,"[0.0, 0.017045454545454544]",0.0,valid
0.5765039232781168,"[0.7340889276373147, 0.4189189189189189]",0.0,4.0,0.5371824995331143,0.0,[56],24.0,1.0,0.02684560633118579,"[0.00651465798045601, 0.047176554681915575]",0.0,0.5371824995331143,0.1,0.0,0.5173076923076922,"[0.3999999999999999, 0.6346153846153846]",0.1,0.013891479331921693,"[0.003284072249589491, 0.024498886414253896]",0.0,train
0.5866666666666667,"[0.7566666666666667, 0.4166666666666667]",0.0,4.0,0.5844021240870158,0.0,[56],24.0,1.0,0.011173184357541884,"[0.0, 0.02234636871508377]",0.0,0.5844021240870158,0.1,0.0,0.33333333333333326,"[0.0, 0.6666666666666665]",0.1,0.005681818181818182,"[0.0, 0.011363636363636364]",0.0,valid
0.5736704446381866,"[0.7345248474280732, 0.4128160418482999]",0.0,4.0,0.5383326799973197,0.0,[56],25.0,1.0,0.030170026726839265,"[0.02870813397129181, 0.031631919482386715]",0.0,0.5383326799973197,0.1,0.0,0.5,"[0.5, 0.5]",0.1,0.01555545803299432,"[0.014778325123152709, 0.016332590942835932]",0.0,train
0.5866666666666667,"[0.7566666666666667, 0.4166666666666667]",0.0,4.0,0.5855885942776998,0.0,[56],25.0,1.0,0.011173184357541884,"[0.0, 0.02234636871508377]",0.0,0.5855885942776998,0.1,0.0,0.33333333333333326,"[0.0, 0.6666666666666665]",0.1,0.005681818181818182,"[0.0, 0.011363636363636364]",0.0,valid
0.5751961639058414,"[0.7353966870095903, 0.4149956408020924]",0.0,4.0,0.537316594434821,0.0,[56],26.0,1.0,0.021464569298249702,"[0.009787928221859693, 0.03314121037463971]",0.0,0.537316594434821,0.1,0.0,0.6554878048780488,"[0.7499999999999999, 0.5609756097560976]",0.1,0.011000544907310901,"[0.0049261083743842365, 0.017074981440237565]",0.0,train
0.5866666666666667,"[0.7566666666666667, 0.4166666666666667]",0.0,4.0,0.5936701893806458,0.0,[56],26.0,1.0,0.011173184357541884,"[0.0, 0.02234636871508377]",0.0,0.5936701893806458,0.1,0.0,0.33333333333333326,"[0.0, 0.6666666666666665]",0.1,0.005681818181818182,"[0.0, 0.011363636363636364]",0.0,valid
0.574106364428945,"[0.7314734088927637, 0.4167393199651264]",0.0,4.0,0.5397225164848826,0.0,[56],27.0,1.0,0.01310043668122269,"[0.0, 0.02620087336244538]",0.0,0.5397225164848826,0.1,0.0,0.3333333333333333,"[0.0, 0.6666666666666666]",0.1,0.0066815144766146995,"[0.0, 0.013363028953229399]",0.0,train
0.5866666666666667,"[0.7566666666666667, 0.4166666666666667]",0.0,4.0,0.5973713994026184,0.0,[56],27.0,1.0,0.011173184357541884,"[0.0, 0.02234636871508377]",0.0,0.5973713994026184,0.1,0.0,0.33333333333333326,"[0.0, 0.6666666666666665]",0.1,0.005681818181818182,"[0.0, 0.011363636363636364]",0.0,valid
0.5751961639058413,"[0.7340889276373147, 0.4163034001743679]",0.0,4.0,0.5369754200396331,0.0,[56],28.0,1.0,0.02032557571315127,"[0.003267973856209141, 0.0373831775700934]",0.0,0.5369754200396331,0.1,0.0,0.4621212121212121,"[0.33333333333333326, 0.5909090909090909]",0.1,0.010472094528618605,"[0.0016420361247947454, 0.019302152932442463]",0.0,train
0.585,"[0.7566666666666667, 0.41333333333333333]",0.0,4.0,0.5913547078768412,0.0,[56],28.0,1.0,0.0,"[0.0, 0.0]",0.0,0.5913547078768412,0.1,0.0,0.0,"[0.0, 0.0]",0.1,0.0,"[0.0, 0.0]",0.0,valid
0.5725806451612903,"[0.7323452484742807, 0.4128160418482999]",0.0,4.0,0.5378366760585619,0.0,[56],29.0,1.0,0.004415011037527585,"[0.0, 0.00883002207505517]",0.0,0.5378366760585619,0.1,0.0,0.24999999999999997,"[0.0, 0.49999999999999994]",0.1,0.0022271714922048997,"[0.0, 0.004454342984409799]",0.0,train
0.585,"[0.7566666666666667, 0.41333333333333333]",0.0,4.0,0.5922498305638632,0.0,[56],29.0,1.0,0.0,"[0.0, 0.0]",0.0,0.5922498305638632,0.1,0.0,0.0,"[0.0, 0.0]",0.1,0.0,"[0.0, 0.0]",0.0,valid
0.5747602441150829,"[0.7310374891020053, 0.4184829991281604]",0.0,4.0,0.5391840908838355,0.0,[56],30.0,1.0,0.02336449680835037,"[0.006441223832528143, 0.0402877697841726]",0.0,0.5391840908838355,0.1,0.0,0.40891472868217055,"[0.16666666666666663, 0.6511627906976745]",0.1,0.012035503088417611,"[0.003284072249589491, 0.020786933927245732]",0.0,train
0.585,"[0.7566666666666667, 0.41333333333333333]",0.0,4.0,0.5942034522692362,0.0,[56],30.0,1.0,0.0,"[0.0, 0.0]",0.0,0.5942034522692362,0.1,0.0,0.0,"[0.0, 0.0]",0.1,0.0,"[0.0, 0.0]",0.0,valid
0.5756320836965998,"[0.7345248474280732, 0.4167393199651264]",0.0,4.0,0.5387235309766687,0.0,[56],31.0,1.0,0.018705035971222993,"[0.0, 0.037410071942445985]",0.0,0.5387235309766687,0.1,0.0,0.3023255813953488,"[0.0, 0.6046511627906976]",0.1,0.009651076466221232,"[0.0, 0.019302152932442463]",0.0,train
0.5866666666666667,"[0.7566666666666667, 0.4166666666666667]",0.0,4.0,0.5869427522023519,0.0,[56],31.0,1.0,0.0056497175141242886,"[0.0, 0.011299435028248577]",0.0,0.5869427522023519,0.1,0.0,0.49999999999999944,"[0.0, 0.9999999999999989]",0.1,0.002840909090909091,"[0.0, 0.005681818181818182]",0.0,valid
0.5754141238012206,"[0.7340889276373147, 0.4167393199651264]",0.0,4.0,0.5395301969155021,0.0,[56],32.0,1.0,0.016357765671450693,"[0.00651465798045601, 0.02620087336244538]",0.0,0.5395301969155021,0.1,0.0,0.5333333333333332,"[0.3999999999999999, 0.6666666666666666]",0.1,0.008323550601409446,"[0.003284072249589491, 0.013363028953229399]",0.0,train
0.585,"[0.7566666666666667, 0.41333333333333333]",0.0,4.0,0.5853193998336792,0.0,[56],32.0,1.0,0.005617977528089876,"[0.0, 0.011235955056179752]",0.0,0.5853193998336792,0.1,0.0,0.2499999999999999,"[0.0, 0.4999999999999998]",0.1,0.002840909090909091,"[0.0, 0.005681818181818182]",0.0,valid
0.572362685265911,"[0.7327811682650393, 0.4119442022667829]",0.0,4.0,0.5382702363573987,0.0,[56],33.0,1.0,0.00820977631868489,"[0.003252032520325184, 0.013167520117044595]",0.0,0.5382702363573987,0.1,0.0,0.30833333333333335,"[0.16666666666666663, 0.45]",0.1,0.004161775300704723,"[0.0016420361247947454, 0.0066815144766146995]",0.0,train
0.585,"[0.7566666666666667, 0.41333333333333333]",0.0,4.0,0.5922019680341085,0.0,[56],33.0,1.0,0.0,"[0.0, 0.0]",0.0,0.5922019680341085,0.1,0.0,0.0,"[0.0, 0.0]",0.1,0.0,"[0.0, 0.0]",0.0,valid
0.5754141238012206,"[0.7323452484742807, 0.4184829991281604]",0.0,4.0,0.5404534845248513,0.0,[56],34.0,1.0,0.02567204301075264,"[0.009677419354838675, 0.0416666666666666]",0.0,0.5404534845248513,0.1,0.0,0.4585858585858586,"[0.2727272727272727, 0.6444444444444445]",0.1,0.013227716399515801,"[0.0049261083743842365, 0.021529324424647365]",0.0,train
0.585,"[0.7566666666666667, 0.41333333333333333]",0.0,4.0,0.5983661413192749,0.0,[56],34.0,1.0,0.0,"[0.0, 0.0]",0.0,0.5983661413192749,0.1,0.0,0.0,"[0.0, 0.0]",0.1,0.0,"[0.0, 0.0]",0.0,valid
0.5747602441150829,"[0.7327811682650393, 0.4167393199651264]",0.0,4.0,0.5385257446247599,0.0,[56],35.0,1.0,0.019160449117737396,"[0.006482982171799001, 0.03183791606367579]",0.0,0.5385257446247599,0.1,0.0,0.4392857142857143,"[0.24999999999999994, 0.6285714285714286]",0.1,0.009808331596212711,"[0.003284072249589491, 0.016332590942835932]",0.0,train
0.5866666666666667,"[0.7566666666666667, 0.4166666666666667]",0.0,4.0,0.5797323981920878,0.0,[56],35.0,1.0,0.0056497175141242886,"[0.0, 0.011299435028248577]",0.0,0.5797323981920878,0.1,0.0,0.49999999999999944,"[0.0, 0.9999999999999989]",0.1,0.002840909090909091,"[0.0, 0.005681818181818182]",0.0,valid
0.5765039232781168,"[0.7327811682650393, 0.4202266782911944]",0.0,4.0,0.5374770423640376,0.0,[56],36.0,1.0,0.025048546857916767,"[0.009693053311793183, 0.04040404040404035]",0.0,0.5374770423640376,0.1,0.0,0.5089743589743589,"[0.29999999999999993, 0.717948717948718]",0.1,0.012856521150814985,"[0.0049261083743842365, 0.020786933927245732]",0.0,train
0.5900000000000001,"[0.7566666666666667, 0.42333333333333334]",0.0,4.0,0.57255619764328,0.0,[56],36.0,1.0,0.02732240437158466,"[0.0, 0.05464480874316932]",0.0,0.57255619764328,0.1,0.0,0.3571428571428571,"[0.0, 0.7142857142857142]",0.1,0.014204545454545454,"[0.0, 0.028409090909090908]",0.0,valid
0.5758500435919791,"[0.7336530078465562, 0.41804707933740193]",0.0,4.0,0.5406903196936068,0.0,[56],37.0,1.0,0.024070410122622364,"[0.006504065040650387, 0.04163675520459434]",0.0,0.5406903196936068,0.1,0.0,0.48188405797101447,"[0.33333333333333326, 0.6304347826086957]",0.1,0.012406698337118428,"[0.003284072249589491, 0.021529324424647365]",0.0,train
0.5816666666666667,"[0.75, 0.41333333333333333]",0.0,4.0,0.5702313383420309,0.0,[56],37.0,1.0,0.0,"[0.0, 0.0]",0.0,0.5702313383420309,0.1,0.0,0.0,"[0.0, 0.0]",0.1,0.0,"[0.0, 0.0]",0.0,valid
0.5754141238012206,"[0.7301656495204882, 0.42066259808195294]",0.0,4.0,0.5373102983702784,0.0,[56],38.0,1.0,0.029137866857551837,"[0.00959999999999995, 0.048675733715103725]",0.0,0.5373102983702784,0.1,0.0,0.43375,"[0.1875, 0.68]",0.1,0.015083692643019885,"[0.0049261083743842365, 0.025241276911655532]",0.0,train
0.5800000000000001,"[0.7466666666666667, 0.41333333333333333]",0.0,4.0,0.5784533023834229,0.0,[56],38.0,1.0,0.0,"[0.0, 0.0]",0.0,0.5784533023834229,0.1,0.0,0.0,"[0.0, 0.0]",0.1,0.0,"[0.0, 0.0]",0.0,valid
0.5741063644289451,"[0.7310374891020053, 0.41717523975588494]",0.0,4.0,0.5387814744659092,0.0,[56],39.0,1.0,0.02645641246589108,"[0.025276461295418568, 0.027636363636363594]",0.0,0.5387814744659092,0.1,0.0,0.5059523809523809,"[0.3333333333333333, 0.6785714285714286]",0.1,0.013620854224494498,"[0.013136288998357963, 0.014105419450631032]",0.0,train
0.5883333333333334,"[0.7566666666666667, 0.42]",0.0,4.0,0.5774643818537394,0.0,[56],39.0,1.0,0.011235955056179761,"[0.0, 0.022471910112359522]",0.0,0.5774643818537394,0.1,0.0,0.4999999999999998,"[0.0, 0.9999999999999996]",0.1,0.005681818181818182,"[0.0, 0.011363636363636364]",0.0,valid
0.5736704446381866,"[0.7336530078465562, 0.41368788142981694]",0.0,4.0,0.5391759146814761,0.0,[56],40.0,1.0,0.008765522279035778,"[0.0, 0.017531044558071557]",0.0,0.5391759146814761,0.1,0.0,0.2727272727272727,"[0.0, 0.5454545454545454]",0.1,0.004454342984409799,"[0.0, 0.008908685968819599]",0.0,train
0.585,"[0.7566666666666667, 0.41333333333333333]",0.0,4.0,0.5789828101793925,0.0,[56],40.0,1.0,0.005617977528089876,"[0.0, 0.011235955056179752]",0.0,0.5789828101793925,0.1,0.0,0.2499999999999999,"[0.0, 0.4999999999999998]",0.1,0.002840909090909091,"[0.0, 0.005681818181818182]",0.0,valid
0.5730165649520489,"[0.7327811682650393, 0.4132519616390584]",0.0,4.0,0.5389249791269717,0.0,[56],41.0,1.0,0.010385140347753818,"[0.003252032520325184, 0.017518248175182452]",0.0,0.5389249791269717,0.1,0.0,0.3442028985507246,"[0.16666666666666663, 0.5217391304347826]",0.1,0.005275361046807172,"[0.0016420361247947454, 0.008908685968819599]",0.0,train
0.585,"[0.7566666666666667, 0.41333333333333333]",0.0,4.0,0.5877631505330404,0.0,[56],41.0,1.0,0.0,"[0.0, 0.0]",0.0,0.5877631505330404,0.1,0.0,0.0,"[0.0, 0.0]",0.1,0.0,"[0.0, 0.0]",0.0,valid
0.5751961639058414,"[0.7332170880557978, 0.41717523975588494]",0.0,4.0,0.5378301091816114,0.0,[56],42.0,1.0,0.021680039299164854,"[0.012903225806451578, 0.030456852791878132]",0.0,0.5378301091816114,0.1,0.0,0.5099431818181818,"[0.3636363636363636, 0.65625]",0.1,0.01107917247230664,"[0.006568144499178982, 0.015590200445434299]",0.0,train
0.5800000000000001,"[0.7466666666666667, 0.41333333333333333]",0.0,4.0,0.5797033905982971,0.0,[56],42.0,1.0,0.0,"[0.0, 0.0]",0.0,0.5797033905982971,0.1,0.0,0.0,"[0.0, 0.0]",0.1,0.0,"[0.0, 0.0]",0.0,valid
0.5725806451612904,"[0.7306015693112468, 0.4145597210113339]",0.0,4.0,0.539928393519443,0.0,[56],43.0,1.0,0.024524257153338166,"[0.034374999999999906, 0.014673514306676424]",0.0,0.539928393519443,0.1,0.0,0.4899193548387097,"[0.3548387096774194, 0.625]",0.1,0.012743151173379265,"[0.0180623973727422, 0.007423904974016332]",0.0,train
0.585,"[0.7566666666666667, 0.41333333333333333]",0.0,4.0,0.6014299392700195,0.0,[56],43.0,1.0,0.0,"[0.0, 0.0]",0.0,0.6014299392700195,0.1,0.0,0.0,"[0.0, 0.0]",0.1,0.0,"[0.0, 0.0]",0.0,valid
0.5730165649520489,"[0.7332170880557978, 0.4128160418482999]",0.0,4.0,0.5391173012878584,0.0,[56],44.0,1.0,0.013015184381778717,"[0.0, 0.026030368763557434]",0.0,0.5391173012878584,0.1,0.0,0.25,"[0.0, 0.5]",0.1,0.0066815144766146995,"[0.0, 0.013363028953229399]",0.0,train
0.585,"[0.7566666666666667, 0.41333333333333333]",0.0,4.0,0.6074738701184591,0.0,[56],44.0,1.0,0.0,"[0.0, 0.0]",0.0,0.6074738701184591,0.1,0.0,0.0,"[0.0, 0.0]",0.1,0.0,"[0.0, 0.0]",0.0,valid
0.5712728857890148,"[0.7301656495204882, 0.41238012205754143]",0.0,4.0,0.5401457224203192,0.0,[56],45.0,1.0,0.009939500734214356,"[0.00959999999999995, 0.01027900146842876]",0.0,0.5401457224203192,0.1,0.0,0.3270833333333333,"[0.1875, 0.4666666666666666]",0.1,0.005061420928097835,"[0.0049261083743842365, 0.005196733481811433]",0.0,train
0.5833333333333333,"[0.7533333333333333, 0.41333333333333333]",0.0,4.0,0.570272703965505,0.0,[56],45.0,1.0,0.0,"[0.0, 0.0]",0.0,0.570272703965505,0.1,0.0,0.0,"[0.0, 0.0]",0.1,0.0,"[0.0, 0.0]",0.0,valid
0.5756320836965998,"[0.7332170880557978, 0.41804707933740193]",0.0,4.0,0.5379702487717504,0.0,[56],46.0,1.0,0.017582254052764444,"[0.0032573289902279967, 0.031907179115300895]",0.0,0.5379702487717504,0.1,0.0,0.44375,"[0.19999999999999996, 0.6875]",0.1,0.00898731353381534,"[0.0016420361247947454, 0.016332590942835932]",0.0,train
0.5866666666666667,"[0.7566666666666667, 0.4166666666666667]",0.0,4.0,0.5772624611854553,0.0,[56],46.0,1.0,0.0056497175141242886,"[0.0, 0.011299435028248577]",0.0,0.5772624611854553,0.1,0.0,0.49999999999999944,"[0.0, 0.9999999999999989]",0.1,0.002840909090909091,"[0.0, 0.005681818181818182]",0.0,valid
0.572362685265911,"[0.7336530078465562, 0.4110723626852659]",0.0,4.0,0.5396487686945044,0.0,[56],47.0,1.0,0.009104263683456123,"[0.006504065040650387, 0.011704462326261858]",0.0,0.5396487686945044,0.1,0.0,0.36666666666666664,"[0.33333333333333326, 0.4]",0.1,0.004611598114401278,"[0.003284072249589491, 0.005939123979213066]",0.0,train
0.585,"[0.7566666666666667, 0.41333333333333333]",0.0,4.0,0.5974711577097574,0.0,[56],47.0,1.0,0.0,"[0.0, 0.0]",0.0,0.5974711577097574,0.1,0.0,0.0,"[0.0, 0.0]",0.1,0.0,"[0.0, 0.0]",0.0,valid
0.5743243243243243,"[0.7314734088927637, 0.41717523975588494]",0.0,4.0,0.5406798914722775,0.0,[56],48.0,1.0,0.0237768077521854,"[0.0032362459546925277, 0.04431736954967828]",0.0,0.5406798914722775,0.1,0.0,0.3536324786324786,"[0.11111111111111109, 0.5961538461538461]",0.1,0.012328070772122689,"[0.0016420361247947454, 0.02301410541945063]",0.0,train
0.585,"[0.7566666666666667, 0.41333333333333333]",0.0,4.0,0.5785624186197916,0.0,[56],48.0,1.0,0.0,"[0.0, 0.0]",0.0,0.5785624186197916,0.1,0.0,0.0,"[0.0, 0.0]",0.1,0.0,"[0.0, 0.0]",0.0,valid
0.5734524847428073,"[0.7332170880557978, 0.41368788142981694]",0.0,4.0,0.5387408176194066,0.0,[56],49.0,1.0,0.01129357109605827,"[0.006493506493506471, 0.016093635698610068]",0.0,0.5387408176194066,0.1,0.0,0.41785714285714287,"[0.2857142857142857, 0.55]",0.1,0.005725183860503728,"[0.003284072249589491, 0.008166295471417966]",0.0,train
0.585,"[0.7566666666666667, 0.41333333333333333]",0.0,4.0,0.5866884787877401,0.0,[56],49.0,1.0,0.0,"[0.0, 0.0]",0.0,0.5866884787877401,0.1,0.0,0.0,"[0.0, 0.0]",0.1,0.0,"[0.0, 0.0]",0.0,valid
0.5734524847428073,"[0.7306015693112468, 0.4163034001743679]",0.0,4.0,0.5373734637447025,0.0,[56],50.0,1.0,0.023168155633552668,"[0.015923566878980833, 0.030412744388124503]",0.0,0.5373734637447025,0.1,0.0,0.44040247678018574,"[0.2631578947368421, 0.6176470588235294]",0.1,0.011900190534704013,"[0.008210180623973728, 0.015590200445434299]",0.0,train
0.5883333333333334,"[0.7566666666666667, 0.42]",0.0,4.0,0.5834008852640787,0.0,[56],50.0,1.0,0.016666666666666642,"[0.0, 0.033333333333333284]",0.0,0.5834008852640787,0.1,0.0,0.37499999999999994,"[0.0, 0.7499999999999999]",0.1,0.008522727272727272,"[0.0, 0.017045454545454544]",0.0,valid
0.5756320836965998,"[0.7319093286835222, 0.41935483870967744]",0.0,4.0,0.5390333766522615,0.0,[56],51.0,1.0,0.021793656205773924,"[0.003241491085899488, 0.04034582132564836]",0.0,0.5390333766522615,0.1,0.0,0.40396341463414637,"[0.12499999999999997, 0.6829268292682927]",0.1,0.01121448502602024,"[0.0016420361247947454, 0.020786933927245732]",0.0,train
0.585,"[0.7566666666666667, 0.41333333333333333]",0.0,4.0,0.5725458661715189,0.0,[56],51.0,1.0,0.005617977528089876,"[0.0, 0.011235955056179752]",0.0,0.5725458661715189,0.1,0.0,0.2499999999999999,"[0.0, 0.4999999999999998]",0.1,0.002840909090909091,"[0.0, 0.005681818181818182]",0.0,valid
0.573234524847428,"[0.7314734088927637, 0.4149956408020924]",0.0,4.0,0.5394647549027982,0.0,[56],52.0,1.0,0.01326295558287754,"[0.0032362459546925277, 0.02328966521106255]",0.0,0.5394647549027982,0.1,0.0,0.3518518518518518,"[0.11111111111111109, 0.5925925925925926]",0.1,0.006760142041610438,"[0.0016420361247947454, 0.011878247958426132]",0.0,train
0.585,"[0.7566666666666667, 0.41333333333333333]",0.0,4.0,0.5664374828338623,0.0,[56],52.0,1.0,0.005617977528089876,"[0.0, 0.011235955056179752]",0.0,0.5664374828338623,0.1,0.0,0.2499999999999999,"[0.0, 0.4999999999999998]",0.1,0.002840909090909091,"[0.0, 0.005681818181818182]",0.0,valid
0.5721447253705318,"[0.7332170880557978, 0.4110723626852659]",0.0,4.0,0.5383950679198556,0.0,[56],53.0,1.0,0.006756869623319114,"[0.0032573289902279967, 0.01025641025641023]",0.0,0.5383950679198556,0.1,0.0,0.2944444444444444,"[0.19999999999999996, 0.3888888888888889]",0.1,0.003419384803303089,"[0.0016420361247947454, 0.005196733481811433]",0.0,train
0.5816666666666667,"[0.75, 0.41333333333333333]",0.0,4.0,0.561835507551829,0.0,[56],53.0,1.0,0.005617977528089876,"[0.0, 0.011235955056179752]",0.0,0.561835507551829,0.1,0.0,0.2499999999999999,"[0.0, 0.4999999999999998]",0.1,0.002840909090909091,"[0.0, 0.005681818181818182]",0.0,valid
0.5743243243243243,"[0.7297297297297297, 0.4189189189189189]",0.0,4.0,0.5392165430214094,0.0,[56],54.0,1.0,0.02336351553414183,"[0.006410256410256363, 0.0403167746580273]",0.0,0.5392165430214094,0.1,0.0,0.39999999999999997,"[0.1333333333333333, 0.6666666666666666]",0.1,0.012035503088417611,"[0.003284072249589491, 0.020786933927245732]",0.0,train
0.5866666666666667,"[0.7566666666666667, 0.4166666666666667]",0.0,4.0,0.5757615367571512,0.0,[56],54.0,1.0,0.0056497175141242886,"[0.0, 0.011299435028248577]",0.0,0.5757615367571512,0.1,0.0,0.49999999999999944,"[0.0, 0.9999999999999989]",0.1,0.002840909090909091,"[0.0, 0.005681818181818182]",0.0,valid
0.5762859633827375,"[0.7345248474280732, 0.41804707933740193]",0.0,4.0,0.5377168201881907,0.0,[56],55.0,1.0,0.02038215508279473,"[0.003273322422258586, 0.03749098774333087]",0.0,0.5377168201881907,0.1,0.0,0.575,"[0.4999999999999998, 0.65]",0.1,0.010472094528618605,"[0.0016420361247947454, 0.019302152932442463]",0.0,train
0.585,"[0.7566666666666667, 0.41333333333333333]",0.0,4.0,0.5882825056711832,0.0,[56],55.0,1.0,0.0,"[0.0, 0.0]",0.0,0.5882825056711832,0.1,0.0,0.0,"[0.0, 0.0]",0.1,0.0,"[0.0, 0.0]",0.0,valid
0.5780296425457716,"[0.7336530078465562, 0.4224062772449869]",0.0,4.0,0.5385302227476368,0.0,[56],56.0,1.0,0.029808374733853754,"[0.0, 0.05961674946770751]",0.0,0.5385302227476368,0.1,0.0,0.3387096774193548,"[0.0, 0.6774193548387096]",0.1,0.015590200445434299,"[0.0, 0.031180400890868598]",0.0,train
0.5833333333333334,"[0.75, 0.4166666666666667]",0.0,4.0,0.570207953453064,0.0,[56],56.0,1.0,0.0056497175141242886,"[0.0, 0.011299435028248577]",0.0,0.570207953453064,0.1,0.0,0.49999999999999944,"[0.0, 0.9999999999999989]",0.1,0.002840909090909091,"[0.0, 0.005681818181818182]",0.0,valid
0.5738884045335658,"[0.7297297297297297, 0.41804707933740193]",0.0,4.0,0.5401119421357694,0.0,[56],57.0,1.0,0.026297708612456568,"[0.009584664536741162, 0.04301075268817197]",0.0,0.5401119421357694,0.1,0.0,0.4007352941176471,"[0.17647058823529413, 0.625]",0.1,0.013598911648216618,"[0.0049261083743842365, 0.022271714922048998]",0.0,train
0.585,"[0.7566666666666667, 0.41333333333333333]",0.0,4.0,0.5787253379821777,0.0,[56],57.0,1.0,0.0,"[0.0, 0.0]",0.0,0.5787253379821777,0.1,0.0,0.0,"[0.0, 0.0]",0.1,0.0,"[0.0, 0.0]",0.0,valid
0.574106364428945,"[0.7314734088927637, 0.4167393199651264]",0.0,4.0,0.5377184917097506,0.0,[56],58.0,1.0,0.02193084242283588,"[0.006451612903225772, 0.037410071942445985]",0.0,0.5377184917097506,0.1,0.0,0.3932346723044397,"[0.1818181818181818, 0.6046511627906976]",0.1,0.011293112591015977,"[0.003284072249589491, 0.019302152932442463]",0.0,train
0.5866666666666667,"[0.7566666666666667, 0.4166666666666667]",0.0,4.0,0.5782113273938497,0.0,[56],58.0,1.0,0.0056497175141242886,"[0.0, 0.011299435028248577]",0.0,0.5782113273938497,0.1,0.0,0.49999999999999944,"[0.0, 0.9999999999999989]",0.1,0.002840909090909091,"[0.0, 0.005681818181818182]",0.0,valid
0.5782476024411508,"[0.7314734088927637, 0.42502179598953793]",0.0,4.0,0.5378721602585005,0.0,[56],59.0,1.0,0.03088293382673952,"[0.0032362459546925277, 0.05852962169878651]",0.0,0.5378721602585005,0.1,0.0,0.4351851851851852,"[0.11111111111111109, 0.7592592592592593]",0.1,0.016040023259130856,"[0.0016420361247947454, 0.030438010393466965]",0.0,train
0.585,"[0.7566666666666667, 0.41333333333333333]",0.0,4.0,0.5819775859514872,0.0,[56],59.0,1.0,0.0,"[0.0, 0.0]",0.0,0.5819775859514872,0.1,0.0,0.0,"[0.0, 0.0]",0.1,0.0,"[0.0, 0.0]",0.0,valid
0.5730165649520488,"[0.7319093286835222, 0.4141238012205754]",0.0,4.0,0.5394766667614812,0.0,[56],60.0,1.0,0.013748191027496358,"[0.0, 0.027496382054992715]",0.0,0.5394766667614812,0.1,0.0,0.2714285714285714,"[0.0, 0.5428571428571428]",0.1,0.007052709725315516,"[0.0, 0.014105419450631032]",0.0,train
0.5833333333333334,"[0.7566666666666667, 0.41]",0.0,4.0,0.5848506689071655,0.0,[56],60.0,1.0,0.0,"[0.0, 0.0]",0.0,0.5848506689071655,0.1,0.0,0.0,"[0.0, 0.0]",0.1,0.0,"[0.0, 0.0]",0.0,valid
0.5747602441150829,"[0.7332170880557978, 0.4163034001743679]",0.0,4.0,0.5369030651838883,0.0,[56],61.0,1.0,0.008987016224326646,"[0.0032573289902279967, 0.014716703458425295]",0.0,0.5369030651838883,0.1,0.0,0.5166666666666666,"[0.19999999999999996, 0.8333333333333333]",0.1,0.004532970549405539,"[0.0016420361247947454, 0.007423904974016332]",0.0,train
0.5866666666666667,"[0.7566666666666667, 0.4166666666666667]",0.0,4.0,0.5693316062291464,0.0,[56],61.0,1.0,0.0056497175141242886,"[0.0, 0.011299435028248577]",0.0,0.5693316062291464,0.1,0.0,0.49999999999999944,"[0.0, 0.9999999999999989]",0.1,0.002840909090909091,"[0.0, 0.005681818181818182]",0.0,valid
0.5771578029642546,"[0.7336530078465562, 0.42066259808195294]",0.0,4.0,0.5370516932528951,0.0,[56],62.0,1.0,0.02664919127738639,"[0.003262642740619889, 0.050035739814152894]",0.0,0.5370516932528951,0.1,0.0,0.46153846153846156,"[0.24999999999999994, 0.6730769230769231]",0.1,0.013812851766925956,"[0.0016420361247947454, 0.025983667409057165]",0.0,train
0.5883333333333334,"[0.7566666666666667, 0.42]",0.0,4.0,0.5649157365163168,0.0,[56],62.0,1.0,0.016666666666666642,"[0.0, 0.033333333333333284]",0.0,0.5649157365163168,0.1,0.0,0.37499999999999994,"[0.0, 0.7499999999999999]",0.1,0.008522727272727272,"[0.0, 0.017045454545454544]",0.0,valid
0.5749782040104621,"[0.7327811682650393, 0.41717523975588494]",0.0,4.0,0.5389770036158354,0.0,[56],63.0,1.0,0.01987200446261676,"[0.006482982171799001, 0.033261026753434515]",0.0,0.5389770036158354,0.1,0.0,0.4444444444444444,"[0.24999999999999994, 0.6388888888888888]",0.1,0.010179526844913528,"[0.003284072249589491, 0.017074981440237565]",0.0,train
0.5866666666666667,"[0.7566666666666667, 0.4166666666666667]",0.0,4.0,0.5780547062555949,0.0,[56],63.0,1.0,0.0056497175141242886,"[0.0, 0.011299435028248577]",0.0,0.5780547062555949,0.1,0.0,0.49999999999999944,"[0.0, 0.9999999999999989]",0.1,0.002840909090909091,"[0.0, 0.005681818181818182]",0.0,valid
0.5756320836965998,"[0.7332170880557978, 0.41804707933740193]",0.0,4.0,0.5372462026450945,0.0,[56],64.0,1.0,0.01990135136405951,"[0.006493506493506471, 0.03330919623461255]",0.0,0.5372462026450945,0.1,0.0,0.4810924369747899,"[0.2857142857142857, 0.6764705882352942]",0.1,0.010179526844913528,"[0.003284072249589491, 0.017074981440237565]",0.0,train
0.5866666666666667,"[0.7566666666666667, 0.4166666666666667]",0.0,4.0,0.5823720494906107,0.0,[56],64.0,1.0,0.0056497175141242886,"[0.0, 0.011299435028248577]",0.0,0.5823720494906107,0.1,0.0,0.49999999999999944,"[0.0, 0.9999999999999989]",0.1,0.002840909090909091,"[0.0, 0.005681818181818182]",0.0,valid
0.5727986050566696,"[0.7306015693112468, 0.4149956408020924]",0.0,4.0,0.5384075252906136,0.0,[56],65.0,1.0,0.010397676285835704,"[0.0032258064516128685, 0.017569546120058538]",0.0,0.5384075252906136,0.1,0.0,0.361244019138756,"[0.0909090909090909, 0.631578947368421]",0.1,0.005275361046807172,"[0.0016420361247947454, 0.008908685968819599]",0.0,train
0.5866666666666667,"[0.7566666666666667, 0.4166666666666667]",0.0,4.0,0.5995810230573019,0.0,[56],65.0,1.0,0.0056497175141242886,"[0.0, 0.011299435028248577]",0.0,0.5995810230573019,0.1,0.0,0.49999999999999944,"[0.0, 0.9999999999999989]",0.1,0.002840909090909091,"[0.0, 0.005681818181818182]",0.0,valid
0.5749782040104621,"[0.7340889276373147, 0.41586748038360943]",0.0,4.0,0.537712125674538,0.0,[56],66.0,1.0,0.010233918128654956,"[0.0, 0.020467836257309913]",0.0,0.537712125674538,0.1,0.0,0.3333333333333333,"[0.0, 0.6666666666666666]",0.1,0.005196733481811433,"[0.0, 0.010393466963622866]",0.0,train
0.585,"[0.7566666666666667, 0.41333333333333333]",0.0,4.0,0.590503474076589,0.0,[56],66.0,1.0,0.0,"[0.0, 0.0]",0.0,0.590503474076589,0.1,0.0,0.0,"[0.0, 0.0]",0.1,0.0,"[0.0, 0.0]",0.0,valid
0.5760680034873583,"[0.7323452484742807, 0.4197907585004359]",0.0,4.0,0.538984960835913,0.0,[56],67.0,1.0,0.021810831562093243,"[0.0032467532467532244, 0.04037490987743326]",0.0,0.538984960835913,0.1,0.0,0.4214285714285714,"[0.14285714285714285, 0.7]",0.1,0.01121448502602024,"[0.0016420361247947454, 0.020786933927245732]",0.0,train
0.585,"[0.7566666666666667, 0.41333333333333333]",0.0,4.0,0.5998427470525106,0.0,[56],67.0,1.0,0.0,"[0.0, 0.0]",0.0,0.5998427470525106,0.1,0.0,0.0,"[0.0, 0.0]",0.1,0.0,"[0.0, 0.0]",0.0,valid
0.5734524847428073,"[0.7327811682650393, 0.4141238012205754]",0.0,4.0,0.5397328591865042,0.0,[56],68.0,1.0,0.015578210969789175,"[0.006482982171799001, 0.02467343976777935]",0.0,0.5397328591865042,0.1,0.0,0.39919354838709675,"[0.24999999999999994, 0.5483870967741935]",0.1,0.00795235535270863,"[0.003284072249589491, 0.012620638455827766]",0.0,train
0.585,"[0.7566666666666667, 0.41333333333333333]",0.0,4.0,0.5783370733261108,0.0,[56],68.0,1.0,0.0,"[0.0, 0.0]",0.0,0.5783370733261108,0.1,0.0,0.0,"[0.0, 0.0]",0.1,0.0,"[0.0, 0.0]",0.0,valid
0.5736704446381866,"[0.7310374891020053, 0.4163034001743679]",0.0,4.0,0.5374074681945469,0.0,[56],69.0,1.0,0.012381646030589931,"[0.0, 0.024763292061179863]",0.0,0.5374074681945469,0.1,0.0,0.3269230769230769,"[0.0, 0.6538461538461539]",0.1,0.006310319227913883,"[0.0, 0.012620638455827766]",0.0,train
0.585,"[0.7533333333333333, 0.4166666666666667]",0.0,4.0,0.5632734696070353,0.0,[56],69.0,1.0,0.011173184357541884,"[0.0, 0.02234636871508377]",0.0,0.5632734696070353,0.1,0.0,0.33333333333333326,"[0.0, 0.6666666666666665]",0.1,0.005681818181818182,"[0.0, 0.011363636363636364]",0.0,valid
0.5747602441150828,"[0.7336530078465562, 0.41586748038360943]",0.0,4.0,0.5370710829029912,0.0,[56],70.0,1.0,0.021456753223365828,"[0.009724473257698516, 0.033189033189033136]",0.0,0.5370710829029912,0.1,0.0,0.4823717948717948,"[0.37499999999999994, 0.5897435897435898]",0.1,0.011000544907310901,"[0.0049261083743842365, 0.017074981440237565]",0.0,train
0.5816666666666667,"[0.75, 0.41333333333333333]",0.0,4.0,0.5751322309176127,0.0,[56],70.0,1.0,0.0,"[0.0, 0.0]",0.0,0.5751322309176127,0.1,0.0,0.0,"[0.0, 0.0]",0.1,0.0,"[0.0, 0.0]",0.0,valid
0.5727986050566696,"[0.7310374891020053, 0.4145597210113339]",0.0,4.0,0.5400559396847434,0.0,[56],71.0,1.0,0.013432136350983238,"[0.006441223832528143, 0.020423048869438333]",0.0,0.5400559396847434,0.1,0.0,0.375,"[0.16666666666666663, 0.5833333333333334]",0.1,0.006838769606606178,"[0.003284072249589491, 0.010393466963622866]",0.0,train
0.5883333333333334,"[0.7566666666666667, 0.42]",0.0,4.0,0.5757876833279928,0.0,[56],71.0,1.0,0.016666666666666642,"[0.0, 0.033333333333333284]",0.0,0.5757876833279928,0.1,0.0,0.37499999999999994,"[0.0, 0.7499999999999999]",0.1,0.008522727272727272,"[0.0, 0.017045454545454544]",0.0,valid
0.5736704446381866,"[0.7327811682650393, 0.4145597210113339]",0.0,4.0,0.5389199360557224,0.0,[56],72.0,1.0,0.012550998051859587,"[0.003252032520325184, 0.02184996358339399]",0.0,0.5389199360557224,0.1,0.0,0.37179487179487175,"[0.16666666666666663, 0.5769230769230769]",0.1,0.006388946792909622,"[0.0016420361247947454, 0.011135857461024499]",0.0,train
0.585,"[0.7566666666666667, 0.41333333333333333]",0.0,4.0,0.5791502992312113,0.0,[56],72.0,1.0,0.0,"[0.0, 0.0]",0.0,0.5791502992312113,0.1,0.0,0.0,"[0.0, 0.0]",0.1,0.0,"[0.0, 0.0]",0.0,valid
0.5745422842197035,"[0.7336530078465562, 0.4154315605928509]",0.0,4.0,0.5389443078766698,0.0,[56],73.0,1.0,0.010422530161518723,"[0.003262642740619889, 0.017582417582417558]",0.0,0.5389443078766698,0.1,0.0,0.45833333333333326,"[0.24999999999999994, 0.6666666666666666]",0.1,0.005275361046807172,"[0.0016420361247947454, 0.008908685968819599]",0.0,train
0.5866666666666667,"[0.7566666666666667, 0.4166666666666667]",0.0,4.0,0.5726257165273031,0.0,[56],73.0,1.0,0.0056497175141242886,"[0.0, 0.011299435028248577]",0.0,0.5726257165273031,0.1,0.0,0.49999999999999944,"[0.0, 0.9999999999999989]",0.1,0.002840909090909091,"[0.0, 0.005681818181818182]",0.0,valid
0.5725806451612903,"[0.7336530078465562, 0.4115082824760244]",0.0,4.0,0.5377276721207992,0.0,[56],74.0,1.0,0.005131964809384153,"[0.0, 0.010263929618768305]",0.0,0.5377276721207992,0.1,0.0,0.20588235294117646,"[0.0, 0.4117647058823529]",0.1,0.0025983667409057165,"[0.0, 0.005196733481811433]",0.0,train
0.585,"[0.7566666666666667, 0.41333333333333333]",0.0,4.0,0.581576406955719,0.0,[56],74.0,1.0,0.0,"[0.0, 0.0]",0.0,0.581576406955719,0.1,0.0,0.0,"[0.0, 0.0]",0.1,0.0,"[0.0, 0.0]",0.0,valid
0.5704010462074979,"[0.7310374891020053, 0.4097646033129904]",0.0,4.0,0.5371973799622577,0.0,[56],75.0,1.0,0.012239416058394119,"[0.01279999999999995, 0.011678832116788287]",0.0,0.5371973799622577,0.1,0.0,0.29891304347826086,"[0.25, 0.34782608695652173]",0.1,0.006253634239196023,"[0.006568144499178982, 0.005939123979213066]",0.0,train
0.585,"[0.7566666666666667, 0.41333333333333333]",0.0,4.0,0.5650206406911215,0.0,[56],75.0,1.0,0.0,"[0.0, 0.0]",0.0,0.5650206406911215,0.1,0.0,0.0,"[0.0, 0.0]",0.1,0.0,"[0.0, 0.0]",0.0,valid
0.5754141238012206,"[0.7340889276373147, 0.4167393199651264]",0.0,4.0,0.5381012520064479,0.0,[56],76.0,1.0,0.018474720294575808,"[0.00651465798045601, 0.030434782608695605]",0.0,0.5381012520064479,0.1,0.0,0.5181818181818181,"[0.3999999999999999, 0.6363636363636364]",0.1,0.009437136347511895,"[0.003284072249589491, 0.015590200445434299]",0.0,train
0.5866666666666667,"[0.7566666666666667, 0.4166666666666667]",0.0,4.0,0.5721015930175781,0.0,[56],76.0,1.0,0.0056497175141242886,"[0.0, 0.011299435028248577]",0.0,0.5721015930175781,0.1,0.0,0.49999999999999944,"[0.0, 0.9999999999999989]",0.1,0.002840909090909091,"[0.0, 0.005681818181818182]",0.0,valid
0.5732345248474281,"[0.7332170880557978, 0.4132519616390584]",0.0,4.0,0.5386414100294528,0.0,[56],77.0,1.0,0.005147058823529403,"[0.0, 0.010294117647058806]",0.0,0.5386414100294528,0.1,0.0,0.2692307692307692,"[0.0, 0.5384615384615384]",0.1,0.0025983667409057165,"[0.0, 0.005196733481811433]",0.0,train
0.585,"[0.7566666666666667, 0.41333333333333333]",0.0,4.0,0.5715661446253458,0.0,[56],77.0,1.0,0.0,"[0.0, 0.0]",0.0,0.5715661446253458,0.1,0.0,0.0,"[0.0, 0.0]",0.1,0.0,"[0.0, 0.0]",0.0,valid
0.574106364428945,"[0.7323452484742807, 0.41586748038360943]",0.0,4.0,0.5389573081679966,0.0,[56],78.0,1.0,0.01933146330060772,"[0.009677419354838675, 0.02898550724637676]",0.0,0.5389573081679966,0.1,0.0,0.4393939393939394,"[0.2727272727272727, 0.6060606060606061]",0.1,0.00988695916120845,"[0.0049261083743842365, 0.014847809948032665]",0.0,train
0.5866666666666667,"[0.7566666666666667, 0.4166666666666667]",0.0,4.0,0.5628789663314819,0.0,[56],78.0,1.0,0.0056497175141242886,"[0.0, 0.011299435028248577]",0.0,0.5628789663314819,0.1,0.0,0.49999999999999944,"[0.0, 0.9999999999999989]",0.1,0.002840909090909091,"[0.0, 0.005681818181818182]",0.0,valid
0.5773757628596339,"[0.7327811682650393, 0.4219703574542284]",0.0,4.0,0.5378730297088623,0.0,[56],79.0,1.0,0.026428571428571395,"[0.0, 0.05285714285714279]",0.0,0.5378730297088623,0.1,0.0,0.3490566037735849,"[0.0, 0.6981132075471698]",0.1,0.013734224201930215,"[0.0, 0.02746844840386043]",0.0,train
0.585,"[0.7566666666666667, 0.41333333333333333]",0.0,4.0,0.5858590602874756,0.0,[56],79.0,1.0,0.0,"[0.0, 0.0]",0.0,0.5858590602874756,0.1,0.0,0.0,"[0.0, 0.0]",0.1,0.0,"[0.0, 0.0]",0.0,valid
0.5710549258936355,"[0.7314734088927637, 0.4106364428945074]",0.0,4.0,0.5377611543821252,0.0,[56],80.0,1.0,0.007624633431085014,"[0.006451612903225772, 0.008797653958944256]",0.0,0.5377611543821252,0.1,0.0,0.26737967914438504,"[0.1818181818181818, 0.35294117647058826]",0.1,0.0038692076169996453,"[0.003284072249589491, 0.004454342984409799]",0.0,train
0.5900000000000001,"[0.7566666666666667, 0.42333333333333334]",0.0,4.0,0.5795072714487711,0.0,[56],80.0,1.0,0.02209944751381213,"[0.0, 0.04419889502762426]",0.0,0.5795072714487711,0.1,0.0,0.3999999999999999,"[0.0, 0.7999999999999998]",0.1,0.011363636363636364,"[0.0, 0.022727272727272728]",0.0,valid
0.5754141238012206,"[0.7332170880557978, 0.4176111595466434]",0.0,4.0,0.5376746887746064,0.0,[56],81.0,1.0,0.012408759124087575,"[0.0, 0.02481751824817515]",0.0,0.5376746887746064,0.1,0.0,0.3695652173913043,"[0.0, 0.7391304347826086]",0.1,0.006310319227913883,"[0.0, 0.012620638455827766]",0.0,train
0.585,"[0.7566666666666667, 0.41333333333333333]",0.0,4.0,0.5758257905642191,0.0,[56],81.0,1.0,0.0,"[0.0, 0.0]",0.0,0.5758257905642191,0.1,0.0,0.0,"[0.0, 0.0]",0.1,0.0,"[0.0, 0.0]",0.0,valid
0.5758500435919791,"[0.7323452484742807, 0.41935483870967744]",0.0,4.0,0.5367671432702438,0.0,[56],82.0,1.0,0.02292843471359876,"[0.009677419354838675, 0.03617945007235884]",0.0,0.5367671432702438,0.1,0.0,0.4935064935064935,"[0.2727272727272727, 0.7142857142857143]",0.1,0.011742935404712534,"[0.0049261083743842365, 0.01855976243504083]",0.0,train
0.5916666666666667,"[0.7566666666666667, 0.4266666666666667]",0.0,4.0,0.5866324702898661,0.0,[56],82.0,1.0,0.027472527472527437,"[0.0, 0.054945054945054875]",0.0,0.5866324702898661,0.1,0.0,0.41666666666666663,"[0.0, 0.8333333333333333]",0.1,0.014204545454545454,"[0.0, 0.028409090909090908]",0.0,valid
0.5754141238012206,"[0.7319093286835222, 0.4189189189189189]",0.0,4.0,0.538870184317879,0.0,[56],83.0,1.0,0.024079328338534427,"[0.006462035541195444, 0.041696621135873406]",0.0,0.538870184317879,0.1,0.0,0.4295454545454545,"[0.19999999999999996, 0.6590909090909091]",0.1,0.012406698337118428,"[0.003284072249589491, 0.021529324424647365]",0.0,train
0.5816666666666667,"[0.75, 0.41333333333333333]",0.0,4.0,0.5631150801976522,0.0,[56],83.0,1.0,0.0,"[0.0, 0.0]",0.0,0.5631150801976522,0.1,0.0,0.0,"[0.0, 0.0]",0.1,0.0,"[0.0, 0.0]",0.0,valid
0.5732345248474281,"[0.7301656495204882, 0.4163034001743679]",0.0,4.0,0.5399019627467446,0.0,[56],84.0,1.0,0.017713536107421875,"[0.0064205457463884, 0.029006526468455352]",0.0,0.5399019627467446,0.1,0.0,0.3839285714285714,"[0.14285714285714285, 0.625]",0.1,0.009065941098811078,"[0.003284072249589491, 0.014847809948032665]",0.0,train
0.585,"[0.7566666666666667, 0.41333333333333333]",0.0,4.0,0.5750361283620199,0.0,[56],84.0,1.0,0.0,"[0.0, 0.0]",0.0,0.5750361283620199,0.1,0.0,0.0,"[0.0, 0.0]",0.1,0.0,"[0.0, 0.0]",0.0,valid
0.5745422842197037,"[0.7332170880557978, 0.41586748038360943]",0.0,4.0,0.5377594828605652,0.0,[56],85.0,1.0,0.016121418118302377,"[0.0032573289902279967, 0.02898550724637676]",0.0,0.5377594828605652,0.1,0.0,0.403030303030303,"[0.19999999999999996, 0.6060606060606061]",0.1,0.008244923036413705,"[0.0016420361247947454, 0.014847809948032665]",0.0,train
0.5866666666666667,"[0.7566666666666667, 0.4166666666666667]",0.0,4.0,0.5717734694480896,0.0,[56],85.0,1.0,0.0056497175141242886,"[0.0, 0.011299435028248577]",0.0,0.5717734694480896,0.1,0.0,0.49999999999999944,"[0.0, 0.9999999999999989]",0.1,0.002840909090909091,"[0.0, 0.005681818181818182]",0.0,valid
0.5730165649520489,"[0.7327811682650393, 0.4132519616390584]",0.0,4.0,0.5393648601096609,0.0,[56],86.0,1.0,0.011101234919054702,"[0.003252032520325184, 0.01895043731778422]",0.0,0.5393648601096609,0.1,0.0,0.3433333333333333,"[0.16666666666666663, 0.52]",0.1,0.005646556295507988,"[0.0016420361247947454, 0.009651076466221232]",0.0,train
0.5883333333333334,"[0.7566666666666667, 0.42]",0.0,4.0,0.5712434848149618,0.0,[56],86.0,1.0,0.011235955056179761,"[0.0, 0.022471910112359522]",0.0,0.5712434848149618,0.1,0.0,0.4999999999999998,"[0.0, 0.9999999999999996]",0.1,0.005681818181818182,"[0.0, 0.011363636363636364]",0.0,valid
0.5730165649520488,"[0.7319093286835222, 0.4141238012205754]",0.0,4.0,0.5382407113261845,0.0,[56],87.0,1.0,0.008952123842069965,"[0.003241491085899488, 0.014662756598240444]",0.0,0.5382407113261845,0.1,0.0,0.35661764705882354,"[0.12499999999999997, 0.5882352941176471]",0.1,0.004532970549405539,"[0.0016420361247947454, 0.007423904974016332]",0.0,train
0.585,"[0.7566666666666667, 0.41333333333333333]",0.0,4.0,0.587001105149587,0.0,[56],87.0,1.0,0.0,"[0.0, 0.0]",0.0,0.587001105149587,0.1,0.0,0.0,"[0.0, 0.0]",0.1,0.0,"[0.0, 0.0]",0.0,valid
0.5756320836965998,"[0.7345248474280732, 0.4167393199651264]",0.0,4.0,0.5363551080226898,0.0,[56],88.0,1.0,0.016363079421842584,"[0.006525285481239791, 0.02620087336244538]",0.0,0.5363551080226898,0.1,0.0,0.5833333333333333,"[0.4999999999999999, 0.6666666666666666]",0.1,0.008323550601409446,"[0.003284072249589491, 0.013363028953229399]",0.0,train
0.585,"[0.7566666666666667, 0.41333333333333333]",0.0,4.0,0.5834405422210693,0.0,[56],88.0,1.0,0.0,"[0.0, 0.0]",0.0,0.5834405422210693,0.1,0.0,0.0,"[0.0, 0.0]",0.1,0.0,"[0.0, 0.0]",0.0,valid
0.5736704446381866,"[0.7340889276373147, 0.4132519616390584]",0.0,4.0,0.5360585075357686,0.0,[56],89.0,1.0,0.008759124087591226,"[0.0, 0.017518248175182452]",0.0,0.5360585075357686,0.1,0.0,0.2608695652173913,"[0.0, 0.5217391304347826]",0.1,0.004454342984409799,"[0.0, 0.008908685968819599]",0.0,train
0.5866666666666667,"[0.7566666666666667, 0.4166666666666667]",0.0,4.0,0.5680476029713949,0.0,[56],89.0,1.0,0.0056497175141242886,"[0.0, 0.011299435028248577]",0.0,0.5680476029713949,0.1,0.0,0.49999999999999944,"[0.0, 0.9999999999999989]",0.1,0.002840909090909091,"[0.0, 0.005681818181818182]",0.0,valid
0.5782476024411508,"[0.7345248474280732, 0.4219703574542284]",0.0,4.0,0.5367583347403485,0.0,[56],90.0,1.0,0.02302158273381292,"[0.0, 0.04604316546762584]",0.0,0.5367583347403485,0.1,0.0,0.37209302325581395,"[0.0, 0.7441860465116279]",0.1,0.011878247958426132,"[0.0, 0.023756495916852263]",0.0,train
0.5883333333333334,"[0.7533333333333333, 0.42333333333333334]",0.0,4.0,0.558785875638326,0.0,[56],90.0,1.0,0.016759776536312828,"[0.0, 0.033519553072625656]",0.0,0.558785875638326,0.1,0.0,0.49999999999999983,"[0.0, 0.9999999999999997]",0.1,0.008522727272727272,"[0.0, 0.017045454545454544]",0.0,valid
0.5758500435919791,"[0.7327811682650393, 0.4189189189189189]",0.0,4.0,0.5375670220540918,0.0,[56],91.0,1.0,0.024089801653836205,"[0.006482982171799001, 0.041696621135873406]",0.0,0.5375670220540918,0.1,0.0,0.4545454545454545,"[0.24999999999999994, 0.6590909090909091]",0.1,0.012406698337118428,"[0.003284072249589491, 0.021529324424647365]",0.0,train
0.5783333333333334,"[0.7433333333333333, 0.41333333333333333]",0.0,4.0,0.5740500887235006,0.0,[56],91.0,1.0,0.0,"[0.0, 0.0]",0.0,0.5740500887235006,0.1,0.0,0.0,"[0.0, 0.0]",0.1,0.0,"[0.0, 0.0]",0.0,valid
0.5767218831734962,"[0.7284219703574543, 0.42502179598953793]",0.0,4.0,0.5370453829350679,0.0,[56],92.0,1.0,0.03357928758470646,"[0.012678288431061738, 0.05448028673835119]",0.0,0.5370453829350679,0.1,0.0,0.4867424242424242,"[0.18181818181818182, 0.7916666666666666]",0.1,0.017389491700220524,"[0.006568144499178982, 0.028210838901262063]",0.0,train
0.5883333333333334,"[0.7566666666666667, 0.42]",0.0,4.0,0.5705496867497762,0.0,[56],92.0,1.0,0.027173913043478215,"[0.0, 0.05434782608695643]",0.0,0.5705496867497762,0.1,0.0,0.31249999999999994,"[0.0, 0.6249999999999999]",0.1,0.014204545454545454,"[0.0, 0.028409090909090908]",0.0,valid
0.5751961639058414,"[0.7301656495204882, 0.4202266782911944]",0.0,4.0,0.5383727809657222,0.0,[56],93.0,1.0,0.023193039771081635,"[0.0032206119162640524, 0.04316546762589922]",0.0,0.5383727809657222,0.1,0.0,0.3905038759689923,"[0.08333333333333331, 0.6976744186046512]",0.1,0.011956875523421872,"[0.0016420361247947454, 0.022271714922048998]",0.0,train
0.5866666666666667,"[0.7566666666666667, 0.4166666666666667]",0.0,4.0,0.5580787658691406,0.0,[56],93.0,1.0,0.011173184357541884,"[0.0, 0.02234636871508377]",0.0,0.5580787658691406,0.1,0.0,0.33333333333333326,"[0.0, 0.6666666666666665]",0.1,0.005681818181818182,"[0.0, 0.011363636363636364]",0.0,valid
0.5762859633827375,"[0.7345248474280732, 0.41804707933740193]",0.0,4.0,0.5383403819540272,0.0,[56],94.0,1.0,0.03240460850189136,"[0.02870813397129181, 0.03610108303249092]",0.0,0.5383403819540272,0.1,0.0,0.5789473684210527,"[0.5, 0.6578947368421053]",0.1,0.016669043779096768,"[0.014778325123152709, 0.01855976243504083]",0.0,train
0.5866666666666667,"[0.7566666666666667, 0.4166666666666667]",0.0,4.0,0.5879886349042257,0.0,[56],94.0,1.0,0.0056497175141242886,"[0.0, 0.011299435028248577]",0.0,0.5879886349042257,0.1,0.0,0.49999999999999944,"[0.0, 0.9999999999999989]",0.1,0.002840909090909091,"[0.0, 0.005681818181818182]",0.0,valid
0.5747602441150828,"[0.7336530078465562, 0.41586748038360943]",0.0,4.0,0.5374441431916278,0.0,[56],95.0,1.0,0.019147986277550603,"[0.006504065040650387, 0.031791907514450816]",0.0,0.5374441431916278,0.1,0.0,0.46396396396396394,"[0.33333333333333326, 0.5945945945945946]",0.1,0.009808331596212711,"[0.003284072249589491, 0.016332590942835932]",0.0,train
0.5866666666666667,"[0.7566666666666667, 0.4166666666666667]",0.0,4.0,0.5856845577557882,0.0,[56],95.0,1.0,0.0056497175141242886,"[0.0, 0.011299435028248577]",0.0,0.5856845577557882,0.1,0.0,0.49999999999999944,"[0.0, 0.9999999999999989]",0.1,0.002840909090909091,"[0.0, 0.005681818181818182]",0.0,valid
0.5730165649520489,"[0.7327811682650393, 0.4132519616390584]",0.0,4.0,0.5390148992123811,0.0,[56],96.0,1.0,0.008946660476853645,"[0.003252032520325184, 0.014641288433382109]",0.0,0.5390148992123811,0.1,0.0,0.3464912280701754,"[0.16666666666666663, 0.5263157894736842]",0.1,0.004532970549405539,"[0.0016420361247947454, 0.007423904974016332]",0.0,train
0.585,"[0.7566666666666667, 0.41333333333333333]",0.0,4.0,0.5893368323644003,0.0,[56],96.0,1.0,0.0,"[0.0, 0.0]",0.0,0.5893368323644003,0.1,0.0,0.0,"[0.0, 0.0]",0.1,0.0,"[0.0, 0.0]",0.0,valid
0.5758500435919791,"[0.7340889276373147, 0.4176111595466434]",0.0,4.0,0.5399783642395682,0.0,[56],97.0,1.0,0.015942028985507225,"[0.0, 0.03188405797101445]",0.0,0.5399783642395682,0.1,0.0,0.3333333333333333,"[0.0, 0.6666666666666666]",0.1,0.008166295471417966,"[0.0, 0.016332590942835932]",0.0,train
0.585,"[0.7566666666666667, 0.41333333333333333]",0.0,4.0,0.5728285312652588,0.0,[56],97.0,1.0,0.0,"[0.0, 0.0]",0.0,0.5728285312652588,0.1,0.0,0.0,"[0.0, 0.0]",0.1,0.0,"[0.0, 0.0]",0.0,valid
0.5727986050566696,"[0.7319093286835222, 0.41368788142981694]",0.0,4.0,0.5391290783882141,0.0,[56],98.0,1.0,0.008381863981046572,"[0.006462035541195444, 0.0103016924208977]",0.0,0.5391290783882141,0.1,0.0,0.3916666666666666,"[0.19999999999999996, 0.5833333333333333]",0.1,0.004240402865700462,"[0.003284072249589491, 0.005196733481811433]",0.0,train
0.5900000000000001,"[0.7566666666666667, 0.42333333333333334]",0.0,4.0,0.5684704979260763,0.0,[56],98.0,1.0,0.02209944751381213,"[0.0, 0.04419889502762426]",0.0,0.5684704979260763,0.1,0.0,0.3999999999999999,"[0.0, 0.7999999999999998]",0.1,0.011363636363636364,"[0.0, 0.022727272727272728]",0.0,valid
0.5749782040104621,"[0.7345248474280732, 0.4154315605928509]",0.0,4.0,0.5341955941656361,0.0,[56],99.0,1.0,0.014482259232440236,"[0.0, 0.028964518464880473]",0.0,0.5341955941656361,0.1,0.0,0.29411764705882354,"[0.0, 0.5882352941176471]",0.1,0.007423904974016332,"[0.0, 0.014847809948032665]",0.0,train
0.5883333333333334,"[0.7566666666666667, 0.42]",0.0,4.0,0.5744796395301819,0.0,[56],99.0,1.0,0.011235955056179761,"[0.0, 0.022471910112359522]",0.0,0.5744796395301819,0.1,0.0,0.4999999999999998,"[0.0, 0.9999999999999996]",0.1,0.005681818181818182,"[0.0, 0.011363636363636364]",0.0,valid
0.5756320836965998,"[0.7332170880557978, 0.41804707933740193]",0.0,4.0,0.5362256804238195,0.0,[56],100.0,1.0,0.01805054151624546,"[0.0, 0.03610108303249092]",0.0,0.5362256804238195,0.1,0.0,0.32894736842105265,"[0.0, 0.6578947368421053]",0.1,0.009279881217520415,"[0.0, 0.01855976243504083]",0.0,train
0.585,"[0.7566666666666667, 0.41333333333333333]",0.0,4.0,0.5748361349105835,0.0,[56],100.0,1.0,0.0,"[0.0, 0.0]",0.0,0.5748361349105835,0.1,0.0,0.0,"[0.0, 0.0]",0.1,0.0,"[0.0, 0.0]",0.0,valid
0.5727986050566696,"[0.7332170880557978, 0.41238012205754143]",0.0,4.0,0.538186867599902,0.0,[56],101.0,1.0,0.021916397639986596,"[0.019230769230769183, 0.024602026049204005]",0.0,0.538186867599902,0.1,0.0,0.44285714285714284,"[0.39999999999999997, 0.4857142857142857]",0.1,0.01123642760229812,"[0.009852216748768473, 0.012620638455827766]",0.0,train
0.585,"[0.7566666666666667, 0.41333333333333333]",0.0,4.0,0.5833191871643066,0.0,[56],101.0,1.0,0.0,"[0.0, 0.0]",0.0,0.5833191871643066,0.1,0.0,0.0,"[0.0, 0.0]",0.1,0.0,"[0.0, 0.0]",0.0,valid
0.5730165649520488,"[0.7336530078465562, 0.41238012205754143]",0.0,4.0,0.5367091699786808,0.0,[56],102.0,1.0,0.01037767705544112,"[0.003262642740619889, 0.017492711370262353]",0.0,0.5367091699786808,0.1,0.0,0.365,"[0.24999999999999994, 0.48]",0.1,0.005275361046807172,"[0.0016420361247947454, 0.008908685968819599]",0.0,train
0.585,"[0.7566666666666667, 0.41333333333333333]",0.0,4.0,0.5765560865402222,0.0,[56],102.0,1.0,0.0,"[0.0, 0.0]",0.0,0.5765560865402222,0.1,0.0,0.0,"[0.0, 0.0]",0.1,0.0,"[0.0, 0.0]",0.0,valid
0.5778116826503923,"[0.7340889276373147, 0.42153443766346993]",0.0,4.0,0.5380587746267733,0.0,[56],103.0,1.0,0.02668767339911384,"[0.003267973856209141, 0.050107372942018544]",0.0,0.5380587746267733,0.1,0.0,0.5166666666666666,"[0.33333333333333326, 0.7]",0.1,0.013812851766925956,"[0.0016420361247947454, 0.025983667409057165]",0.0,train
0.5866666666666667,"[0.7533333333333333, 0.42]",0.0,4.0,0.5576662222544352,0.0,[56],103.0,1.0,0.016666666666666642,"[0.0, 0.033333333333333284]",0.0,0.5576662222544352,0.1,0.0,0.37499999999999994,"[0.0, 0.7499999999999999]",0.1,0.008522727272727272,"[0.0, 0.017045454545454544]",0.0,valid
0.5758500435919791,"[0.7301656495204882, 0.42153443766346993]",0.0,4.0,0.5374859286391217,0.0,[56],104.0,1.0,0.03746815916863709,"[0.02211690363349124, 0.05281941470378294]",0.0,0.5374859286391217,0.1,0.0,0.48842592592592593,"[0.2916666666666667, 0.6851851851851852]",0.1,0.019481350638711824,"[0.011494252873563218, 0.02746844840386043]",0.0,train
0.5816666666666667,"[0.75, 0.41333333333333333]",0.0,4.0,0.5845431486765543,0.0,[56],104.0,1.0,0.0,"[0.0, 0.0]",0.0,0.5845431486765543,0.1,0.0,0.0,"[0.0, 0.0]",0.1,0.0,"[0.0, 0.0]",0.0,valid
0.5754141238012206,"[0.7327811682650393, 0.41804707933740193]",0.0,4.0,0.5376330886198126,0.0,[56],105.0,1.0,0.017579605817813038,"[0.003252032520325184, 0.031907179115300895]",0.0,0.5376330886198126,0.1,0.0,0.4270833333333333,"[0.16666666666666663, 0.6875]",0.1,0.00898731353381534,"[0.0016420361247947454, 0.016332590942835932]",0.0,train
0.585,"[0.7566666666666667, 0.41333333333333333]",0.0,4.0,0.5817606647809347,0.0,[56],105.0,1.0,0.0,"[0.0, 0.0]",0.0,0.5817606647809347,0.1,0.0,0.0,"[0.0, 0.0]",0.1,0.0,"[0.0, 0.0]",0.0,valid
0.5736704446381866,"[0.7297297297297297, 0.4176111595466434]",0.0,4.0,0.5389632595622021,0.0,[56],106.0,1.0,0.022133372730798302,"[0.009584664536741162, 0.03468208092485544]",0.0,0.5389632595622021,0.1,0.0,0.4125596184419714,"[0.17647058823529413, 0.6486486486486487]",0.1,0.011371740156011717,"[0.0049261083743842365, 0.017817371937639197]",0.0,train
0.585,"[0.7566666666666667, 0.41333333333333333]",0.0,4.0,0.5826149384180704,0.0,[56],106.0,1.0,0.0,"[0.0, 0.0]",0.0,0.5826149384180704,0.1,0.0,0.0,"[0.0, 0.0]",0.1,0.0,"[0.0, 0.0]",0.0,valid
0.5747602441150829,"[0.7332170880557978, 0.4163034001743679]",0.0,4.0,0.5384834810443546,0.0,[56],107.0,1.0,0.012770562770562746,"[0.006493506493506471, 0.01904761904761902]",0.0,0.5384834810443546,0.1,0.0,0.503968253968254,"[0.2857142857142857, 0.7222222222222222]",0.1,0.006467574357905361,"[0.003284072249589491, 0.009651076466221232]",0.0,train
0.5800000000000001,"[0.7466666666666667, 0.41333333333333333]",0.0,4.0,0.5690350333849589,0.0,[56],107.0,1.0,0.0,"[0.0, 0.0]",0.0,0.5690350333849589,0.1,0.0,0.0,"[0.0, 0.0]",0.1,0.0,"[0.0, 0.0]",0.0,valid
0.5741063644289451,"[0.7310374891020053, 0.41717523975588494]",0.0,4.0,0.5380276752554852,0.0,[56],108.0,1.0,0.026321928773118113,"[0.022187004754358093, 0.030456852791878132]",0.0,0.5380276752554852,0.1,0.0,0.48721590909090906,"[0.3181818181818182, 0.65625]",0.1,0.013542226659498759,"[0.011494252873563218, 0.015590200445434299]",0.0,train
0.585,"[0.7566666666666667, 0.41333333333333333]",0.0,4.0,0.5687111616134644,0.0,[56],108.0,1.0,0.0,"[0.0, 0.0]",0.0,0.5687111616134644,0.1,0.0,0.0,"[0.0, 0.0]",0.1,0.0,"[0.0, 0.0]",0.0,valid
0.5730165649520488,"[0.7314734088927637, 0.4145597210113339]",0.0,4.0,0.5371279975642329,0.0,[56],109.0,1.0,0.020607093580066505,"[0.022222222222222157, 0.018991964937910853]",0.0,0.5371279975642329,0.1,0.0,0.46212121212121215,"[0.3333333333333333, 0.5909090909090909]",0.1,0.010572664669892224,"[0.011494252873563218, 0.009651076466221232]",0.0,train
0.585,"[0.7566666666666667, 0.41333333333333333]",0.0,4.0,0.5956363479296366,0.0,[56],109.0,1.0,0.0,"[0.0, 0.0]",0.0,0.5956363479296366,0.1,0.0,0.0,"[0.0, 0.0]",0.1,0.0,"[0.0, 0.0]",0.0,valid
0.5730165649520488,"[0.7340889276373147, 0.4119442022667829]",0.0,4.0,0.5386105464852374,0.0,[56],110.0,1.0,0.007304601899196478,"[0.0, 0.014609203798392955]",0.0,0.5386105464852374,0.1,0.0,0.22727272727272727,"[0.0, 0.45454545454545453]",0.1,0.003711952487008166,"[0.0, 0.007423904974016332]",0.0,train
0.5866666666666667,"[0.7566666666666667, 0.4166666666666667]",0.0,4.0,0.5720938841501871,0.0,[56],110.0,1.0,0.0056497175141242886,"[0.0, 0.011299435028248577]",0.0,0.5720938841501871,0.1,0.0,0.49999999999999944,"[0.0, 0.9999999999999989]",0.1,0.002840909090909091,"[0.0, 0.005681818181818182]",0.0,valid
0.5747602441150829,"[0.7306015693112468, 0.4189189189189189]",0.0,4.0,0.5380731173183607,0.0,[56],111.0,1.0,0.023373821412614914,"[0.0064308681672025315, 0.0403167746580273]",0.0,0.5380731173183607,0.1,0.0,0.41025641025641024,"[0.15384615384615383, 0.6666666666666666]",0.1,0.012035503088417611,"[0.003284072249589491, 0.020786933927245732]",0.0,train
0.5883333333333334,"[0.7566666666666667, 0.42]",0.0,4.0,0.57355930407842,0.0,[56],111.0,1.0,0.011235955056179761,"[0.0, 0.022471910112359522]",0.0,0.57355930407842,0.1,0.0,0.4999999999999998,"[0.0, 0.9999999999999996]",0.1,0.005681818181818182,"[0.0, 0.011363636363636364]",0.0,valid
0.5771578029642546,"[0.7314734088927637, 0.42284219703574544]",0.0,4.0,0.5384911272836768,0.0,[56],112.0,1.0,0.04700848999123864,"[0.00964630225080382, 0.08437067773167346]",0.0,0.5384911272836768,0.1,0.0,0.42346542346542343,"[0.23076923076923073, 0.6161616161616161]",0.1,0.025105964357941934,"[0.0049261083743842365, 0.04528582034149963]",0.0,train
0.5866666666666667,"[0.7566666666666667, 0.4166666666666667]",0.0,4.0,0.570593516031901,0.0,[56],112.0,1.0,0.0056497175141242886,"[0.0, 0.011299435028248577]",0.0,0.570593516031901,0.1,0.0,0.49999999999999944,"[0.0, 0.9999999999999989]",0.1,0.002840909090909091,"[0.0, 0.005681818181818182]",0.0,valid
0.5734524847428073,"[0.7332170880557978, 0.41368788142981694]",0.0,4.0,0.5389556547869807,0.0,[56],113.0,1.0,0.008046817849305034,"[0.0, 0.016093635698610068]",0.0,0.5389556547869807,0.1,0.0,0.275,"[0.0, 0.55]",0.1,0.004083147735708983,"[0.0, 0.008166295471417966]",0.0,train
0.585,"[0.7566666666666667, 0.41333333333333333]",0.0,4.0,0.5705898801485697,0.0,[56],113.0,1.0,0.0,"[0.0, 0.0]",0.0,0.5705898801485697,0.1,0.0,0.0,"[0.0, 0.0]",0.1,0.0,"[0.0, 0.0]",0.0,valid
0.5743243243243243,"[0.7319093286835222, 0.4167393199651264]",0.0,4.0,0.538558647684429,0.0,[56],114.0,1.0,0.0138081395348837,"[0.0, 0.0276162790697674]",0.0,0.538558647684429,0.1,0.0,0.3275862068965517,"[0.0, 0.6551724137931034]",0.1,0.007052709725315516,"[0.0, 0.014105419450631032]",0.0,train
0.5866666666666667,"[0.7566666666666667, 0.4166666666666667]",0.0,4.0,0.5702503124872843,0.0,[56],114.0,1.0,0.0056497175141242886,"[0.0, 0.011299435028248577]",0.0,0.5702503124872843,0.1,0.0,0.49999999999999944,"[0.0, 0.9999999999999989]",0.1,0.002840909090909091,"[0.0, 0.005681818181818182]",0.0,valid
0.5747602441150829,"[0.7327811682650393, 0.4167393199651264]",0.0,4.0,0.537653580955837,0.0,[56],115.0,1.0,0.011678832116788305,"[0.0, 0.02335766423357661]",0.0,0.537653580955837,0.1,0.0,0.34782608695652173,"[0.0, 0.6956521739130435]",0.1,0.005939123979213066,"[0.0, 0.011878247958426132]",0.0,train
0.585,"[0.7566666666666667, 0.41333333333333333]",0.0,4.0,0.5783692797025045,0.0,[56],115.0,1.0,0.0,"[0.0, 0.0]",0.0,0.5783692797025045,0.1,0.0,0.0,"[0.0, 0.0]",0.1,0.0,"[0.0, 0.0]",0.0,valid
0.5717088055797733,"[0.7327811682650393, 0.4106364428945074]",0.0,4.0,0.5380659880845443,0.0,[56],116.0,1.0,0.003980043523122538,"[0.006482982171799001, 0.0014771048744460754]",0.0,0.5380659880845443,0.1,0.0,0.1964285714285714,"[0.24999999999999994, 0.14285714285714285]",0.1,0.002013231373495562,"[0.003284072249589491, 0.0007423904974016332]",0.0,train
0.5866666666666667,"[0.7566666666666667, 0.4166666666666667]",0.0,4.0,0.5704757968584696,0.0,[56],116.0,1.0,0.0056497175141242886,"[0.0, 0.011299435028248577]",0.0,0.5704757968584696,0.1,0.0,0.49999999999999944,"[0.0, 0.9999999999999989]",0.1,0.002840909090909091,"[0.0, 0.005681818181818182]",0.0,valid
0.5751961639058414,"[0.7327811682650393, 0.4176111595466434]",0.0,4.0,0.538544685944267,0.0,[56],117.0,1.0,0.01734104046242772,"[0.0, 0.03468208092485544]",0.0,0.538544685944267,0.1,0.0,0.32432432432432434,"[0.0, 0.6486486486486487]",0.1,0.008908685968819599,"[0.0, 0.017817371937639197]",0.0,train
0.585,"[0.7566666666666667, 0.41333333333333333]",0.0,4.0,0.5692188739776611,0.0,[56],117.0,1.0,0.0,"[0.0, 0.0]",0.0,0.5692188739776611,0.1,0.0,0.0,"[0.0, 0.0]",0.1,0.0,"[0.0, 0.0]",0.0,valid
0.5734524847428073,"[0.7327811682650393, 0.4141238012205754]",0.0,4.0,0.5368942333304364,0.0,[56],118.0,1.0,0.009849420601317991,"[0.006482982171799001, 0.013215859030836982]",0.0,0.5368942333304364,0.1,0.0,0.42499999999999993,"[0.24999999999999994, 0.6]",0.1,0.004982793363102095,"[0.003284072249589491, 0.0066815144766146995]",0.0,train
0.5816666666666667,"[0.75, 0.41333333333333333]",0.0,4.0,0.5749314030011495,0.0,[56],118.0,1.0,0.0,"[0.0, 0.0]",0.0,0.5749314030011495,0.1,0.0,0.0,"[0.0, 0.0]",0.1,0.0,"[0.0, 0.0]",0.0,valid
0.5734524847428073,"[0.7336530078465562, 0.4132519616390584]",0.0,4.0,0.5382200945978579,0.0,[56],119.0,1.0,0.011292968192839797,"[0.006504065040650387, 0.016081871345029208]",0.0,0.5382200945978579,0.1,0.0,0.42857142857142855,"[0.33333333333333326, 0.5238095238095238]",0.1,0.005725183860503728,"[0.003284072249589491, 0.008166295471417966]",0.0,train
0.585,"[0.7566666666666667, 0.41333333333333333]",0.0,4.0,0.5712808966636658,0.0,[56],119.0,1.0,0.0,"[0.0, 0.0]",0.0,0.5712808966636658,0.1,0.0,0.0,"[0.0, 0.0]",0.1,0.0,"[0.0, 0.0]",0.0,valid
0.5734524847428073,"[0.7327811682650393, 0.4141238012205754]",0.0,4.0,0.5382943814215453,0.0,[56],120.0,1.0,0.013043478260869542,"[0.0, 0.026086956521739084]",0.0,0.5382943814215453,0.1,0.0,0.2727272727272727,"[0.0, 0.5454545454545454]",0.1,0.0066815144766146995,"[0.0, 0.013363028953229399]",0.0,train
0.5900000000000001,"[0.7566666666666667, 0.42333333333333334]",0.0,4.0,0.563237210114797,0.0,[56],120.0,1.0,0.016759776536312828,"[0.0, 0.033519553072625656]",0.0,0.563237210114797,0.1,0.0,0.49999999999999983,"[0.0, 0.9999999999999997]",0.1,0.008522727272727272,"[0.0, 0.017045454545454544]",0.0,valid
0.5747602441150829,"[0.7310374891020053, 0.4184829991281604]",0.0,4.0,0.5386102678983108,0.0,[56],121.0,1.0,0.02106795845302217,"[0.0032310177705977064, 0.03890489913544663]",0.0,0.5386102678983108,0.1,0.0,0.37926829268292683,"[0.09999999999999998, 0.6585365853658537]",0.1,0.010843289777319423,"[0.0016420361247947454, 0.0200445434298441]",0.0,train
0.5933333333333334,"[0.7566666666666667, 0.43]",0.0,4.0,0.5747856497764587,0.0,[56],121.0,1.0,0.0327868852459016,"[0.0, 0.0655737704918032]",0.0,0.5747856497764587,0.1,0.0,0.4285714285714285,"[0.0, 0.857142857142857]",0.1,0.017045454545454544,"[0.0, 0.03409090909090909]",0.0,valid
0.5745422842197035,"[0.7323452484742807, 0.4167393199651264]",0.0,4.0,0.53759598472844,0.0,[56],122.0,1.0,0.028617370730250558,"[0.02539682539682533, 0.03183791606367579]",0.0,0.53759598472844,0.1,0.0,0.5047619047619047,"[0.38095238095238093, 0.6285714285714286]",0.1,0.014734439970596949,"[0.013136288998357963, 0.016332590942835932]",0.0,train
0.5866666666666667,"[0.75, 0.42333333333333334]",0.0,4.0,0.5547218720118204,0.0,[56],122.0,1.0,0.016759776536312828,"[0.0, 0.033519553072625656]",0.0,0.5547218720118204,0.1,0.0,0.49999999999999983,"[0.0, 0.9999999999999997]",0.1,0.008522727272727272,"[0.0, 0.017045454545454544]",0.0,valid
0.5762859633827376,"[0.7332170880557978, 0.41935483870967744]",0.0,4.0,0.5368121525515681,0.0,[56],123.0,1.0,0.02411006259927119,"[0.006493506493506471, 0.04172661870503591]",0.0,0.5368121525515681,0.1,0.0,0.48006644518272423,"[0.2857142857142857, 0.6744186046511628]",0.1,0.012406698337118428,"[0.003284072249589491, 0.021529324424647365]",0.0,train
0.5866666666666667,"[0.7566666666666667, 0.4166666666666667]",0.0,4.0,0.5595834453900655,0.0,[56],123.0,1.0,0.0056497175141242886,"[0.0, 0.011299435028248577]",0.0,0.5595834453900655,0.1,0.0,0.49999999999999944,"[0.0, 0.9999999999999989]",0.1,0.002840909090909091,"[0.0, 0.005681818181818182]",0.0,valid
0.574106364428945,"[0.7319093286835222, 0.4163034001743679]",0.0,4.0,0.5389057009116464,0.0,[56],124.0,1.0,0.02633514802872041,"[0.022257551669316315, 0.030412744388124503]",0.0,0.5389057009116464,0.1,0.0,0.4838235294117647,"[0.35, 0.6176470588235294]",0.1,0.013542226659498759,"[0.011494252873563218, 0.015590200445434299]",0.0,train
0.585,"[0.7566666666666667, 0.41333333333333333]",0.0,4.0,0.5713602503140768,0.0,[56],124.0,1.0,0.0,"[0.0, 0.0]",0.0,0.5713602503140768,0.1,0.0,0.0,"[0.0, 0.0]",0.1,0.0,"[0.0, 0.0]",0.0,valid
0.572362685265911,"[0.7327811682650393, 0.4119442022667829]",0.0,4.0,0.5374372549678968,0.0,[56],125.0,1.0,0.005860805860805848,"[0.0, 0.011721611721611696]",0.0,0.5374372549678968,0.1,0.0,0.2222222222222222,"[0.0, 0.4444444444444444]",0.1,0.002969561989606533,"[0.0, 0.005939123979213066]",0.0,train
0.585,"[0.7566666666666667, 0.41333333333333333]",0.0,4.0,0.5798365275065104,0.0,[56],125.0,1.0,0.0,"[0.0, 0.0]",0.0,0.5798365275065104,0.1,0.0,0.0,"[0.0, 0.0]",0.1,0.0,"[0.0, 0.0]",0.0,valid
0.5758500435919791,"[0.7310374891020053, 0.42066259808195294]",0.0,4.0,0.5373931682628134,0.0,[56],126.0,1.0,0.01994788464353678,"[0.006441223832528143, 0.03345454545454541]",0.0,0.5373931682628134,0.1,0.0,0.494047619047619,"[0.16666666666666663, 0.8214285714285714]",0.1,0.010179526844913528,"[0.003284072249589491, 0.017074981440237565]",0.0,train
0.5883333333333334,"[0.7566666666666667, 0.42]",0.0,4.0,0.5744235714276632,0.0,[56],126.0,1.0,0.011235955056179761,"[0.0, 0.022471910112359522]",0.0,0.5744235714276632,0.1,0.0,0.4999999999999998,"[0.0, 0.9999999999999996]",0.1,0.005681818181818182,"[0.0, 0.011363636363636364]",0.0,valid
0.5749782040104621,"[0.7336530078465562, 0.4163034001743679]",0.0,4.0,0.5373498706713967,0.0,[56],127.0,1.0,0.015429433207637445,"[0.003262642740619889, 0.027596223674655]",0.0,0.5373498706713967,0.1,0.0,0.44166666666666665,"[0.24999999999999994, 0.6333333333333333]",0.1,0.007873727787712888,"[0.0016420361247947454, 0.014105419450631032]",0.0,train
0.585,"[0.7566666666666667, 0.41333333333333333]",0.0,4.0,0.5790871977806091,0.0,[56],127.0,1.0,0.0,"[0.0, 0.0]",0.0,0.5790871977806091,0.1,0.0,0.0,"[0.0, 0.0]",0.1,0.0,"[0.0, 0.0]",0.0,valid
0.574106364428945,"[0.7314734088927637, 0.4167393199651264]",0.0,4.0,0.538140383751496,0.0,[56],128.0,1.0,0.017033945986496588,"[0.006451612903225772, 0.0276162790697674]",0.0,0.538140383751496,0.1,0.0,0.4184952978056426,"[0.1818181818181818, 0.6551724137931034]",0.1,0.008694745850110262,"[0.003284072249589491, 0.014105419450631032]",0.0,train
0.5900000000000001,"[0.7566666666666667, 0.42333333333333334]",0.0,4.0,0.5762686530749003,0.0,[56],128.0,1.0,0.016759776536312828,"[0.0, 0.033519553072625656]",0.0,0.5762686530749003,0.1,0.0,0.49999999999999983,"[0.0, 0.9999999999999997]",0.1,0.008522727272727272,"[0.0, 0.017045454545454544]",0.0,valid
0.5756320836965998,"[0.7327811682650393, 0.4184829991281604]",0.0,4.0,0.5368579366932744,0.0,[56],129.0,1.0,0.013848396501457708,"[0.0, 0.027696793002915415]",0.0,0.5368579366932744,0.1,0.0,0.38,"[0.0, 0.76]",0.1,0.007052709725315516,"[0.0, 0.014105419450631032]",0.0,train
0.5883333333333334,"[0.7566666666666667, 0.42]",0.0,4.0,0.5653363664944967,0.0,[56],129.0,1.0,0.011235955056179761,"[0.0, 0.022471910112359522]",0.0,0.5653363664944967,0.1,0.0,0.4999999999999998,"[0.0, 0.9999999999999996]",0.1,0.005681818181818182,"[0.0, 0.011363636363636364]",0.0,valid
0.5754141238012206,"[0.7340889276373147, 0.4167393199651264]",0.0,4.0,0.5384395550126615,0.0,[56],130.0,1.0,0.018474720294575808,"[0.00651465798045601, 0.030434782608695605]",0.0,0.5384395550126615,0.1,0.0,0.5181818181818181,"[0.3999999999999999, 0.6363636363636364]",0.1,0.009437136347511895,"[0.003284072249589491, 0.015590200445434299]",0.0,train
0.585,"[0.7566666666666667, 0.41333333333333333]",0.0,4.0,0.5703201492627462,0.0,[56],130.0,1.0,0.0,"[0.0, 0.0]",0.0,0.5703201492627462,0.1,0.0,0.0,"[0.0, 0.0]",0.1,0.0,"[0.0, 0.0]",0.0,valid
0.5732345248474281,"[0.7310374891020053, 0.4154315605928509]",0.0,4.0,0.5381231359813524,0.0,[56],131.0,1.0,0.012885842178463345,"[0.00963081861958262, 0.01614086573734407]",0.0,0.5381231359813524,0.1,0.0,0.4508928571428571,"[0.21428571428571425, 0.6875]",0.1,0.006546201922901101,"[0.0049261083743842365, 0.008166295471417966]",0.0,train
0.585,"[0.7566666666666667, 0.41333333333333333]",0.0,4.0,0.5927597284317017,0.0,[56],131.0,1.0,0.0,"[0.0, 0.0]",0.0,0.5927597284317017,0.1,0.0,0.0,"[0.0, 0.0]",0.1,0.0,"[0.0, 0.0]",0.0,valid
0.5754141238012206,"[0.7327811682650393, 0.41804707933740193]",0.0,4.0,0.5378926642563032,0.0,[56],132.0,1.0,0.015250544662309348,"[0.0, 0.030501089324618695]",0.0,0.5378926642563032,0.1,0.0,0.35,"[0.0, 0.7]",0.1,0.0077951002227171495,"[0.0, 0.015590200445434299]",0.0,train
0.5900000000000001,"[0.7566666666666667, 0.42333333333333334]",0.0,4.0,0.5669066508611044,0.0,[56],132.0,1.0,0.016759776536312828,"[0.0, 0.033519553072625656]",0.0,0.5669066508611044,0.1,0.0,0.49999999999999983,"[0.0, 0.9999999999999997]",0.1,0.008522727272727272,"[0.0, 0.017045454545454544]",0.0,valid
0.5736704446381866,"[0.7323452484742807, 0.4149956408020924]",0.0,4.0,0.5379574169283328,0.0,[56],133.0,1.0,0.012556321229790588,"[0.0032467532467532244, 0.021865889212827953]",0.0,0.5379574169283328,0.1,0.0,0.37142857142857144,"[0.14285714285714285, 0.6]",0.1,0.006388946792909622,"[0.0016420361247947454, 0.011135857461024499]",0.0,train
0.585,"[0.7566666666666667, 0.41333333333333333]",0.0,4.0,0.5808536012967428,0.0,[56],133.0,1.0,0.0,"[0.0, 0.0]",0.0,0.5808536012967428,0.1,0.0,0.0,"[0.0, 0.0]",0.1,0.0,"[0.0, 0.0]",0.0,valid
0.5732345248474281,"[0.7323452484742807, 0.4141238012205754]",0.0,4.0,0.5391975978146428,0.0,[56],134.0,1.0,0.012008175779253932,"[0.006472491909385084, 0.01754385964912278]",0.0,0.5391975978146428,0.1,0.0,0.3968253968253968,"[0.22222222222222218, 0.5714285714285714]",0.1,0.006096379109204545,"[0.003284072249589491, 0.008908685968819599]",0.0,train
0.585,"[0.7566666666666667, 0.41333333333333333]",0.0,4.0,0.5732799371083578,0.0,[56],134.0,1.0,0.0,"[0.0, 0.0]",0.0,0.5732799371083578,0.1,0.0,0.0,"[0.0, 0.0]",0.1,0.0,"[0.0, 0.0]",0.0,valid
0.5712728857890148,"[0.7332170880557978, 0.4093286835222319]",0.0,4.0,0.5403255327888157,0.0,[56],135.0,1.0,0.010840786275573982,"[0.012903225806451578, 0.008778346744696387]",0.0,0.5403255327888157,0.1,0.0,0.3318181818181818,"[0.3636363636363636, 0.3]",0.1,0.0055112437417943905,"[0.006568144499178982, 0.004454342984409799]",0.0,train
0.585,"[0.7566666666666667, 0.41333333333333333]",0.0,4.0,0.5771695574124655,0.0,[56],135.0,1.0,0.0,"[0.0, 0.0]",0.0,0.5771695574124655,0.1,0.0,0.0,"[0.0, 0.0]",0.1,0.0,"[0.0, 0.0]",0.0,valid
0.5754141238012206,"[0.7327811682650393, 0.41804707933740193]",0.0,4.0,0.5381688048010287,0.0,[56],136.0,1.0,0.025879668756934184,"[0.012882447665056324, 0.03887688984881204]",0.0,0.5381688048010287,0.1,0.0,0.4880952380952381,"[0.33333333333333326, 0.6428571428571429]",0.1,0.01330634396451154,"[0.006568144499178982, 0.0200445434298441]",0.0,train
0.585,"[0.7566666666666667, 0.41333333333333333]",0.0,4.0,0.5989811817804972,0.0,[56],136.0,1.0,0.0,"[0.0, 0.0]",0.0,0.5989811817804972,0.1,0.0,0.0,"[0.0, 0.0]",0.1,0.0,"[0.0, 0.0]",0.0,valid
0.574106364428945,"[0.7327811682650393, 0.4154315605928509]",0.0,4.0,0.5395738314027372,0.0,[56],137.0,1.0,0.016810398038904432,"[0.003252032520325184, 0.030368763557483677]",0.0,0.5395738314027372,0.1,0.0,0.375,"[0.16666666666666663, 0.5833333333333334]",0.1,0.008616118285114523,"[0.0016420361247947454, 0.015590200445434299]",0.0,train
0.585,"[0.7566666666666667, 0.41333333333333333]",0.0,4.0,0.580158531665802,0.0,[56],137.0,1.0,0.0,"[0.0, 0.0]",0.0,0.580158531665802,0.1,0.0,0.0,"[0.0, 0.0]",0.1,0.0,"[0.0, 0.0]",0.0,valid
0.5736704446381866,"[0.7332170880557978, 0.4141238012205754]",0.0,4.0,0.5364101866017217,0.0,[56],138.0,1.0,0.011299461885113396,"[0.006493506493506471, 0.01610541727672032]",0.0,0.5364101866017217,0.1,0.0,0.4323308270676692,"[0.2857142857142857, 0.5789473684210527]",0.1,0.005725183860503728,"[0.003284072249589491, 0.008166295471417966]",0.0,train
0.585,"[0.7566666666666667, 0.41333333333333333]",0.0,4.0,0.5865240097045898,0.0,[56],138.0,1.0,0.0,"[0.0, 0.0]",0.0,0.5865240097045898,0.1,0.0,0.0,"[0.0, 0.0]",0.1,0.0,"[0.0, 0.0]",0.0,valid
0.5736704446381866,"[0.7323452484742807, 0.4149956408020924]",0.0,4.0,0.5393900987894639,0.0,[56],139.0,1.0,0.010218978102189765,"[0.0, 0.02043795620437953]",0.0,0.5393900987894639,0.1,0.0,0.30434782608695654,"[0.0, 0.6086956521739131]",0.1,0.005196733481811433,"[0.0, 0.010393466963622866]",0.0,train
0.585,"[0.7566666666666667, 0.41333333333333333]",0.0,4.0,0.578335165977478,0.0,[56],139.0,1.0,0.0,"[0.0, 0.0]",0.0,0.578335165977478,0.1,0.0,0.0,"[0.0, 0.0]",0.1,0.0,"[0.0, 0.0]",0.0,valid
0.5762859633827376,"[0.7332170880557978, 0.41935483870967744]",0.0,4.0,0.5367736647958341,0.0,[56],140.0,1.0,0.01878612716763003,"[0.0, 0.03757225433526006]",0.0,0.5367736647958341,0.1,0.0,0.35135135135135137,"[0.0, 0.7027027027027027]",0.1,0.009651076466221232,"[0.0, 0.019302152932442463]",0.0,train
0.5866666666666667,"[0.7533333333333333, 0.42]",0.0,4.0,0.5588266551494598,0.0,[56],140.0,1.0,0.011235955056179761,"[0.0, 0.022471910112359522]",0.0,0.5588266551494598,0.1,0.0,0.4999999999999998,"[0.0, 0.9999999999999996]",0.1,0.005681818181818182,"[0.0, 0.011363636363636364]",0.0,valid
0.5758500435919791,"[0.7336530078465562, 0.41804707933740193]",0.0,4.0,0.5363636444444242,0.0,[56],141.0,1.0,0.018984900546014906,"[0.003262642740619889, 0.034707158351409924]",0.0,0.5363636444444242,0.1,0.0,0.45833333333333326,"[0.24999999999999994, 0.6666666666666666]",0.1,0.009729704031216972,"[0.0016420361247947454, 0.017817371937639197]",0.0,train
0.585,"[0.7566666666666667, 0.41333333333333333]",0.0,4.0,0.5782203475634257,0.0,[56],141.0,1.0,0.0,"[0.0, 0.0]",0.0,0.5782203475634257,0.1,0.0,0.0,"[0.0, 0.0]",0.1,0.0,"[0.0, 0.0]",0.0,valid
0.5734524847428073,"[0.7323452484742807, 0.4145597210113339]",0.0,4.0,0.5391812415226646,0.0,[56],142.0,1.0,0.008236161340496368,"[0.0032467532467532244, 0.01322556943423951]",0.0,0.5391812415226646,0.1,0.0,0.3928571428571428,"[0.14285714285714285, 0.6428571428571428]",0.1,0.004161775300704723,"[0.0016420361247947454, 0.0066815144766146995]",0.0,train
0.5833333333333333,"[0.7533333333333333, 0.41333333333333333]",0.0,4.0,0.5697048902511597,0.0,[56],142.0,1.0,0.0,"[0.0, 0.0]",0.0,0.5697048902511597,0.1,0.0,0.0,"[0.0, 0.0]",0.1,0.0,"[0.0, 0.0]",0.0,valid
0.5745422842197035,"[0.7319093286835222, 0.41717523975588494]",0.0,4.0,0.5368263410485309,0.0,[56],143.0,1.0,0.018949265398545384,"[0.003241491085899488, 0.03465703971119128]",0.0,0.5368263410485309,0.1,0.0,0.3782894736842105,"[0.12499999999999997, 0.631578947368421]",0.1,0.009729704031216972,"[0.0016420361247947454, 0.017817371937639197]",0.0,train
0.5800000000000001,"[0.7466666666666667, 0.41333333333333333]",0.0,4.0,0.564817488193512,0.0,[56],143.0,1.0,0.0,"[0.0, 0.0]",0.0,0.564817488193512,0.1,0.0,0.0,"[0.0, 0.0]",0.1,0.0,"[0.0, 0.0]",0.0,valid
0.572362685265911,"[0.7327811682650393, 0.4119442022667829]",0.0,4.0,0.5382494861664979,0.0,[56],144.0,1.0,0.005305192124768911,"[0.003252032520325184, 0.007358351729212638]",0.0,0.5382494861664979,0.1,0.0,0.29166666666666663,"[0.16666666666666663, 0.41666666666666663]",0.1,0.002676994305901456,"[0.0016420361247947454, 0.003711952487008166]",0.0,train
0.5883333333333334,"[0.7566666666666667, 0.42]",0.0,4.0,0.5615728298823038,0.0,[56],144.0,1.0,0.011235955056179761,"[0.0, 0.022471910112359522]",0.0,0.5615728298823038,0.1,0.0,0.4999999999999998,"[0.0, 0.9999999999999996]",0.1,0.005681818181818182,"[0.0, 0.011363636363636364]",0.0,valid
0.57846556233653,"[0.7340889276373147, 0.42284219703574544]",0.0,4.0,0.537046844544618,0.0,[56],145.0,1.0,0.02972370953386173,"[0.00651465798045601, 0.05293276108726745]",0.0,0.537046844544618,0.1,0.0,0.5627450980392157,"[0.3999999999999999, 0.7254901960784313]",0.1,0.01537626032672496,"[0.003284072249589491, 0.02746844840386043]",0.0,train
0.585,"[0.7566666666666667, 0.41333333333333333]",0.0,4.0,0.5680583318074545,0.0,[56],145.0,1.0,0.0,"[0.0, 0.0]",0.0,0.5680583318074545,0.1,0.0,0.0,"[0.0, 0.0]",0.1,0.0,"[0.0, 0.0]",0.0,valid
0.572362685265911,"[0.7323452484742807, 0.41238012205754143]",0.0,4.0,0.5379103396249854,0.0,[56],146.0,1.0,0.006035141329258956,"[0.0032467532467532244, 0.008823529411764687]",0.0,0.5379103396249854,0.1,0.0,0.3021978021978021,"[0.14285714285714285, 0.46153846153846145]",0.1,0.0030481895546022723,"[0.0016420361247947454, 0.004454342984409799]",0.0,train
0.585,"[0.7566666666666667, 0.41333333333333333]",0.0,4.0,0.5834759076436361,0.0,[56],146.0,1.0,0.0,"[0.0, 0.0]",0.0,0.5834759076436361,0.1,0.0,0.0,"[0.0, 0.0]",0.1,0.0,"[0.0, 0.0]",0.0,valid
0.5769398430688754,"[0.7345248474280732, 0.41935483870967744]",0.0,4.0,0.5380919096262559,0.0,[56],147.0,1.0,0.022238163558106136,"[0.0, 0.04447632711621227]",0.0,0.5380919096262559,0.1,0.0,0.32978723404255317,"[0.0, 0.6595744680851063]",0.1,0.011507052709725315,"[0.0, 0.02301410541945063]",0.0,train
0.5883333333333334,"[0.7566666666666667, 0.42]",0.0,4.0,0.5677111744880676,0.0,[56],147.0,1.0,0.011235955056179761,"[0.0, 0.022471910112359522]",0.0,0.5677111744880676,0.1,0.0,0.4999999999999998,"[0.0, 0.9999999999999996]",0.1,0.005681818181818182,"[0.0, 0.011363636363636364]",0.0,valid
0.5749782040104621,"[0.7327811682650393, 0.41717523975588494]",0.0,4.0,0.5394765345946603,0.0,[56],148.0,1.0,0.015641199328058495,"[0.006482982171799001, 0.024799416484317986]",0.0,0.5394765345946603,0.1,0.0,0.47916666666666663,"[0.24999999999999994, 0.7083333333333334]",0.1,0.00795235535270863,"[0.003284072249589491, 0.012620638455827766]",0.0,train
0.585,"[0.7566666666666667, 0.41333333333333333]",0.0,4.0,0.5799126227696737,0.0,[56],148.0,1.0,0.0,"[0.0, 0.0]",0.0,0.5799126227696737,0.1,0.0,0.0,"[0.0, 0.0]",0.1,0.0,"[0.0, 0.0]",0.0,valid
0.5745422842197035,"[0.7340889276373147, 0.4149956408020924]",0.0,4.0,0.5375780540963878,0.0,[56],149.0,1.0,0.014471780028943533,"[0.0, 0.028943560057887067]",0.0,0.5375780540963878,0.1,0.0,0.2857142857142857,"[0.0, 0.5714285714285714]",0.1,0.007423904974016332,"[0.0, 0.014847809948032665]",0.0,train
0.5866666666666667,"[0.7566666666666667, 0.4166666666666667]",0.0,4.0,0.5657535394032797,0.0,[56],149.0,1.0,0.0056497175141242886,"[0.0, 0.011299435028248577]",0.0,0.5657535394032797,0.1,0.0,0.49999999999999944,"[0.0, 0.9999999999999989]",0.1,0.002840909090909091,"[0.0, 0.005681818181818182]",0.0,valid
0.5738884045335658,"[0.7310374891020053, 0.4167393199651264]",0.0,4.0,0.538833261831947,0.0,[56],150.0,1.0,0.01720607986372715,"[0.00963081861958262, 0.024781341107871686]",0.0,0.538833261831947,0.1,0.0,0.4471428571428572,"[0.21428571428571425, 0.68]",0.1,0.008773373415106001,"[0.0049261083743842365, 0.012620638455827766]",0.0,train
0.5883333333333334,"[0.7566666666666667, 0.42]",0.0,4.0,0.5662996570269266,0.0,[56],150.0,1.0,0.011235955056179761,"[0.0, 0.022471910112359522]",0.0,0.5662996570269266,0.1,0.0,0.4999999999999998,"[0.0, 0.9999999999999996]",0.1,0.005681818181818182,"[0.0, 0.011363636363636364]",0.0,valid
0.574106364428945,"[0.7340889276373147, 0.4141238012205754]",0.0,4.0,0.5382529756297236,0.0,[56],151.0,1.0,0.013642059694691247,"[0.009740259740259717, 0.01754385964912278]",0.0,0.5382529756297236,0.1,0.0,0.49999999999999994,"[0.4285714285714285, 0.5714285714285714]",0.1,0.006917397171601917,"[0.0049261083743842365, 0.008908685968819599]",0.0,train
0.585,"[0.7566666666666667, 0.41333333333333333]",0.0,4.0,0.5734106202920278,0.0,[56],151.0,1.0,0.0,"[0.0, 0.0]",0.0,0.5734106202920278,0.1,0.0,0.0,"[0.0, 0.0]",0.1,0.0,"[0.0, 0.0]",0.0,valid
0.5754141238012206,"[0.7323452484742807, 0.4184829991281604]",0.0,4.0,0.5362968872422758,0.0,[56],152.0,1.0,0.021995264713711275,"[0.006472491909385084, 0.037518037518037464]",0.0,0.5362968872422758,0.1,0.0,0.4444444444444444,"[0.22222222222222218, 0.6666666666666666]",0.1,0.011293112591015977,"[0.003284072249589491, 0.019302152932442463]",0.0,train
0.5900000000000001,"[0.7566666666666667, 0.42333333333333334]",0.0,4.0,0.5727946956952413,0.0,[56],152.0,1.0,0.016759776536312828,"[0.0, 0.033519553072625656]",0.0,0.5727946956952413,0.1,0.0,0.49999999999999983,"[0.0, 0.9999999999999997]",0.1,0.008522727272727272,"[0.0, 0.017045454545454544]",0.0,valid
0.5756320836965998,"[0.7349607672188317, 0.4163034001743679]",0.0,4.0,0.5381087090658105,0.0,[56],153.0,1.0,0.02518509527855318,"[0.012987012987012965, 0.0373831775700934]",0.0,0.5381087090658105,0.1,0.0,0.5811688311688312,"[0.5714285714285714, 0.5909090909090909]",0.1,0.012935148715810722,"[0.006568144499178982, 0.019302152932442463]",0.0,train
0.585,"[0.7566666666666667, 0.41333333333333333]",0.0,4.0,0.5943055748939514,0.0,[56],153.0,1.0,0.0,"[0.0, 0.0]",0.0,0.5943055748939514,0.1,0.0,0.0,"[0.0, 0.0]",0.1,0.0,"[0.0, 0.0]",0.0,valid
0.5743243243243243,"[0.7336530078465562, 0.4149956408020924]",0.0,4.0,0.5398850104083186,0.0,[56],154.0,1.0,0.009502923976608171,"[0.0, 0.019005847953216342]",0.0,0.5398850104083186,0.1,0.0,0.30952380952380953,"[0.0, 0.6190476190476191]",0.1,0.004825538233110616,"[0.0, 0.009651076466221232]",0.0,train
0.5833333333333333,"[0.7533333333333333, 0.41333333333333333]",0.0,4.0,0.5562359690666199,0.0,[56],154.0,1.0,0.0,"[0.0, 0.0]",0.0,0.5562359690666199,0.1,0.0,0.0,"[0.0, 0.0]",0.1,0.0,"[0.0, 0.0]",0.0,valid
0.5749782040104621,"[0.7332170880557978, 0.4167393199651264]",0.0,4.0,0.5374357156131578,0.0,[56],155.0,1.0,0.018464144551101038,"[0.006493506493506471, 0.030434782608695605]",0.0,0.5374357156131578,0.1,0.0,0.461038961038961,"[0.2857142857142857, 0.6363636363636364]",0.1,0.009437136347511895,"[0.003284072249589491, 0.015590200445434299]",0.0,train
0.5833333333333333,"[0.7533333333333333, 0.41333333333333333]",0.0,4.0,0.5674088001251221,0.0,[56],155.0,1.0,0.0,"[0.0, 0.0]",0.0,0.5674088001251221,0.1,0.0,0.0,"[0.0, 0.0]",0.1,0.0,"[0.0, 0.0]",0.0,valid
0.5734524847428073,"[0.7345248474280732, 0.41238012205754143]",0.0,4.0,0.5358483000941898,0.0,[56],156.0,1.0,0.008818285167235068,"[0.01615508885298866, 0.0014814814814814769]",0.0,0.5358483000941898,0.1,0.0,0.4166666666666666,"[0.4999999999999999, 0.33333333333333326]",0.1,0.00447628556068768,"[0.008210180623973728, 0.0007423904974016332]",0.0,train
0.5833333333333333,"[0.7533333333333333, 0.41333333333333333]",0.0,4.0,0.562348484992981,0.0,[56],156.0,1.0,0.0,"[0.0, 0.0]",0.0,0.562348484992981,0.1,0.0,0.0,"[0.0, 0.0]",0.1,0.0,"[0.0, 0.0]",0.0,valid
0.5727986050566696,"[0.7327811682650393, 0.4128160418482999]",0.0,4.0,0.535836082437764,0.0,[56],157.0,1.0,0.007182513676857293,"[0.012882447665056324, 0.0014825796886582623]",0.0,0.535836082437764,0.1,0.0,0.4166666666666665,"[0.33333333333333326, 0.4999999999999998]",0.1,0.0036552674982903077,"[0.006568144499178982, 0.0007423904974016332]",0.0,train
0.585,"[0.7566666666666667, 0.41333333333333333]",0.0,4.0,0.5842204491297404,0.0,[56],157.0,1.0,0.0,"[0.0, 0.0]",0.0,0.5842204491297404,0.1,0.0,0.0,"[0.0, 0.0]",0.1,0.0,"[0.0, 0.0]",0.0,valid
0.5730165649520488,"[0.7345248474280732, 0.4115082824760244]",0.0,4.0,0.5379909549070441,0.0,[56],158.0,1.0,0.005617693750901992,"[0.009756097560975589, 0.001479289940828395]",0.0,0.5379909549070441,0.1,0.0,0.35,"[0.49999999999999994, 0.19999999999999996]",0.1,0.002834249435892935,"[0.0049261083743842365, 0.0007423904974016332]",0.0,train
0.5883333333333334,"[0.7566666666666667, 0.42]",0.0,4.0,0.5634142160415649,0.0,[56],158.0,1.0,0.011235955056179761,"[0.0, 0.022471910112359522]",0.0,0.5634142160415649,0.1,0.0,0.4999999999999998,"[0.0, 0.9999999999999996]",0.1,0.005681818181818182,"[0.0, 0.011363636363636364]",0.0,valid
0.5754141238012206,"[0.7327811682650393, 0.41804707933740193]",0.0,4.0,0.536573254543802,0.0,[56],159.0,1.0,0.016171470805617115,"[0.003252032520325184, 0.029090909090909046]",0.0,0.536573254543802,0.1,0.0,0.44047619047619047,"[0.16666666666666663, 0.7142857142857143]",0.1,0.008244923036413705,"[0.0016420361247947454, 0.014847809948032665]",0.0,train
0.5866666666666667,"[0.7566666666666667, 0.4166666666666667]",0.0,4.0,0.5649925271670023,0.0,[56],159.0,1.0,0.0056497175141242886,"[0.0, 0.011299435028248577]",0.0,0.5649925271670023,0.1,0.0,0.49999999999999944,"[0.0, 0.9999999999999989]",0.1,0.002840909090909091,"[0.0, 0.005681818181818182]",0.0,valid
0.5732345248474281,"[0.7327811682650393, 0.41368788142981694]",0.0,4.0,0.5383933342021444,0.0,[56],160.0,1.0,0.009844572523903892,"[0.006482982171799001, 0.013206162876008782]",0.0,0.5383933342021444,0.1,0.0,0.40625,"[0.24999999999999994, 0.5625]",0.1,0.004982793363102095,"[0.003284072249589491, 0.0066815144766146995]",0.0,train
0.5900000000000001,"[0.7566666666666667, 0.42333333333333334]",0.0,4.0,0.5621480147043864,0.0,[56],160.0,1.0,0.02209944751381213,"[0.0, 0.04419889502762426]",0.0,0.5621480147043864,0.1,0.0,0.3999999999999999,"[0.0, 0.7999999999999998]",0.1,0.011363636363636364,"[0.0, 0.022727272727272728]",0.0,valid
0.5736704446381866,"[0.7332170880557978, 0.4141238012205754]",0.0,4.0,0.5360484136187512,0.0,[56],161.0,1.0,0.018079519879969953,"[0.012903225806451578, 0.023255813953488327]",0.0,0.5360484136187512,0.1,0.0,0.457680250783699,"[0.3636363636363636, 0.5517241379310345]",0.1,0.009223196228802556,"[0.006568144499178982, 0.011878247958426132]",0.0,train
0.5900000000000001,"[0.7566666666666667, 0.42333333333333334]",0.0,4.0,0.5712611079216003,0.0,[56],161.0,1.0,0.02209944751381213,"[0.0, 0.04419889502762426]",0.0,0.5712611079216003,0.1,0.0,0.3999999999999999,"[0.0, 0.7999999999999998]",0.1,0.011363636363636364,"[0.0, 0.022727272727272728]",0.0,valid
0.5734524847428073,"[0.7327811682650393, 0.4141238012205754]",0.0,4.0,0.5358177540094956,0.0,[56],162.0,1.0,0.011115067355053087,"[0.003252032520325184, 0.01897810218978099]",0.0,0.5358177540094956,0.1,0.0,0.3659420289855072,"[0.16666666666666663, 0.5652173913043478]",0.1,0.005646556295507988,"[0.0016420361247947454, 0.009651076466221232]",0.0,train
0.5883333333333334,"[0.7566666666666667, 0.42]",0.0,4.0,0.5531180699666342,0.0,[56],162.0,1.0,0.011235955056179761,"[0.0, 0.022471910112359522]",0.0,0.5531180699666342,0.1,0.0,0.4999999999999998,"[0.0, 0.9999999999999996]",0.1,0.005681818181818182,"[0.0, 0.011363636363636364]",0.0,valid
0.5738884045335658,"[0.7332170880557978, 0.4145597210113339]",0.0,4.0,0.5392477188421332,0.0,[56],163.0,1.0,0.014350351400994247,"[0.009708737864077641, 0.018991964937910853]",0.0,0.5392477188421332,0.1,0.0,0.4621212121212121,"[0.33333333333333326, 0.5909090909090909]",0.1,0.007288592420302734,"[0.0049261083743842365, 0.009651076466221232]",0.0,train
0.5883333333333334,"[0.7566666666666667, 0.42]",0.0,4.0,0.559913158416748,0.0,[56],163.0,1.0,0.011235955056179761,"[0.0, 0.022471910112359522]",0.0,0.559913158416748,0.1,0.0,0.4999999999999998,"[0.0, 0.9999999999999996]",0.1,0.005681818181818182,"[0.0, 0.011363636363636364]",0.0,valid
0.5749782040104621,"[0.7327811682650393, 0.41717523975588494]",0.0,4.0,0.5357034323008164,0.0,[56],164.0,1.0,0.02147704003261385,"[0.009693053311793183, 0.033261026753434515]",0.0,0.5357034323008164,0.1,0.0,0.4694444444444444,"[0.29999999999999993, 0.6388888888888888]",0.1,0.011000544907310901,"[0.0049261083743842365, 0.017074981440237565]",0.0,train
0.5883333333333334,"[0.7566666666666667, 0.42]",0.0,4.0,0.5553058783213297,0.0,[56],164.0,1.0,0.011235955056179761,"[0.0, 0.022471910112359522]",0.0,0.5553058783213297,0.1,0.0,0.4999999999999998,"[0.0, 0.9999999999999996]",0.1,0.005681818181818182,"[0.0, 0.011363636363636364]",0.0,valid
0.5760680034873583,"[0.7323452484742807, 0.4197907585004359]",0.0,4.0,0.5362624979537466,0.0,[56],165.0,1.0,0.025026164616135965,"[0.009677419354838675, 0.04037490987743326]",0.0,0.5362624979537466,0.1,0.0,0.48636363636363633,"[0.2727272727272727, 0.7]",0.1,0.012856521150814985,"[0.0049261083743842365, 0.020786933927245732]",0.0,train
0.5833333333333334,"[0.75, 0.4166666666666667]",0.0,4.0,0.5617203712463379,0.0,[56],165.0,1.0,0.0056497175141242886,"[0.0, 0.011299435028248577]",0.0,0.5617203712463379,0.1,0.0,0.49999999999999944,"[0.0, 0.9999999999999989]",0.1,0.002840909090909091,"[0.0, 0.005681818181818182]",0.0,valid
0.5775937227550131,"[0.7332170880557978, 0.4219703574542284]",0.0,4.0,0.5369815554307855,0.0,[56],166.0,1.0,0.031060167942816116,"[0.01607717041800639, 0.04604316546762584]",0.0,0.5369815554307855,0.1,0.0,0.5644007155635062,"[0.3846153846153846, 0.7441860465116279]",0.1,0.015983338270412997,"[0.008210180623973728, 0.023756495916852263]",0.0,train
0.585,"[0.7566666666666667, 0.41333333333333333]",0.0,4.0,0.5741204420725504,0.0,[56],166.0,1.0,0.0,"[0.0, 0.0]",0.0,0.5741204420725504,0.1,0.0,0.0,"[0.0, 0.0]",0.1,0.0,"[0.0, 0.0]",0.0,valid
0.5736704446381866,"[0.7332170880557978, 0.4141238012205754]",0.0,4.0,0.5359837283258853,0.0,[56],167.0,1.0,0.009681373133474159,"[0.0032573289902279967, 0.01610541727672032]",0.0,0.5359837283258853,0.1,0.0,0.3894736842105263,"[0.19999999999999996, 0.5789473684210527]",0.1,0.004904165798106356,"[0.0016420361247947454, 0.008166295471417966]",0.0,train
0.5866666666666667,"[0.7566666666666667, 0.4166666666666667]",0.0,4.0,0.5614030957221985,0.0,[56],167.0,1.0,0.0056497175141242886,"[0.0, 0.011299435028248577]",0.0,0.5614030957221985,0.1,0.0,0.49999999999999944,"[0.0, 0.9999999999999989]",0.1,0.002840909090909091,"[0.0, 0.005681818181818182]",0.0,valid
0.5751961639058413,"[0.7340889276373147, 0.4163034001743679]",0.0,4.0,0.536895083344501,0.0,[56],168.0,1.0,0.010438095512110428,"[0.003267973856209141, 0.017608217168011715]",0.0,0.536895083344501,0.1,0.0,0.5416666666666666,"[0.33333333333333326, 0.75]",0.1,0.005275361046807172,"[0.0016420361247947454, 0.008908685968819599]",0.0,train
0.5883333333333334,"[0.7566666666666667, 0.42]",0.0,4.0,0.569725771745046,0.0,[56],168.0,1.0,0.016666666666666642,"[0.0, 0.033333333333333284]",0.0,0.569725771745046,0.1,0.0,0.37499999999999994,"[0.0, 0.7499999999999999]",0.1,0.008522727272727272,"[0.0, 0.017045454545454544]",0.0,valid
0.5769398430688754,"[0.7353966870095903, 0.4184829991281604]",0.0,4.0,0.5372910525487817,0.0,[56],169.0,1.0,0.031213856755121717,"[0.019386106623586398, 0.043041606886657036]",0.0,0.5372910525487817,0.1,0.0,0.6191489361702127,"[0.5999999999999999, 0.6382978723404256]",0.1,0.016061965835408736,"[0.009852216748768473, 0.022271714922048998]",0.0,train
0.5883333333333334,"[0.7566666666666667, 0.42]",0.0,4.0,0.573288639386495,0.0,[56],169.0,1.0,0.011235955056179761,"[0.0, 0.022471910112359522]",0.0,0.573288639386495,0.1,0.0,0.4999999999999998,"[0.0, 0.9999999999999996]",0.1,0.005681818181818182,"[0.0, 0.011363636363636364]",0.0,valid
0.5762859633827375,"[0.7340889276373147, 0.4184829991281604]",0.0,4.0,0.5384619106417117,0.0,[56],170.0,1.0,0.018063583815028875,"[0.0, 0.03612716763005775]",0.0,0.5384619106417117,0.1,0.0,0.33783783783783783,"[0.0, 0.6756756756756757]",0.1,0.009279881217520415,"[0.0, 0.01855976243504083]",0.0,train
0.5866666666666667,"[0.7566666666666667, 0.4166666666666667]",0.0,4.0,0.5696587562561035,0.0,[56],170.0,1.0,0.0056497175141242886,"[0.0, 0.011299435028248577]",0.0,0.5696587562561035,0.1,0.0,0.49999999999999944,"[0.0, 0.9999999999999989]",0.1,0.002840909090909091,"[0.0, 0.005681818181818182]",0.0,valid
0.5743243243243243,"[0.7306015693112468, 0.41804707933740193]",0.0,4.0,0.5391978854718416,0.0,[56],171.0,1.0,0.018465978745910612,"[0.0064308681672025315, 0.030501089324618695]",0.0,0.5391978854718416,0.1,0.0,0.4269230769230769,"[0.15384615384615383, 0.7]",0.1,0.009437136347511895,"[0.003284072249589491, 0.015590200445434299]",0.0,train
0.585,"[0.7566666666666667, 0.41333333333333333]",0.0,4.0,0.5742448965708414,0.0,[56],171.0,1.0,0.0,"[0.0, 0.0]",0.0,0.5742448965708414,0.1,0.0,0.0,"[0.0, 0.0]",0.1,0.0,"[0.0, 0.0]",0.0,valid
0.5760680034873583,"[0.7327811682650393, 0.41935483870967744]",0.0,4.0,0.5378580585769985,0.0,[56],172.0,1.0,0.02981086331780811,"[0.009693053311793183, 0.04992867332382304]",0.0,0.5378580585769985,0.1,0.0,0.46818181818181814,"[0.29999999999999993, 0.6363636363636364]",0.1,0.015454887891720701,"[0.0049261083743842365, 0.025983667409057165]",0.0,train
0.5883333333333334,"[0.7566666666666667, 0.42]",0.0,4.0,0.5555333097775778,0.0,[56],172.0,1.0,0.011235955056179761,"[0.0, 0.022471910112359522]",0.0,0.5555333097775778,0.1,0.0,0.4999999999999998,"[0.0, 0.9999999999999996]",0.1,0.005681818181818182,"[0.0, 0.011363636363636364]",0.0,valid
0.5719267654751525,"[0.7314734088927637, 0.41238012205754143]",0.0,4.0,0.5380613155986952,0.0,[56],173.0,1.0,0.006175658958987511,"[0.006451612903225772, 0.0058997050147492494]",0.0,0.5380613155986952,0.1,0.0,0.3131313131313131,"[0.1818181818181818, 0.44444444444444436]",0.1,0.0031268171195980117,"[0.003284072249589491, 0.002969561989606533]",0.0,train
0.585,"[0.7566666666666667, 0.41333333333333333]",0.0,4.0,0.5632013479868571,0.0,[56],173.0,1.0,0.005617977528089876,"[0.0, 0.011235955056179752]",0.0,0.5632013479868571,0.1,0.0,0.2499999999999999,"[0.0, 0.4999999999999998]",0.1,0.002840909090909091,"[0.0, 0.005681818181818182]",0.0,valid
0.5756320836965998,"[0.7336530078465562, 0.4176111595466434]",0.0,4.0,0.5372388142606487,0.0,[56],174.0,1.0,0.015942028985507225,"[0.0, 0.03188405797101445]",0.0,0.5372388142606487,0.1,0.0,0.3333333333333333,"[0.0, 0.6666666666666666]",0.1,0.008166295471417966,"[0.0, 0.016332590942835932]",0.0,train
0.5900000000000001,"[0.7566666666666667, 0.42333333333333334]",0.0,4.0,0.5570533871650696,0.0,[56],174.0,1.0,0.016759776536312828,"[0.0, 0.033519553072625656]",0.0,0.5570533871650696,0.1,0.0,0.49999999999999983,"[0.0, 0.9999999999999997]",0.1,0.008522727272727272,"[0.0, 0.017045454545454544]",0.0,valid
0.5747602441150828,"[0.7345248474280732, 0.4149956408020924]",0.0,4.0,0.5355459477590478,0.0,[56],175.0,1.0,0.014380972757095965,"[0.009756097560975589, 0.019005847953216342]",0.0,0.5355459477590478,0.1,0.0,0.5595238095238095,"[0.49999999999999994, 0.6190476190476191]",0.1,0.007288592420302734,"[0.0049261083743842365, 0.009651076466221232]",0.0,train
0.5883333333333334,"[0.7566666666666667, 0.42]",0.0,4.0,0.5630340774854025,0.0,[56],175.0,1.0,0.011235955056179761,"[0.0, 0.022471910112359522]",0.0,0.5630340774854025,0.1,0.0,0.4999999999999998,"[0.0, 0.9999999999999996]",0.1,0.005681818181818182,"[0.0, 0.011363636363636364]",0.0,valid
0.5734524847428073,"[0.7332170880557978, 0.41368788142981694]",0.0,4.0,0.5372607448826665,0.0,[56],176.0,1.0,0.011110794327353223,"[0.0032573289902279967, 0.01896425966447845]",0.0,0.5372607448826665,0.1,0.0,0.3708333333333333,"[0.19999999999999996, 0.5416666666666666]",0.1,0.005646556295507988,"[0.0016420361247947454, 0.009651076466221232]",0.0,train
0.585,"[0.7566666666666667, 0.41333333333333333]",0.0,4.0,0.5729396144549052,0.0,[56],176.0,1.0,0.0,"[0.0, 0.0]",0.0,0.5729396144549052,0.1,0.0,0.0,"[0.0, 0.0]",0.1,0.0,"[0.0, 0.0]",0.0,valid
0.5758500435919791,"[0.7332170880557978, 0.4184829991281604]",0.0,4.0,0.537431951450265,0.0,[56],177.0,1.0,0.02499825382412512,"[0.009708737864077641, 0.0402877697841726]",0.0,0.537431951450265,0.1,0.0,0.49224806201550386,"[0.33333333333333326, 0.6511627906976745]",0.1,0.012856521150814985,"[0.0049261083743842365, 0.020786933927245732]",0.0,train
0.585,"[0.7566666666666667, 0.41333333333333333]",0.0,4.0,0.565432588259379,0.0,[56],177.0,1.0,0.0,"[0.0, 0.0]",0.0,0.565432588259379,0.1,0.0,0.0,"[0.0, 0.0]",0.1,0.0,"[0.0, 0.0]",0.0,valid
0.5727986050566696,"[0.7319093286835222, 0.41368788142981694]",0.0,4.0,0.5375050720961198,0.0,[56],178.0,1.0,0.01342766744284825,"[0.006462035541195444, 0.020393299344501056]",0.0,0.5375050720961198,0.1,0.0,0.3692307692307692,"[0.19999999999999996, 0.5384615384615384]",0.1,0.006838769606606178,"[0.003284072249589491, 0.010393466963622866]",0.0,train
0.585,"[0.7566666666666667, 0.41333333333333333]",0.0,4.0,0.575995127360026,0.0,[56],178.0,1.0,0.0,"[0.0, 0.0]",0.0,0.575995127360026,0.1,0.0,0.0,"[0.0, 0.0]",0.1,0.0,"[0.0, 0.0]",0.0,valid
0.5751961639058414,"[0.7345248474280732, 0.41586748038360943]",0.0,4.0,0.5357479932515518,0.0,[56],179.0,1.0,0.01449275362318838,"[0.0, 0.02898550724637676]",0.0,0.5357479932515518,0.1,0.0,0.30303030303030304,"[0.0, 0.6060606060606061]",0.1,0.007423904974016332,"[0.0, 0.014847809948032665]",0.0,train
0.5900000000000001,"[0.7566666666666667, 0.42333333333333334]",0.0,4.0,0.5649540623029073,0.0,[56],179.0,1.0,0.016759776536312828,"[0.0, 0.033519553072625656]",0.0,0.5649540623029073,0.1,0.0,0.49999999999999983,"[0.0, 0.9999999999999997]",0.1,0.008522727272727272,"[0.0, 0.017045454545454544]",0.0,valid
0.5725806451612904,"[0.7327811682650393, 0.41238012205754143]",0.0,4.0,0.5379594240499579,0.0,[56],180.0,1.0,0.013890784822281708,"[0.016051364365971064, 0.01173020527859235]",0.0,0.5379594240499579,0.1,0.0,0.41386554621848737,"[0.3571428571428571, 0.47058823529411764]",0.1,0.007074652301593397,"[0.008210180623973728, 0.005939123979213066]",0.0,train
0.585,"[0.7566666666666667, 0.41333333333333333]",0.0,4.0,0.5734084844589233,0.0,[56],180.0,1.0,0.0,"[0.0, 0.0]",0.0,0.5734084844589233,0.1,0.0,0.0,"[0.0, 0.0]",0.1,0.0,"[0.0, 0.0]",0.0,valid
0.5758500435919791,"[0.7319093286835222, 0.4197907585004359]",0.0,4.0,0.5400815580202185,0.0,[56],181.0,1.0,0.01879971077368038,"[0.0, 0.03759942154736076]",0.0,0.5400815580202185,0.1,0.0,0.3611111111111111,"[0.0, 0.7222222222222222]",0.1,0.009651076466221232,"[0.0, 0.019302152932442463]",0.0,train
0.5900000000000001,"[0.7566666666666667, 0.42333333333333334]",0.0,4.0,0.5560120741526285,0.0,[56],181.0,1.0,0.016759776536312828,"[0.0, 0.033519553072625656]",0.0,0.5560120741526285,0.1,0.0,0.49999999999999983,"[0.0, 0.9999999999999997]",0.1,0.008522727272727272,"[0.0, 0.017045454545454544]",0.0,valid
0.5741063644289451,"[0.7310374891020053, 0.41717523975588494]",0.0,4.0,0.539478908414426,0.0,[56],182.0,1.0,0.013818181818181797,"[0.0, 0.027636363636363594]",0.0,0.539478908414426,0.1,0.0,0.3392857142857143,"[0.0, 0.6785714285714286]",0.1,0.007052709725315516,"[0.0, 0.014105419450631032]",0.0,train
0.585,"[0.7566666666666667, 0.41333333333333333]",0.0,4.0,0.5670140385627747,0.0,[56],182.0,1.0,0.0,"[0.0, 0.0]",0.0,0.5670140385627747,0.1,0.0,0.0,"[0.0, 0.0]",0.1,0.0,"[0.0, 0.0]",0.0,valid
0.572362685265911,"[0.7323452484742807, 0.41238012205754143]",0.0,4.0,0.5378486552964086,0.0,[56],183.0,1.0,0.007054366989088462,"[0.009677419354838675, 0.004431314623338247]",0.0,0.5378486552964086,0.1,0.0,0.3506493506493506,"[0.2727272727272727, 0.4285714285714285]",0.1,0.003576639933294568,"[0.0049261083743842365, 0.0022271714922048997]",0.0,train
0.5816666666666667,"[0.75, 0.41333333333333333]",0.0,4.0,0.5662604371706644,0.0,[56],183.0,1.0,0.0,"[0.0, 0.0]",0.0,0.5662604371706644,0.1,0.0,0.0,"[0.0, 0.0]",0.1,0.0,"[0.0, 0.0]",0.0,valid
0.5723626852659112,"[0.7310374891020053, 0.41368788142981694]",0.0,4.0,0.5383540404879529,0.0,[56],184.0,1.0,0.010546619242271384,"[0.006441223832528143, 0.014652014652014624]",0.0,0.5383540404879529,0.1,0.0,0.3611111111111111,"[0.16666666666666663, 0.5555555555555556]",0.1,0.005353988611802912,"[0.003284072249589491, 0.007423904974016332]",0.0,train
0.5883333333333334,"[0.7566666666666667, 0.42]",0.0,4.0,0.5635850032170614,0.0,[56],184.0,1.0,0.011235955056179761,"[0.0, 0.022471910112359522]",0.0,0.5635850032170614,0.1,0.0,0.4999999999999998,"[0.0, 0.9999999999999996]",0.1,0.005681818181818182,"[0.0, 0.011363636363636364]",0.0,valid
0.5751961639058413,"[0.7340889276373147, 0.4163034001743679]",0.0,4.0,0.5373735479686571,0.0,[56],185.0,1.0,0.011875391463583709,"[0.003267973856209141, 0.020482809070958275]",0.0,0.5373735479686571,0.1,0.0,0.5166666666666666,"[0.33333333333333326, 0.7]",0.1,0.006017751544208806,"[0.0016420361247947454, 0.010393466963622866]",0.0,train
0.5883333333333334,"[0.7566666666666667, 0.42]",0.0,4.0,0.5589711864789327,0.0,[56],185.0,1.0,0.011235955056179761,"[0.0, 0.022471910112359522]",0.0,0.5589711864789327,0.1,0.0,0.4999999999999998,"[0.0, 0.9999999999999996]",0.1,0.005681818181818182,"[0.0, 0.011363636363636364]",0.0,valid
0.5765039232781168,"[0.7323452484742807, 0.42066259808195294]",0.0,4.0,0.5413920412892881,0.0,[56],186.0,1.0,0.03229365204966061,"[0.006472491909385084, 0.05811481218993613]",0.0,0.5413920412892881,0.1,0.0,0.4314236111111111,"[0.22222222222222218, 0.640625]",0.1,0.016861041321528228,"[0.003284072249589491, 0.030438010393466965]",0.0,train
0.585,"[0.7566666666666667, 0.41333333333333333]",0.0,4.0,0.5634269515673319,0.0,[56],186.0,1.0,0.0,"[0.0, 0.0]",0.0,0.5634269515673319,0.1,0.0,0.0,"[0.0, 0.0]",0.1,0.0,"[0.0, 0.0]",0.0,valid
0.5747602441150828,"[0.7292938099389712, 0.4202266782911944]",0.0,4.0,0.5401086690633193,0.0,[56],187.0,1.0,0.02158273381294961,"[0.0, 0.04316546762589922]",0.0,0.5401086690633193,0.1,0.0,0.3488372093023256,"[0.0, 0.6976744186046512]",0.1,0.011135857461024499,"[0.0, 0.022271714922048998]",0.0,train
0.585,"[0.7566666666666667, 0.41333333333333333]",0.0,4.0,0.5607214371363322,0.0,[56],187.0,1.0,0.0,"[0.0, 0.0]",0.0,0.5607214371363322,0.1,0.0,0.0,"[0.0, 0.0]",0.1,0.0,"[0.0, 0.0]",0.0,valid
0.5723626852659112,"[0.7310374891020053, 0.41368788142981694]",0.0,4.0,0.5386612985445105,0.0,[56],188.0,1.0,0.01227803085966198,"[0.01279999999999995, 0.011756061719324007]",0.0,0.5386612985445105,0.1,0.0,0.4107142857142857,"[0.25, 0.5714285714285714]",0.1,0.006253634239196023,"[0.006568144499178982, 0.005939123979213066]",0.0,train
0.5866666666666667,"[0.7566666666666667, 0.4166666666666667]",0.0,4.0,0.5689199765523275,0.0,[56],188.0,1.0,0.0056497175141242886,"[0.0, 0.011299435028248577]",0.0,0.5689199765523275,0.1,0.0,0.49999999999999944,"[0.0, 0.9999999999999989]",0.1,0.002840909090909091,"[0.0, 0.005681818181818182]",0.0,valid
0.5756320836965998,"[0.7332170880557978, 0.41804707933740193]",0.0,4.0,0.5378633102645045,0.0,[56],189.0,1.0,0.01898224367081896,"[0.0032573289902279967, 0.034707158351409924]",0.0,0.5378633102645045,0.1,0.0,0.4333333333333333,"[0.19999999999999996, 0.6666666666666666]",0.1,0.009729704031216972,"[0.0016420361247947454, 0.017817371937639197]",0.0,train
0.5883333333333334,"[0.7533333333333333, 0.42333333333333334]",0.0,4.0,0.5502586960792542,0.0,[56],189.0,1.0,0.02209944751381213,"[0.0, 0.04419889502762426]",0.0,0.5502586960792542,0.1,0.0,0.3999999999999999,"[0.0, 0.7999999999999998]",0.1,0.011363636363636364,"[0.0, 0.022727272727272728]",0.0,valid
0.5743243243243243,"[0.7340889276373147, 0.4145597210113339]",0.0,4.0,0.5368753347707831,0.0,[56],190.0,1.0,0.02003258474377604,"[0.009740259740259717, 0.030324909747292364]",0.0,0.5368753347707831,0.1,0.0,0.4906015037593985,"[0.4285714285714285, 0.5526315789473685]",0.1,0.010258154409909268,"[0.0049261083743842365, 0.015590200445434299]",0.0,train
0.5833333333333333,"[0.7533333333333333, 0.41333333333333333]",0.0,4.0,0.5532830953598022,0.0,[56],190.0,1.0,0.0,"[0.0, 0.0]",0.0,0.5532830953598022,0.1,0.0,0.0,"[0.0, 0.0]",0.1,0.0,"[0.0, 0.0]",0.0,valid
0.5762859633827375,"[0.7327811682650393, 0.4197907585004359]",0.0,4.0,0.5362520140150319,0.0,[56],191.0,1.0,0.03135172926088566,"[0.022328548644338062, 0.04037490987743326]",0.0,0.5362520140150319,0.1,0.0,0.5444444444444444,"[0.3888888888888889, 0.7]",0.1,0.016140593400404475,"[0.011494252873563218, 0.020786933927245732]",0.0,train
0.5800000000000001,"[0.7466666666666667, 0.41333333333333333]",0.0,4.0,0.5618727604548136,0.0,[56],191.0,1.0,0.0,"[0.0, 0.0]",0.0,0.5618727604548136,0.1,0.0,0.0,"[0.0, 0.0]",0.1,0.0,"[0.0, 0.0]",0.0,valid
0.5751961639058413,"[0.7319093286835222, 0.4184829991281604]",0.0,4.0,0.5351438094740328,0.0,[56],192.0,1.0,0.019196184679160837,"[0.006462035541195444, 0.031930333817126226]",0.0,0.5351438094740328,0.1,0.0,0.45483870967741935,"[0.19999999999999996, 0.7096774193548387]",0.1,0.009808331596212711,"[0.003284072249589491, 0.016332590942835932]",0.0,train
0.5866666666666667,"[0.7566666666666667, 0.4166666666666667]",0.0,4.0,0.5637838045756022,0.0,[56],192.0,1.0,0.0056497175141242886,"[0.0, 0.011299435028248577]",0.0,0.5637838045756022,0.1,0.0,0.49999999999999944,"[0.0, 0.9999999999999989]",0.1,0.002840909090909091,"[0.0, 0.005681818181818182]",0.0,valid
0.5738884045335658,"[0.7323452484742807, 0.4154315605928509]",0.0,4.0,0.5341890570910081,0.0,[56],193.0,1.0,0.008791208791208779,"[0.0, 0.017582417582417558]",0.0,0.5341890570910081,0.1,0.0,0.3333333333333333,"[0.0, 0.6666666666666666]",0.1,0.004454342984409799,"[0.0, 0.008908685968819599]",0.0,train
0.585,"[0.7566666666666667, 0.41333333333333333]",0.0,4.0,0.5670822064081827,0.0,[56],193.0,1.0,0.0,"[0.0, 0.0]",0.0,0.5670822064081827,0.1,0.0,0.0,"[0.0, 0.0]",0.1,0.0,"[0.0, 0.0]",0.0,valid
0.5743243243243243,"[0.7340889276373147, 0.4145597210113339]",0.0,4.0,0.5362341248470804,0.0,[56],194.0,1.0,0.01234567901234566,"[0.0, 0.02469135802469132]",0.0,0.5362341248470804,0.1,0.0,0.2833333333333333,"[0.0, 0.5666666666666667]",0.1,0.006310319227913883,"[0.0, 0.012620638455827766]",0.0,train
0.5866666666666667,"[0.7566666666666667, 0.4166666666666667]",0.0,4.0,0.5608251690864563,0.0,[56],194.0,1.0,0.0056497175141242886,"[0.0, 0.011299435028248577]",0.0,0.5608251690864563,0.1,0.0,0.49999999999999944,"[0.0, 0.9999999999999989]",0.1,0.002840909090909091,"[0.0, 0.005681818181818182]",0.0,valid
0.5751961639058414,"[0.7310374891020053, 0.41935483870967744]",0.0,4.0,0.5373388878677202,0.0,[56],195.0,1.0,0.02842055952438355,"[0.00963081861958262, 0.047210300429184476]",0.0,0.5373388878677202,0.1,0.0,0.43067226890756305,"[0.21428571428571425, 0.6470588235294118]",0.1,0.014712497394319067,"[0.0049261083743842365, 0.024498886414253896]",0.0,train
0.585,"[0.7566666666666667, 0.41333333333333333]",0.0,4.0,0.5684044361114502,0.0,[56],195.0,1.0,0.0,"[0.0, 0.0]",0.0,0.5684044361114502,0.1,0.0,0.0,"[0.0, 0.0]",0.1,0.0,"[0.0, 0.0]",0.0,valid
0.5762859633827375,"[0.7323452484742807, 0.4202266782911944]",0.0,4.0,0.5364494621753693,0.0,[56],196.0,1.0,0.022955523672883758,"[0.0, 0.045911047345767515]",0.0,0.5364494621753693,0.1,0.0,0.3404255319148936,"[0.0, 0.6808510638297872]",0.1,0.011878247958426132,"[0.0, 0.023756495916852263]",0.0,train
0.585,"[0.7566666666666667, 0.41333333333333333]",0.0,4.0,0.5688878695170084,0.0,[56],196.0,1.0,0.0,"[0.0, 0.0]",0.0,0.5688878695170084,0.1,0.0,0.0,"[0.0, 0.0]",0.1,0.0,"[0.0, 0.0]",0.0,valid
0.5725806451612904,"[0.7327811682650393, 0.41238012205754143]",0.0,4.0,0.5389782527218694,0.0,[56],197.0,1.0,0.00821459605518454,"[0.003252032520325184, 0.013177159590043896]",0.0,0.5389782527218694,0.1,0.0,0.3201754385964912,"[0.16666666666666663, 0.47368421052631576]",0.1,0.004161775300704723,"[0.0016420361247947454, 0.0066815144766146995]",0.0,train
0.585,"[0.7566666666666667, 0.41333333333333333]",0.0,4.0,0.5623786648114523,0.0,[56],197.0,1.0,0.0,"[0.0, 0.0]",0.0,0.5623786648114523,0.1,0.0,0.0,"[0.0, 0.0]",0.1,0.0,"[0.0, 0.0]",0.0,valid
0.573234524847428,"[0.7336530078465562, 0.4128160418482999]",0.0,4.0,0.5393676343171493,0.0,[56],198.0,1.0,0.013433850702143355,"[0.006504065040650387, 0.020363636363636323]",0.0,0.5393676343171493,0.1,0.0,0.41666666666666663,"[0.33333333333333326, 0.5]",0.1,0.006838769606606178,"[0.003284072249589491, 0.010393466963622866]",0.0,train
0.585,"[0.7566666666666667, 0.41333333333333333]",0.0,4.0,0.5648379524548849,0.0,[56],198.0,1.0,0.0,"[0.0, 0.0]",0.0,0.5648379524548849,0.1,0.0,0.0,"[0.0, 0.0]",0.1,0.0,"[0.0, 0.0]",0.0,valid
0.5719267654751525,"[0.7319093286835222, 0.4119442022667829]",0.0,4.0,0.5366187212259873,0.0,[56],199.0,1.0,0.005135730007336746,"[0.0, 0.010271460014673491]",0.0,0.5366187212259873,0.1,0.0,0.21875,"[0.0, 0.4375]",0.1,0.0025983667409057165,"[0.0, 0.005196733481811433]",0.0,train
0.5816666666666667,"[0.75, 0.41333333333333333]",0.0,4.0,0.5632530053456625,0.0,[56],199.0,1.0,0.0,"[0.0, 0.0]",0.0,0.5632530053456625,0.1,0.0,0.0,"[0.0, 0.0]",0.1,0.0,"[0.0, 0.0]",0.0,valid
0.5734524847428073,"[0.7314734088927637, 0.4154315605928509]",0.0,4.0,0.5379709912383038,0.0,[56],200.0,1.0,0.012017015242821665,"[0.006451612903225772, 0.017582417582417558]",0.0,0.5379709912383038,0.1,0.0,0.4242424242424242,"[0.1818181818181818, 0.6666666666666666]",0.1,0.006096379109204545,"[0.003284072249589491, 0.008908685968819599]",0.0,train
0.585,"[0.7566666666666667, 0.41333333333333333]",0.0,4.0,0.5686258474985758,0.0,[56],200.0,1.0,0.0,"[0.0, 0.0]",0.0,0.5686258474985758,0.1,0.0,0.0,"[0.0, 0.0]",0.1,0.0,"[0.0, 0.0]",0.0,valid
0.5771578029642546,"[0.7340889276373147, 0.4202266782911944]",0.0,4.0,0.5367595968039139,0.0,[56],201.0,1.0,0.02850909835150518,"[0.009740259740259717, 0.04727793696275064]",0.0,0.5367595968039139,0.1,0.0,0.5510204081632653,"[0.4285714285714285, 0.673469387755102]",0.1,0.014712497394319067,"[0.0049261083743842365, 0.024498886414253896]",0.0,train
0.585,"[0.7566666666666667, 0.41333333333333333]",0.0,4.0,0.5606909195582072,0.0,[56],201.0,1.0,0.0,"[0.0, 0.0]",0.0,0.5606909195582072,0.1,0.0,0.0,"[0.0, 0.0]",0.1,0.0,"[0.0, 0.0]",0.0,valid
0.5738884045335658,"[0.7349607672188317, 0.4128160418482999]",0.0,4.0,0.5371754195379175,0.0,[56],202.0,1.0,0.016283158237987864,"[0.006535947712418291, 0.026030368763557434]",0.0,0.5371754195379175,0.1,0.0,0.5833333333333333,"[0.6666666666666665, 0.5]",0.1,0.008323550601409446,"[0.003284072249589491, 0.013363028953229399]",0.0,train
0.585,"[0.7566666666666667, 0.41333333333333333]",0.0,4.0,0.5587546825408936,0.0,[56],202.0,1.0,0.0,"[0.0, 0.0]",0.0,0.5587546825408936,0.1,0.0,0.0,"[0.0, 0.0]",0.1,0.0,"[0.0, 0.0]",0.0,valid
0.5758500435919791,"[0.7323452484742807, 0.41935483870967744]",0.0,4.0,0.5384374066539432,0.0,[56],203.0,1.0,0.0240995553072105,"[0.006472491909385084, 0.04172661870503591]",0.0,0.5384374066539432,0.1,0.0,0.4483204134366925,"[0.22222222222222218, 0.6744186046511628]",0.1,0.012406698337118428,"[0.003284072249589491, 0.021529324424647365]",0.0,train
0.5866666666666667,"[0.7566666666666667, 0.4166666666666667]",0.0,4.0,0.5708834528923035,0.0,[56],203.0,1.0,0.0056497175141242886,"[0.0, 0.011299435028248577]",0.0,0.5708834528923035,0.1,0.0,0.49999999999999944,"[0.0, 0.9999999999999989]",0.1,0.002840909090909091,"[0.0, 0.005681818181818182]",0.0,valid
0.5732345248474281,"[0.7301656495204882, 0.4163034001743679]",0.0,4.0,0.5374794291413348,0.0,[56],204.0,1.0,0.014880586512873249,"[0.0064205457463884, 0.0233406272793581]",0.0,0.5374794291413348,0.1,0.0,0.40476190476190477,"[0.14285714285714285, 0.6666666666666666]",0.1,0.007581160104007811,"[0.003284072249589491, 0.011878247958426132]",0.0,train
0.585,"[0.7566666666666667, 0.41333333333333333]",0.0,4.0,0.5716176629066467,0.0,[56],204.0,1.0,0.0,"[0.0, 0.0]",0.0,0.5716176629066467,0.1,0.0,0.0,"[0.0, 0.0]",0.1,0.0,"[0.0, 0.0]",0.0,valid
0.5732345248474281,"[0.7323452484742807, 0.4141238012205754]",0.0,4.0,0.5388890932435575,0.0,[56],205.0,1.0,0.010204081632653045,"[0.0, 0.02040816326530609]",0.0,0.5388890932435575,0.1,0.0,0.28,"[0.0, 0.56]",0.1,0.005196733481811433,"[0.0, 0.010393466963622866]",0.0,train
0.585,"[0.7566666666666667, 0.41333333333333333]",0.0,4.0,0.5703823069731394,0.0,[56],205.0,1.0,0.0,"[0.0, 0.0]",0.0,0.5703823069731394,0.1,0.0,0.0,"[0.0, 0.0]",0.1,0.0,"[0.0, 0.0]",0.0,valid
0.5738884045335658,"[0.7332170880557978, 0.4145597210113339]",0.0,4.0,0.5361471927684286,0.0,[56],206.0,1.0,0.011124646964069425,"[0.0032573289902279967, 0.018991964937910853]",0.0,0.5361471927684286,0.1,0.0,0.39545454545454545,"[0.19999999999999996, 0.5909090909090909]",0.1,0.005646556295507988,"[0.0016420361247947454, 0.009651076466221232]",0.0,train
0.5883333333333334,"[0.7566666666666667, 0.42]",0.0,4.0,0.562227725982666,0.0,[56],206.0,1.0,0.011235955056179761,"[0.0, 0.022471910112359522]",0.0,0.562227725982666,0.1,0.0,0.4999999999999998,"[0.0, 0.9999999999999996]",0.1,0.005681818181818182,"[0.0, 0.011363636363636364]",0.0,valid
0.5754141238012206,"[0.7319093286835222, 0.4189189189189189]",0.0,4.0,0.5367098450660706,0.0,[56],207.0,1.0,0.021693273019115673,"[0.012841091492776843, 0.030545454545454508]",0.0,0.5367098450660706,0.1,0.0,0.5178571428571428,"[0.2857142857142857, 0.75]",0.1,0.01107917247230664,"[0.006568144499178982, 0.015590200445434299]",0.0,train
0.585,"[0.7566666666666667, 0.41333333333333333]",0.0,4.0,0.5659630298614502,0.0,[56],207.0,1.0,0.0,"[0.0, 0.0]",0.0,0.5659630298614502,0.1,0.0,0.0,"[0.0, 0.0]",0.1,0.0,"[0.0, 0.0]",0.0,valid
0.5725806451612903,"[0.7319093286835222, 0.4132519616390584]",0.0,4.0,0.5374778275904448,0.0,[56],208.0,1.0,0.009249180024617021,"[0.009661835748792232, 0.00883652430044181]",0.0,0.5374778275904448,0.1,0.0,0.3977272727272727,"[0.24999999999999997, 0.5454545454545454]",0.1,0.004690225679397018,"[0.0049261083743842365, 0.004454342984409799]",0.0,train
0.585,"[0.7566666666666667, 0.41333333333333333]",0.0,4.0,0.5891788204511007,0.0,[56],208.0,1.0,0.0,"[0.0, 0.0]",0.0,0.5891788204511007,0.1,0.0,0.0,"[0.0, 0.0]",0.1,0.0,"[0.0, 0.0]",0.0,valid
0.5727986050566696,"[0.7327811682650393, 0.4128160418482999]",0.0,4.0,0.5387685039769048,0.0,[56],209.0,1.0,0.01071593237856716,"[0.009693053311793183, 0.011738811445341136]",0.0,0.5387685039769048,0.1,0.0,0.39999999999999997,"[0.29999999999999993, 0.5]",0.1,0.005432616176798652,"[0.0049261083743842365, 0.005939123979213066]",0.0,train
0.5816666666666667,"[0.75, 0.41333333333333333]",0.0,4.0,0.5590253869692484,0.0,[56],209.0,1.0,0.0,"[0.0, 0.0]",0.0,0.5590253869692484,0.1,0.0,0.0,"[0.0, 0.0]",0.1,0.0,"[0.0, 0.0]",0.0,valid
0.5734524847428073,"[0.7306015693112468, 0.4163034001743679]",0.0,4.0,0.5370592423107313,0.0,[56],210.0,1.0,0.015411015063133936,"[0.0032258064516128685, 0.027596223674655]",0.0,0.5370592423107313,0.1,0.0,0.3621212121212121,"[0.0909090909090909, 0.6333333333333333]",0.1,0.007873727787712888,"[0.0016420361247947454, 0.014105419450631032]",0.0,train
0.585,"[0.7566666666666667, 0.41333333333333333]",0.0,4.0,0.5763184626897176,0.0,[56],210.0,1.0,0.0,"[0.0, 0.0]",0.0,0.5763184626897176,0.1,0.0,0.0,"[0.0, 0.0]",0.1,0.0,"[0.0, 0.0]",0.0,valid
0.5730165649520489,"[0.7310374891020053, 0.4149956408020924]",0.0,4.0,0.5373964335607446,0.0,[56],211.0,1.0,0.024392206448646418,"[0.02834645669291331, 0.02043795620437953]",0.0,0.5373964335607446,0.1,0.0,0.4774247491638796,"[0.34615384615384615, 0.6086956521739131]",0.1,0.012585896043387787,"[0.014778325123152709, 0.010393466963622866]",0.0,train
0.585,"[0.7566666666666667, 0.41333333333333333]",0.0,4.0,0.5809468527634939,0.0,[56],211.0,1.0,0.0,"[0.0, 0.0]",0.0,0.5809468527634939,0.1,0.0,0.0,"[0.0, 0.0]",0.1,0.0,"[0.0, 0.0]",0.0,valid
0.5730165649520489,"[0.7323452484742807, 0.41368788142981694]",0.0,4.0,0.5394395110399827,0.0,[56],212.0,1.0,0.006774222833825462,"[0.0032467532467532244, 0.0103016924208977]",0.0,0.5394395110399827,0.1,0.0,0.363095238095238,"[0.14285714285714285, 0.5833333333333333]",0.1,0.003419384803303089,"[0.0016420361247947454, 0.005196733481811433]",0.0,train
0.585,"[0.7566666666666667, 0.41333333333333333]",0.0,4.0,0.5689180095990499,0.0,[56],212.0,1.0,0.0,"[0.0, 0.0]",0.0,0.5689180095990499,0.1,0.0,0.0,"[0.0, 0.0]",0.1,0.0,"[0.0, 0.0]",0.0,valid
0.5721447253705318,"[0.7310374891020053, 0.4132519616390584]",0.0,4.0,0.5380212716434313,0.0,[56],213.0,1.0,0.008213749354507052,"[0.0032310177705977064, 0.013196480938416398]",0.0,0.5380212716434313,0.1,0.0,0.31470588235294117,"[0.09999999999999998, 0.5294117647058824]",0.1,0.004161775300704723,"[0.0016420361247947454, 0.0066815144766146995]",0.0,train
0.5866666666666667,"[0.7566666666666667, 0.4166666666666667]",0.0,4.0,0.5617352724075317,0.0,[56],213.0,1.0,0.0056497175141242886,"[0.0, 0.011299435028248577]",0.0,0.5617352724075317,0.1,0.0,0.49999999999999944,"[0.0, 0.9999999999999989]",0.1,0.002840909090909091,"[0.0, 0.005681818181818182]",0.0,valid
0.574106364428945,"[0.7323452484742807, 0.41586748038360943]",0.0,4.0,0.5380489411561385,0.0,[56],214.0,1.0,0.01702434464845159,"[0.006472491909385084, 0.0275761973875181]",0.0,0.5380489411561385,0.1,0.0,0.4175627240143369,"[0.22222222222222218, 0.6129032258064516]",0.1,0.008694745850110262,"[0.003284072249589491, 0.014105419450631032]",0.0,train
0.585,"[0.7566666666666667, 0.41333333333333333]",0.0,4.0,0.5591645240783691,0.0,[56],214.0,1.0,0.0,"[0.0, 0.0]",0.0,0.5591645240783691,0.1,0.0,0.0,"[0.0, 0.0]",0.1,0.0,"[0.0, 0.0]",0.0,valid
0.5754141238012206,"[0.7340889276373147, 0.4167393199651264]",0.0,4.0,0.5393491892710977,0.0,[56],215.0,1.0,0.02078908790196775,"[0.009740259740259717, 0.03183791606367579]",0.0,0.5393491892710977,0.1,0.0,0.5285714285714285,"[0.4285714285714285, 0.6285714285714286]",0.1,0.010629349658610085,"[0.0049261083743842365, 0.016332590942835932]",0.0,train
0.585,"[0.7566666666666667, 0.41333333333333333]",0.0,4.0,0.5662109057108561,0.0,[56],215.0,1.0,0.0,"[0.0, 0.0]",0.0,0.5662109057108561,0.1,0.0,0.0,"[0.0, 0.0]",0.1,0.0,"[0.0, 0.0]",0.0,valid
0.5730165649520489,"[0.7327811682650393, 0.4132519616390584]",0.0,4.0,0.5388995020285897,0.0,[56],216.0,1.0,0.008946660476853645,"[0.003252032520325184, 0.014641288433382109]",0.0,0.5388995020285897,0.1,0.0,0.3464912280701754,"[0.16666666666666663, 0.5263157894736842]",0.1,0.004532970549405539,"[0.0016420361247947454, 0.007423904974016332]",0.0,train
0.5900000000000001,"[0.7566666666666667, 0.42333333333333334]",0.0,4.0,0.5544265707333883,0.0,[56],216.0,1.0,0.016759776536312828,"[0.0, 0.033519553072625656]",0.0,0.5544265707333883,0.1,0.0,0.49999999999999983,"[0.0, 0.9999999999999997]",0.1,0.008522727272727272,"[0.0, 0.017045454545454544]",0.0,valid
0.5738884045335658,"[0.7332170880557978, 0.4145597210113339]",0.0,4.0,0.538543473119321,0.0,[56],217.0,1.0,0.009495982468955427,"[0.0, 0.018991964937910853]",0.0,0.538543473119321,0.1,0.0,0.29545454545454547,"[0.0, 0.5909090909090909]",0.1,0.004825538233110616,"[0.0, 0.009651076466221232]",0.0,train
0.5866666666666667,"[0.7566666666666667, 0.4166666666666667]",0.0,4.0,0.5600043833255768,0.0,[56],217.0,1.0,0.0056497175141242886,"[0.0, 0.011299435028248577]",0.0,0.5600043833255768,0.1,0.0,0.49999999999999944,"[0.0, 0.9999999999999989]",0.1,0.002840909090909091,"[0.0, 0.005681818181818182]",0.0,valid
0.5719267654751525,"[0.7314734088927637, 0.41238012205754143]",0.0,4.0,0.5365870206252389,0.0,[56],218.0,1.0,0.00513950073421438,"[0.0, 0.01027900146842876]",0.0,0.5365870206252389,0.1,0.0,0.2333333333333333,"[0.0, 0.4666666666666666]",0.1,0.0025983667409057165,"[0.0, 0.005196733481811433]",0.0,train
0.585,"[0.7566666666666667, 0.41333333333333333]",0.0,4.0,0.5695472160975138,0.0,[56],218.0,1.0,0.0,"[0.0, 0.0]",0.0,0.5695472160975138,0.1,0.0,0.0,"[0.0, 0.0]",0.1,0.0,"[0.0, 0.0]",0.0,valid
0.5721447253705318,"[0.7314734088927637, 0.4128160418482999]",0.0,4.0,0.5362520179022914,0.0,[56],219.0,1.0,0.008035062089116127,"[0.0, 0.016070124178232253]",0.0,0.5362520179022914,0.1,0.0,0.25,"[0.0, 0.5]",0.1,0.004083147735708983,"[0.0, 0.008166295471417966]",0.0,train
0.5800000000000001,"[0.7466666666666667, 0.41333333333333333]",0.0,4.0,0.5582172870635986,0.0,[56],219.0,1.0,0.0,"[0.0, 0.0]",0.0,0.5582172870635986,0.1,0.0,0.0,"[0.0, 0.0]",0.1,0.0,"[0.0, 0.0]",0.0,valid
0.5771578029642546,"[0.7358326068003488, 0.4184829991281604]",0.0,4.0,0.5368158402650253,0.0,[56],220.0,1.0,0.024264778620991755,"[0.019417475728155314, 0.029112081513828197]",0.0,0.5368158402650253,0.1,0.0,0.7037037037037036,"[0.6666666666666665, 0.7407407407407407]",0.1,0.012350013348400569,"[0.009852216748768473, 0.014847809948032665]",0.0,train
0.5833333333333333,"[0.7533333333333333, 0.41333333333333333]",0.0,4.0,0.5597464839617411,0.0,[56],220.0,1.0,0.0,"[0.0, 0.0]",0.0,0.5597464839617411,0.1,0.0,0.0,"[0.0, 0.0]",0.1,0.0,"[0.0, 0.0]",0.0,valid
0.5771578029642546,"[0.7332170880557978, 0.4210985178727114]",0.0,4.0,0.5386739425037218,0.0,[56],221.0,1.0,0.02666442987422698,"[0.0032573289902279967, 0.050071530758225964]",0.0,0.5386739425037218,0.1,0.0,0.44313725490196076,"[0.19999999999999996, 0.6862745098039216]",0.1,0.013812851766925956,"[0.0016420361247947454, 0.025983667409057165]",0.0,train
0.5883333333333334,"[0.7566666666666667, 0.42]",0.0,4.0,0.5589592854181925,0.0,[56],221.0,1.0,0.011235955056179761,"[0.0, 0.022471910112359522]",0.0,0.5589592854181925,0.1,0.0,0.4999999999999998,"[0.0, 0.9999999999999996]",0.1,0.005681818181818182,"[0.0, 0.011363636363636364]",0.0,valid
0.5743243243243243,"[0.7314734088927637, 0.41717523975588494]",0.0,4.0,0.5396212611509406,0.0,[56],222.0,1.0,0.02093458466007481,"[0.012820512820512773, 0.02904865649963685]",0.0,0.5396212611509406,0.1,0.0,0.4666666666666666,"[0.2666666666666666, 0.6666666666666666]",0.1,0.010707977223605824,"[0.006568144499178982, 0.014847809948032665]",0.0,train
0.585,"[0.7566666666666667, 0.41333333333333333]",0.0,4.0,0.5677640438079834,0.0,[56],222.0,1.0,0.0,"[0.0, 0.0]",0.0,0.5677640438079834,0.1,0.0,0.0,"[0.0, 0.0]",0.1,0.0,"[0.0, 0.0]",0.0,valid
0.5734524847428073,"[0.7340889276373147, 0.4128160418482999]",0.0,4.0,0.5382961060689844,0.0,[56],223.0,1.0,0.0036845983787767056,"[0.0, 0.007369196757553411]",0.0,0.5382961060689844,0.1,0.0,0.24999999999999994,"[0.0, 0.4999999999999999]",0.1,0.001855976243504083,"[0.0, 0.003711952487008166]",0.0,train
0.5866666666666667,"[0.7566666666666667, 0.4166666666666667]",0.0,4.0,0.5531390309333801,0.0,[56],223.0,1.0,0.0056497175141242886,"[0.0, 0.011299435028248577]",0.0,0.5531390309333801,0.1,0.0,0.49999999999999944,"[0.0, 0.9999999999999989]",0.1,0.002840909090909091,"[0.0, 0.005681818181818182]",0.0,valid
0.5745422842197035,"[0.7340889276373147, 0.4149956408020924]",0.0,4.0,0.536607194205989,0.0,[56],224.0,1.0,0.012354651162790678,"[0.0, 0.024709302325581356]",0.0,0.536607194205989,0.1,0.0,0.29310344827586204,"[0.0, 0.5862068965517241]",0.1,0.006310319227913883,"[0.0, 0.012620638455827766]",0.0,train
0.5866666666666667,"[0.7566666666666667, 0.4166666666666667]",0.0,4.0,0.5559000968933105,0.0,[56],224.0,1.0,0.0056497175141242886,"[0.0, 0.011299435028248577]",0.0,0.5559000968933105,0.1,0.0,0.49999999999999944,"[0.0, 0.9999999999999989]",0.1,0.002840909090909091,"[0.0, 0.005681818181818182]",0.0,valid
0.5780296425457716,"[0.7345248474280732, 0.42153443766346993]",0.0,4.0,0.5355492065782133,0.0,[56],225.0,1.0,0.028429282160625406,"[0.0, 0.05685856432125081]",0.0,0.5355492065782133,0.1,0.0,0.3333333333333333,"[0.0, 0.6666666666666666]",0.1,0.014847809948032665,"[0.0, 0.02969561989606533]",0.0,train
0.5833333333333333,"[0.7533333333333333, 0.41333333333333333]",0.0,4.0,0.5571365356445312,0.0,[56],225.0,1.0,0.0,"[0.0, 0.0]",0.0,0.5571365356445312,0.1,0.0,0.0,"[0.0, 0.0]",0.1,0.0,"[0.0, 0.0]",0.0,valid
0.572362685265911,"[0.7323452484742807, 0.41238012205754143]",0.0,4.0,0.5368313076703445,0.0,[56],226.0,1.0,0.00730994152046782,"[0.0, 0.01461988304093564]",0.0,0.5368313076703445,0.1,0.0,0.23809523809523808,"[0.0, 0.47619047619047616]",0.1,0.003711952487008166,"[0.0, 0.007423904974016332]",0.0,train
0.5866666666666667,"[0.7566666666666667, 0.4166666666666667]",0.0,4.0,0.5713503956794739,0.0,[56],226.0,1.0,0.0056497175141242886,"[0.0, 0.011299435028248577]",0.0,0.5713503956794739,0.1,0.0,0.49999999999999944,"[0.0, 0.9999999999999989]",0.1,0.002840909090909091,"[0.0, 0.005681818181818182]",0.0,valid
0.5717088055797733,"[0.7306015693112468, 0.4128160418482999]",0.0,4.0,0.538797448510709,0.0,[56],227.0,1.0,0.0067561802280106855,"[0.0032258064516128685, 0.010286554004408503]",0.0,0.538797448510709,0.1,0.0,0.2954545454545454,"[0.0909090909090909, 0.49999999999999994]",0.1,0.003419384803303089,"[0.0016420361247947454, 0.005196733481811433]",0.0,train
0.5866666666666667,"[0.7566666666666667, 0.4166666666666667]",0.0,4.0,0.5754852890968323,0.0,[56],227.0,1.0,0.011173184357541884,"[0.0, 0.02234636871508377]",0.0,0.5754852890968323,0.1,0.0,0.33333333333333326,"[0.0, 0.6666666666666665]",0.1,0.005681818181818182,"[0.0, 0.011363636363636364]",0.0,valid
0.5708369659982564,"[0.7310374891020053, 0.4106364428945074]",0.0,4.0,0.5371077604915785,0.0,[56],228.0,1.0,0.014764574330189314,"[0.022187004754358093, 0.007342143906020536]",0.0,0.5371077604915785,0.1,0.0,0.32575757575757575,"[0.3181818181818182, 0.3333333333333333]",0.1,0.007603102680285692,"[0.011494252873563218, 0.003711952487008166]",0.0,train
0.585,"[0.7566666666666667, 0.41333333333333333]",0.0,4.0,0.5669822494188944,0.0,[56],228.0,1.0,0.0,"[0.0, 0.0]",0.0,0.5669822494188944,0.1,0.0,0.0,"[0.0, 0.0]",0.1,0.0,"[0.0, 0.0]",0.0,valid
0.5734524847428073,"[0.7323452484742807, 0.4145597210113339]",0.0,4.0,0.5379744431246882,0.0,[56],229.0,1.0,0.011119359092332038,"[0.0032467532467532244, 0.018991964937910853]",0.0,0.5379744431246882,0.1,0.0,0.3668831168831169,"[0.14285714285714285, 0.5909090909090909]",0.1,0.005646556295507988,"[0.0016420361247947454, 0.009651076466221232]",0.0,train
0.5916666666666667,"[0.7566666666666667, 0.4266666666666667]",0.0,4.0,0.5636719465255737,0.0,[56],229.0,1.0,0.022222222222222202,"[0.0, 0.044444444444444405]",0.0,0.5636719465255737,0.1,0.0,0.4999999999999999,"[0.0, 0.9999999999999998]",0.1,0.011363636363636364,"[0.0, 0.022727272727272728]",0.0,valid
0.5743243243243243,"[0.7327811682650393, 0.41586748038360943]",0.0,4.0,0.535480797290802,0.0,[56],230.0,1.0,0.014190396195388534,"[0.006482982171799001, 0.02189781021897807]",0.0,0.535480797290802,0.1,0.0,0.45108695652173914,"[0.24999999999999994, 0.6521739130434783]",0.1,0.007209964855306995,"[0.003284072249589491, 0.011135857461024499]",0.0,train
0.585,"[0.7566666666666667, 0.41333333333333333]",0.0,4.0,0.5703792770703634,0.0,[56],230.0,1.0,0.0,"[0.0, 0.0]",0.0,0.5703792770703634,0.1,0.0,0.0,"[0.0, 0.0]",0.1,0.0,"[0.0, 0.0]",0.0,valid
0.5725806451612903,"[0.7323452484742807, 0.4128160418482999]",0.0,4.0,0.5371824075346407,0.0,[56],231.0,1.0,0.0051432770022042515,"[0.0, 0.010286554004408503]",0.0,0.5371824075346407,0.1,0.0,0.24999999999999997,"[0.0, 0.49999999999999994]",0.1,0.0025983667409057165,"[0.0, 0.005196733481811433]",0.0,train
0.585,"[0.7566666666666667, 0.41333333333333333]",0.0,4.0,0.5688086549441019,0.0,[56],231.0,1.0,0.0,"[0.0, 0.0]",0.0,0.5688086549441019,0.1,0.0,0.0,"[0.0, 0.0]",0.1,0.0,"[0.0, 0.0]",0.0,valid
0.5758500435919791,"[0.7332170880557978, 0.4184829991281604]",0.0,4.0,0.5390700982964557,0.0,[56],232.0,1.0,0.024306818499762135,"[0.009708737864077641, 0.03890489913544663]",0.0,0.5390700982964557,0.1,0.0,0.4959349593495935,"[0.33333333333333326, 0.6585365853658537]",0.1,0.012485325902114168,"[0.0049261083743842365, 0.0200445434298441]",0.0,train
0.5883333333333334,"[0.7566666666666667, 0.42]",0.0,4.0,0.5719660719235738,0.0,[56],232.0,1.0,0.011235955056179761,"[0.0, 0.022471910112359522]",0.0,0.5719660719235738,0.1,0.0,0.4999999999999998,"[0.0, 0.9999999999999996]",0.1,0.005681818181818182,"[0.0, 0.011363636363636364]",0.0,valid
0.5769398430688752,"[0.7340889276373147, 0.4197907585004359]",0.0,4.0,0.5374469873697861,0.0,[56],233.0,1.0,0.01670297748729119,"[0.0, 0.03340595497458238]",0.0,0.5374469873697861,0.1,0.0,0.38333333333333336,"[0.0, 0.7666666666666667]",0.1,0.008537490720118782,"[0.0, 0.017074981440237565]",0.0,train
0.5916666666666667,"[0.7566666666666667, 0.4266666666666667]",0.0,4.0,0.5635313987731934,0.0,[56],233.0,1.0,0.022222222222222202,"[0.0, 0.044444444444444405]",0.0,0.5635313987731934,0.1,0.0,0.4999999999999999,"[0.0, 0.9999999999999998]",0.1,0.011363636363636364,"[0.0, 0.022727272727272728]",0.0,valid
0.5749782040104621,"[0.7332170880557978, 0.4167393199651264]",0.0,4.0,0.5368353802224864,0.0,[56],234.0,1.0,0.01754762252695189,"[0.0032573289902279967, 0.03183791606367579]",0.0,0.5368353802224864,0.1,0.0,0.41428571428571426,"[0.19999999999999996, 0.6285714285714286]",0.1,0.00898731353381534,"[0.0016420361247947454, 0.016332590942835932]",0.0,train
0.5866666666666667,"[0.7566666666666667, 0.4166666666666667]",0.0,4.0,0.5634671449661255,0.0,[56],234.0,1.0,0.0056497175141242886,"[0.0, 0.011299435028248577]",0.0,0.5634671449661255,0.1,0.0,0.49999999999999944,"[0.0, 0.9999999999999989]",0.1,0.002840909090909091,"[0.0, 0.005681818181818182]",0.0,valid
0.5736704446381866,"[0.7345248474280732, 0.4128160418482999]",0.0,4.0,0.5370109353376471,0.0,[56],235.0,1.0,0.008752735229759284,"[0.0, 0.017505470459518568]",0.0,0.5370109353376471,0.1,0.0,0.25,"[0.0, 0.5]",0.1,0.004454342984409799,"[0.0, 0.008908685968819599]",0.0,train
0.5933333333333334,"[0.7566666666666667, 0.43]",0.0,4.0,0.5653164188067118,0.0,[56],235.0,1.0,0.0327868852459016,"[0.0, 0.0655737704918032]",0.0,0.5653164188067118,0.1,0.0,0.4285714285714285,"[0.0, 0.857142857142857]",0.1,0.017045454545454544,"[0.0, 0.03409090909090909]",0.0,valid
0.5756320836965998,"[0.7327811682650393, 0.4184829991281604]",0.0,4.0,0.5379663835401121,0.0,[56],236.0,1.0,0.022459349593495895,"[0.003252032520325184, 0.0416666666666666]",0.0,0.5379663835401121,0.1,0.0,0.40555555555555556,"[0.16666666666666663, 0.6444444444444445]",0.1,0.011585680274721056,"[0.0016420361247947454, 0.021529324424647365]",0.0,train
0.5833333333333333,"[0.7533333333333333, 0.41333333333333333]",0.0,4.0,0.5590728024641672,0.0,[56],236.0,1.0,0.0,"[0.0, 0.0]",0.0,0.5590728024641672,0.1,0.0,0.0,"[0.0, 0.0]",0.1,0.0,"[0.0, 0.0]",0.0,valid
0.576721883173496,"[0.7319093286835222, 0.42153443766346993]",0.0,4.0,0.5386058778866477,0.0,[56],237.0,1.0,0.028030452894841212,"[0.003241491085899488, 0.05281941470378294]",0.0,0.5386058778866477,0.1,0.0,0.4050925925925926,"[0.12499999999999997, 0.6851851851851852]",0.1,0.014555242264327589,"[0.0016420361247947454, 0.02746844840386043]",0.0,train
0.5866666666666667,"[0.7566666666666667, 0.4166666666666667]",0.0,4.0,0.5643611351648966,0.0,[56],237.0,1.0,0.0056497175141242886,"[0.0, 0.011299435028248577]",0.0,0.5643611351648966,0.1,0.0,0.49999999999999944,"[0.0, 0.9999999999999989]",0.1,0.002840909090909091,"[0.0, 0.005681818181818182]",0.0,valid
0.5736704446381866,"[0.7314734088927637, 0.41586748038360943]",0.0,4.0,0.5377002189988676,0.0,[56],238.0,1.0,0.023342238821147554,"[0.01910828025477701, 0.0275761973875181]",0.0,0.5377002189988676,0.1,0.0,0.46434634974533107,"[0.3157894736842105, 0.6129032258064516]",0.1,0.011978818099699752,"[0.009852216748768473, 0.014105419450631032]",0.0,train
0.5866666666666667,"[0.7566666666666667, 0.4166666666666667]",0.0,4.0,0.557162880897522,0.0,[56],238.0,1.0,0.011173184357541884,"[0.0, 0.02234636871508377]",0.0,0.557162880897522,0.1,0.0,0.33333333333333326,"[0.0, 0.6666666666666665]",0.1,0.005681818181818182,"[0.0, 0.011363636363636364]",0.0,valid
0.574106364428945,"[0.7319093286835222, 0.4163034001743679]",0.0,4.0,0.5374957089838774,0.0,[56],239.0,1.0,0.014503263234227676,"[0.0, 0.029006526468455352]",0.0,0.5374957089838774,0.1,0.0,0.3125,"[0.0, 0.625]",0.1,0.007423904974016332,"[0.0, 0.014847809948032665]",0.0,train
0.5883333333333334,"[0.7566666666666667, 0.42]",0.0,4.0,0.5585442384084066,0.0,[56],239.0,1.0,0.016666666666666642,"[0.0, 0.033333333333333284]",0.0,0.5585442384084066,0.1,0.0,0.37499999999999994,"[0.0, 0.7499999999999999]",0.1,0.008522727272727272,"[0.0, 0.017045454545454544]",0.0,valid
0.573234524847428,"[0.7336530078465562, 0.4128160418482999]",0.0,4.0,0.5374918865120929,0.0,[56],240.0,1.0,0.005869405722670568,"[0.0, 0.011738811445341136]",0.0,0.5374918865120929,0.1,0.0,0.25,"[0.0, 0.5]",0.1,0.002969561989606533,"[0.0, 0.005939123979213066]",0.0,train
0.5866666666666667,"[0.7566666666666667, 0.4166666666666667]",0.0,4.0,0.5645202398300171,0.0,[56],240.0,1.0,0.0056497175141242886,"[0.0, 0.011299435028248577]",0.0,0.5645202398300171,0.1,0.0,0.49999999999999944,"[0.0, 0.9999999999999989]",0.1,0.002840909090909091,"[0.0, 0.005681818181818182]",0.0,valid
0.5760680034873583,"[0.7340889276373147, 0.41804707933740193]",0.0,4.0,0.5372670577920001,0.0,[56],241.0,1.0,0.02576340326340322,"[0.02243589743589739, 0.029090909090909046]",0.0,0.5372670577920001,0.1,0.0,0.5904761904761905,"[0.4666666666666666, 0.7142857142857143]",0.1,0.01317103141079794,"[0.011494252873563218, 0.014847809948032665]",0.0,train
0.5933333333333334,"[0.7566666666666667, 0.43]",0.0,4.0,0.548699289560318,0.0,[56],241.0,1.0,0.0327868852459016,"[0.0, 0.0655737704918032]",0.0,0.548699289560318,0.1,0.0,0.4285714285714285,"[0.0, 0.857142857142857]",0.1,0.017045454545454544,"[0.0, 0.03409090909090909]",0.0,valid
0.5749782040104621,"[0.7314734088927637, 0.4184829991281604]",0.0,4.0,0.5379910482012707,0.0,[56],242.0,1.0,0.024473840225285263,"[0.012820512820512773, 0.03612716763005775]",0.0,0.5379910482012707,0.1,0.0,0.47117117117117113,"[0.2666666666666666, 0.6756756756756757]",0.1,0.012563953467109906,"[0.006568144499178982, 0.01855976243504083]",0.0,train
0.5916666666666667,"[0.7566666666666667, 0.4266666666666667]",0.0,4.0,0.5535710652669271,0.0,[56],242.0,1.0,0.022222222222222202,"[0.0, 0.044444444444444405]",0.0,0.5535710652669271,0.1,0.0,0.4999999999999999,"[0.0, 0.9999999999999998]",0.1,0.011363636363636364,"[0.0, 0.022727272727272728]",0.0,valid
0.5765039232781168,"[0.7340889276373147, 0.4189189189189189]",0.0,4.0,0.5368958970774775,0.0,[56],243.0,1.0,0.019466474405191034,"[0.0, 0.03893294881038207]",0.0,0.5368958970774775,0.1,0.0,0.3375,"[0.0, 0.675]",0.1,0.01002227171492205,"[0.0, 0.0200445434298441]",0.0,train
0.5866666666666667,"[0.7566666666666667, 0.4166666666666667]",0.0,4.0,0.5561943451563517,0.0,[56],243.0,1.0,0.0056497175141242886,"[0.0, 0.011299435028248577]",0.0,0.5561943451563517,0.1,0.0,0.49999999999999944,"[0.0, 0.9999999999999989]",0.1,0.002840909090909091,"[0.0, 0.005681818181818182]",0.0,valid
0.57846556233653,"[0.7336530078465562, 0.4232781168265039]",0.0,4.0,0.5353681794975115,0.0,[56],244.0,1.0,0.026074168243063328,"[0.003262642740619889, 0.04888569374550677]",0.0,0.5353681794975115,0.1,0.0,0.5113636363636364,"[0.24999999999999994, 0.7727272727272727]",0.1,0.01344165651822514,"[0.0016420361247947454, 0.025241276911655532]",0.0,train
0.6016666666666667,"[0.7566666666666667, 0.44666666666666666]",0.0,4.0,0.5601225395997366,0.0,[56],244.0,1.0,0.06315789473684204,"[0.0, 0.12631578947368408]",0.0,0.5601225395997366,0.1,0.0,0.4285714285714285,"[0.0, 0.857142857142857]",0.1,0.03409090909090909,"[0.0, 0.06818181818181818]",0.0,valid
0.5760680034873583,"[0.7332170880557978, 0.4189189189189189]",0.0,4.0,0.5417419192583665,0.0,[56],245.0,1.0,0.030886724898064315,"[0.006493506493506471, 0.05527994330262216]",0.0,0.5417419192583665,0.1,0.0,0.44754464285714285,"[0.2857142857142857, 0.609375]",0.1,0.016118650824126595,"[0.003284072249589491, 0.028953229398663696]",0.0,train
0.585,"[0.7566666666666667, 0.41333333333333333]",0.0,4.0,0.5929825405279795,0.0,[56],245.0,1.0,0.0,"[0.0, 0.0]",0.0,0.5929825405279795,0.1,0.0,0.0,"[0.0, 0.0]",0.1,0.0,"[0.0, 0.0]",0.0,valid
0.5749782040104621,"[0.7332170880557978, 0.4167393199651264]",0.0,4.0,0.536914190520411,0.0,[56],246.0,1.0,0.011877566398481481,"[0.0032573289902279967, 0.020497803806734965]",0.0,0.536914190520411,0.1,0.0,0.4684210526315789,"[0.19999999999999996, 0.7368421052631579]",0.1,0.006017751544208806,"[0.0016420361247947454, 0.010393466963622866]",0.0,train
0.5900000000000001,"[0.7566666666666667, 0.42333333333333334]",0.0,4.0,0.5561408599217733,0.0,[56],246.0,1.0,0.02209944751381213,"[0.0, 0.04419889502762426]",0.0,0.5561408599217733,0.1,0.0,0.3999999999999999,"[0.0, 0.7999999999999998]",0.1,0.011363636363636364,"[0.0, 0.022727272727272728]",0.0,valid
0.576721883173496,"[0.7314734088927637, 0.4219703574542284]",0.0,4.0,0.5382620096206665,0.0,[56],247.0,1.0,0.02302158273381292,"[0.0, 0.04604316546762584]",0.0,0.5382620096206665,0.1,0.0,0.37209302325581395,"[0.0, 0.7441860465116279]",0.1,0.011878247958426132,"[0.0, 0.023756495916852263]",0.0,train
0.5933333333333334,"[0.7566666666666667, 0.43]",0.0,4.0,0.5484351913134257,0.0,[56],247.0,1.0,0.03783783783783779,"[0.0, 0.07567567567567558]",0.0,0.5484351913134257,0.1,0.0,0.38888888888888884,"[0.0, 0.7777777777777777]",0.1,0.019886363636363636,"[0.0, 0.03977272727272727]",0.0,valid
0.5732345248474281,"[0.7327811682650393, 0.41368788142981694]",0.0,4.0,0.5396762140419172,0.0,[56],248.0,1.0,0.014440433212996361,"[0.0, 0.028880866425992722]",0.0,0.5396762140419172,0.1,0.0,0.2631578947368421,"[0.0, 0.5263157894736842]",0.1,0.007423904974016332,"[0.0, 0.014847809948032665]",0.0,train
0.5883333333333334,"[0.7566666666666667, 0.42]",0.0,4.0,0.554085354010264,0.0,[56],248.0,1.0,0.011235955056179761,"[0.0, 0.022471910112359522]",0.0,0.554085354010264,0.1,0.0,0.4999999999999998,"[0.0, 0.9999999999999996]",0.1,0.005681818181818182,"[0.0, 0.011363636363636364]",0.0,valid
0.5762859633827375,"[0.7319093286835222, 0.42066259808195294]",0.0,4.0,0.53721356910208,0.0,[56],249.0,1.0,0.02413945324283994,"[0.006462035541195444, 0.04181687094448444]",0.0,0.53721356910208,0.1,0.0,0.46249999999999997,"[0.19999999999999996, 0.725]",0.1,0.012406698337118428,"[0.003284072249589491, 0.021529324424647365]",0.0,train
0.585,"[0.7566666666666667, 0.41333333333333333]",0.0,4.0,0.5617914001146952,0.0,[56],249.0,1.0,0.0,"[0.0, 0.0]",0.0,0.5617914001146952,0.1,0.0,0.0,"[0.0, 0.0]",0.1,0.0,"[0.0, 0.0]",0.0,valid
0.5394507410636443,"[0.6054925893635571, 0.4734088927637315]",0.0,4.0,2.1984668451806773,0.0,[56],0.0,2.0,0.3522269695268854,"[0.3054489639293932, 0.39900497512437766]",0.0,2.1984668451806773,0.1,0.0,0.4457850309265803,"[0.28674351585014407, 0.6048265460030166]",0.1,0.31223188914610467,"[0.32676518883415434, 0.29769858945805494]",0.0,train
0.585,"[0.7566666666666667, 0.41333333333333333]",0.0,4.0,3.0901458263397217,0.0,[56],0.0,2.0,0.0,"[0.0, 0.0]",0.0,3.0901458263397217,0.1,0.0,0.0,"[0.0, 0.0]",0.1,0.0,"[0.0, 0.0]",0.0,valid
0.5749782040104621,"[0.7345248474280732, 0.4154315605928509]",0.0,4.0,1.4417608794958696,0.0,[56],1.0,2.0,0.012363636363636346,"[0.0, 0.02472727272727269]",0.0,1.4417608794958696,0.1,0.0,0.30357142857142855,"[0.0, 0.6071428571428571]",0.1,0.006310319227913883,"[0.0, 0.012620638455827766]",0.0,train
0.5900000000000001,"[0.7566666666666667, 0.42333333333333334]",0.0,4.0,1.365241805712382,0.0,[56],1.0,2.0,0.016759776536312828,"[0.0, 0.033519553072625656]",0.0,1.365241805712382,0.1,0.0,0.49999999999999983,"[0.0, 0.9999999999999997]",0.1,0.008522727272727272,"[0.0, 0.017045454545454544]",0.0,valid
0.5680034873583261,"[0.7218831734960767, 0.4141238012205754]",0.0,4.0,0.6268653610478276,0.0,[56],2.0,2.0,0.03264892799776511,"[0.042042042042041886, 0.023255813953488327]",0.0,0.6268653610478276,0.1,0.0,0.3986690865093769,"[0.24561403508771928, 0.5517241379310345]",0.1,0.017433376852776284,"[0.022988505747126436, 0.011878247958426132]",0.0,train
0.5983333333333334,"[0.7566666666666667, 0.44]",0.0,4.0,0.6277220249176025,0.0,[56],2.0,2.0,0.043478260869565175,"[0.0, 0.08695652173913035]",0.0,0.6277220249176025,0.1,0.0,0.4999999999999999,"[0.0, 0.9999999999999998]",0.1,0.022727272727272728,"[0.0, 0.045454545454545456]",0.0,valid
0.5717088055797733,"[0.7310374891020053, 0.41238012205754143]",0.0,4.0,0.55061492971752,0.0,[56],3.0,2.0,0.01900037720741543,"[0.019077901430842547, 0.018922852983988315]",0.0,0.55061492971752,0.1,0.0,0.3907407407407407,"[0.3, 0.48148148148148145]",0.1,0.009751646607494852,"[0.009852216748768473, 0.009651076466221232]",0.0,train
0.5933333333333334,"[0.7566666666666667, 0.43]",0.0,4.0,0.657089908917745,0.0,[56],3.0,2.0,0.027624309392265164,"[0.0, 0.05524861878453033]",0.0,0.657089908917745,0.1,0.0,0.4999999999999999,"[0.0, 0.9999999999999998]",0.1,0.014204545454545454,"[0.0, 0.028409090909090908]",0.0,valid
0.5714908456843941,"[0.7271142109851787, 0.41586748038360943]",0.0,4.0,0.5483541903288468,0.0,[56],4.0,2.0,0.026953812813219485,"[0.024922118380062207, 0.02898550724637676]",0.0,0.5483541903288468,0.1,0.0,0.42424242424242425,"[0.24242424242424243, 0.6060606060606061]",0.1,0.013992049473195314,"[0.013136288998357963, 0.014847809948032665]",0.0,train
0.585,"[0.7533333333333333, 0.4166666666666667]",0.0,4.0,0.6594372391700745,0.0,[56],4.0,2.0,0.0056497175141242886,"[0.0, 0.011299435028248577]",0.0,0.6594372391700745,0.1,0.0,0.49999999999999944,"[0.0, 0.9999999999999989]",0.1,0.002840909090909091,"[0.0, 0.005681818181818182]",0.0,valid
0.5730165649520489,"[0.7301656495204882, 0.41586748038360943]",0.0,4.0,0.5480555995650913,0.0,[56],5.0,2.0,0.0309487851212161,"[0.0343213728549141, 0.0275761973875181]",0.0,0.5480555995650913,0.1,0.0,0.4783266129032258,"[0.34375, 0.6129032258064516]",0.1,0.016083908411686616,"[0.0180623973727422, 0.014105419450631032]",0.0,train
0.5966666666666667,"[0.7533333333333333, 0.44]",0.0,4.0,0.6405410965283712,0.0,[56],5.0,2.0,0.0483870967741935,"[0.0, 0.096774193548387]",0.0,0.6405410965283712,0.1,0.0,0.4499999999999999,"[0.0, 0.8999999999999998]",0.1,0.02556818181818182,"[0.0, 0.05113636363636364]",0.0,valid
0.5719267654751525,"[0.7262423714036618, 0.4176111595466434]",0.0,4.0,0.547612199316854,0.0,[56],6.0,2.0,0.02502129664872304,"[0.012578616352201177, 0.0374639769452449]",0.0,0.547612199316854,0.1,0.0,0.3911472448057814,"[0.14814814814814814, 0.6341463414634146]",0.1,0.012935148715810722,"[0.006568144499178982, 0.019302152932442463]",0.0,train
0.5866666666666667,"[0.7533333333333333, 0.42]",0.0,4.0,0.6323725382486979,0.0,[56],6.0,2.0,0.016666666666666642,"[0.0, 0.033333333333333284]",0.0,0.6323725382486979,0.1,0.0,0.37499999999999994,"[0.0, 0.7499999999999999]",0.1,0.008522727272727272,"[0.0, 0.017045454545454544]",0.0,valid
0.5693112467306015,"[0.7244986922406277, 0.4141238012205754]",0.0,4.0,0.549577991599622,0.0,[56],7.0,2.0,0.015840870632129585,"[0.015576323987538845, 0.01610541727672032]",0.0,0.549577991599622,0.1,0.0,0.3652312599681021,"[0.15151515151515152, 0.5789473684210527]",0.1,0.008188238047695848,"[0.008210180623973728, 0.008166295471417966]",0.0,train
0.5900000000000001,"[0.7566666666666667, 0.42333333333333334]",0.0,4.0,0.6297815442085266,0.0,[56],7.0,2.0,0.032432432432432386,"[0.0, 0.06486486486486477]",0.0,0.6297815442085266,0.1,0.0,0.33333333333333326,"[0.0, 0.6666666666666665]",0.1,0.017045454545454544,"[0.0, 0.03409090909090909]",0.0,valid
0.5738884045335658,"[0.7314734088927637, 0.4163034001743679]",0.0,4.0,0.5443818880164105,0.0,[56],8.0,2.0,0.03263086721439051,"[0.04049844236760116, 0.024763292061179863]",0.0,0.5443818880164105,0.1,0.0,0.5238927738927739,"[0.3939393939393939, 0.6538461538461539]",0.1,0.01698355403907973,"[0.021346469622331693, 0.012620638455827766]",0.0,train
0.5916666666666667,"[0.7533333333333333, 0.43]",0.0,4.0,0.6269262433052063,0.0,[56],8.0,2.0,0.0327868852459016,"[0.0, 0.0655737704918032]",0.0,0.6269262433052063,0.1,0.0,0.4285714285714285,"[0.0, 0.857142857142857]",0.1,0.017045454545454544,"[0.0, 0.03409090909090909]",0.0,valid
0.5725806451612903,"[0.7271142109851787, 0.41804707933740193]",0.0,4.0,0.5430125879204791,0.0,[56],9.0,2.0,0.023815224777776194,"[0.015723270440251493, 0.031907179115300895]",0.0,0.5430125879204791,0.1,0.0,0.43634259259259256,"[0.18518518518518517, 0.6875]",0.1,0.01227138578340483,"[0.008210180623973728, 0.016332590942835932]",0.0,train
0.5883333333333334,"[0.7566666666666667, 0.42]",0.0,4.0,0.6283073027928671,0.0,[56],9.0,2.0,0.027173913043478215,"[0.0, 0.05434782608695643]",0.0,0.6283073027928671,0.1,0.0,0.31249999999999994,"[0.0, 0.6249999999999999]",0.1,0.014204545454545454,"[0.0, 0.028409090909090908]",0.0,valid
0.5712728857890148,"[0.7288578901482128, 0.41368788142981694]",0.0,4.0,0.5451635847920957,0.0,[56],10.0,2.0,0.028700207941469588,"[0.03416149068322971, 0.02323892519970947]",0.0,0.5451635847920957,0.1,0.0,0.4238095238095238,"[0.3142857142857143, 0.5333333333333333]",0.1,0.014970322665584165,"[0.0180623973727422, 0.011878247958426132]",0.0,train
0.5933333333333334,"[0.7566666666666667, 0.43]",0.0,4.0,0.6189831296602885,0.0,[56],10.0,2.0,0.027624309392265164,"[0.0, 0.05524861878453033]",0.0,0.6189831296602885,0.1,0.0,0.4999999999999999,"[0.0, 0.9999999999999998]",0.1,0.014204545454545454,"[0.0, 0.028409090909090908]",0.0,valid
0.572362685265911,"[0.7284219703574543, 0.4163034001743679]",0.0,4.0,0.5458327583644701,0.0,[56],11.0,2.0,0.026422207653054783,"[0.028081123244929704, 0.024763292061179863]",0.0,0.5458327583644701,0.1,0.0,0.4675480769230769,"[0.28125, 0.6538461538461539]",0.1,0.013699481789490237,"[0.014778325123152709, 0.012620638455827766]",0.0,train
0.5883333333333334,"[0.7566666666666667, 0.42]",0.0,4.0,0.6250895460446676,0.0,[56],11.0,2.0,0.011235955056179761,"[0.0, 0.022471910112359522]",0.0,0.6250895460446676,0.1,0.0,0.4999999999999998,"[0.0, 0.9999999999999996]",0.1,0.005681818181818182,"[0.0, 0.011363636363636364]",0.0,valid
0.5719267654751525,"[0.7284219703574543, 0.4154315605928509]",0.0,4.0,0.5438427795534548,0.0,[56],12.0,2.0,0.02322691897015405,"[0.018897637795275514, 0.027556200145032586]",0.0,0.5438427795534548,0.1,0.0,0.4122596153846154,"[0.23076923076923078, 0.59375]",0.1,0.011978818099699752,"[0.009852216748768473, 0.014105419450631032]",0.0,train
0.585,"[0.7566666666666667, 0.41333333333333333]",0.0,4.0,0.6306283672650655,0.0,[56],12.0,2.0,0.0,"[0.0, 0.0]",0.0,0.6306283672650655,0.1,0.0,0.0,"[0.0, 0.0]",0.1,0.0,"[0.0, 0.0]",0.0,valid
0.5760680034873583,"[0.7332170880557978, 0.4189189189189189]",0.0,4.0,0.5410368429577869,0.0,[56],13.0,2.0,0.02559214569018486,"[0.019230769230769183, 0.03195352214960054]",0.0,0.5410368429577869,0.1,0.0,0.5666666666666667,"[0.39999999999999997, 0.7333333333333333]",0.1,0.013092403845802202,"[0.009852216748768473, 0.016332590942835932]",0.0,train
0.5833333333333333,"[0.7433333333333333, 0.42333333333333334]",0.0,4.0,0.595151444276174,0.0,[56],13.0,2.0,0.037433155080213845,"[0.0, 0.07486631016042769]",0.0,0.595151444276174,0.1,0.0,0.3181818181818181,"[0.0, 0.6363636363636362]",0.1,0.019886363636363636,"[0.0, 0.03977272727272727]",0.0,valid
0.5712728857890148,"[0.7258064516129032, 0.4167393199651264]",0.0,4.0,0.5449481295502704,0.0,[56],14.0,2.0,0.01977805477175386,"[0.006319115323854587, 0.03323699421965313]",0.0,0.5449481295502704,0.1,0.0,0.3524774774774775,"[0.08333333333333333, 0.6216216216216216]",0.1,0.010179526844913528,"[0.003284072249589491, 0.017074981440237565]",0.0,train
0.5900000000000001,"[0.7566666666666667, 0.42333333333333334]",0.0,4.0,0.6344386140505472,0.0,[56],14.0,2.0,0.016759776536312828,"[0.0, 0.033519553072625656]",0.0,0.6344386140505472,0.1,0.0,0.49999999999999983,"[0.0, 0.9999999999999997]",0.1,0.008522727272727272,"[0.0, 0.017045454545454544]",0.0,valid
0.5738884045335658,"[0.7297297297297297, 0.41804707933740193]",0.0,4.0,0.5442225337028503,0.0,[56],15.0,2.0,0.02284287378461604,"[0.009584664536741162, 0.03610108303249092]",0.0,0.5442225337028503,0.1,0.0,0.41718266253869973,"[0.17647058823529413, 0.6578947368421053]",0.1,0.011742935404712534,"[0.0049261083743842365, 0.01855976243504083]",0.0,train
0.5933333333333334,"[0.7566666666666667, 0.43]",0.0,4.0,0.6033626000086466,0.0,[56],15.0,2.0,0.042780748663101546,"[0.0, 0.08556149732620309]",0.0,0.6033626000086466,0.1,0.0,0.3636363636363636,"[0.0, 0.7272727272727272]",0.1,0.022727272727272728,"[0.0, 0.045454545454545456]",0.0,valid
0.5706190061028771,"[0.7279860505666957, 0.4132519616390584]",0.0,4.0,0.5469862624354984,0.0,[56],16.0,2.0,0.018909180923043015,"[0.01886792452830181, 0.01895043731778422]",0.0,0.5469862624354984,0.1,0.0,0.3711111111111111,"[0.2222222222222222, 0.52]",0.1,0.009751646607494852,"[0.009852216748768473, 0.009651076466221232]",0.0,train
0.5916666666666667,"[0.7566666666666667, 0.4266666666666667]",0.0,4.0,0.6068339745203654,0.0,[56],16.0,2.0,0.022222222222222202,"[0.0, 0.044444444444444405]",0.0,0.6068339745203654,0.1,0.0,0.4999999999999999,"[0.0, 0.9999999999999998]",0.1,0.011363636363636364,"[0.0, 0.022727272727272728]",0.0,valid
0.5725806451612903,"[0.7319093286835222, 0.4132519616390584]",0.0,4.0,0.5409627556800842,0.0,[56],17.0,2.0,0.014306136533288227,"[0.009661835748792232, 0.01895043731778422]",0.0,0.5409627556800842,0.1,0.0,0.385,"[0.24999999999999997, 0.52]",0.1,0.007288592420302734,"[0.0049261083743842365, 0.009651076466221232]",0.0,train
0.5866666666666667,"[0.75, 0.42333333333333334]",0.0,4.0,0.6062413255373637,0.0,[56],17.0,2.0,0.016759776536312828,"[0.0, 0.033519553072625656]",0.0,0.6062413255373637,0.1,0.0,0.49999999999999983,"[0.0, 0.9999999999999997]",0.1,0.008522727272727272,"[0.0, 0.017045454545454544]",0.0,valid
0.5721447253705318,"[0.7310374891020053, 0.4132519616390584]",0.0,4.0,0.5417528113593226,0.0,[56],18.0,2.0,0.0184141465938701,"[0.022187004754358093, 0.014641288433382109]",0.0,0.5417528113593226,0.1,0.0,0.4222488038277512,"[0.3181818181818182, 0.5263157894736842]",0.1,0.009459078923789775,"[0.011494252873563218, 0.007423904974016332]",0.0,train
0.5916666666666667,"[0.7533333333333333, 0.43]",0.0,4.0,0.5905224680900574,0.0,[56],18.0,2.0,0.0327868852459016,"[0.0, 0.0655737704918032]",0.0,0.5905224680900574,0.1,0.0,0.4285714285714285,"[0.0, 0.857142857142857]",0.1,0.017045454545454544,"[0.0, 0.03409090909090909]",0.0,valid
0.5710549258936356,"[0.7297297297297297, 0.41238012205754143]",0.0,4.0,0.5427672603855962,0.0,[56],19.0,2.0,0.015358773525372089,"[0.01898734177215183, 0.01173020527859235]",0.0,0.5427672603855962,0.1,0.0,0.36572890025575444,"[0.2608695652173913, 0.47058823529411764]",0.1,0.007895670363990769,"[0.009852216748768473, 0.005939123979213066]",0.0,train
0.5883333333333334,"[0.7566666666666667, 0.42]",0.0,4.0,0.6188244819641113,0.0,[56],19.0,2.0,0.011235955056179761,"[0.0, 0.022471910112359522]",0.0,0.6188244819641113,0.1,0.0,0.4999999999999998,"[0.0, 0.9999999999999996]",0.1,0.005681818181818182,"[0.0, 0.011363636363636364]",0.0,valid
0.5738884045335658,"[0.7297297297297297, 0.41804707933740193]",0.0,4.0,0.5411385777203933,0.0,[56],20.0,2.0,0.025290087112212867,"[0.01587301587301581, 0.034707158351409924]",0.0,0.5411385777203933,0.1,0.0,0.45238095238095233,"[0.23809523809523808, 0.6666666666666666]",0.1,0.013013776280806463,"[0.008210180623973728, 0.017817371937639197]",0.0,train
0.5866666666666667,"[0.7566666666666667, 0.4166666666666667]",0.0,4.0,0.5905822118123373,0.0,[56],20.0,2.0,0.016574585635359088,"[0.0, 0.033149171270718175]",0.0,0.5905822118123373,0.1,0.0,0.29999999999999993,"[0.0, 0.5999999999999999]",0.1,0.008522727272727272,"[0.0, 0.017045454545454544]",0.0,valid
0.5727986050566696,"[0.7306015693112468, 0.4149956408020924]",0.0,4.0,0.5434832067593284,0.0,[56],21.0,2.0,0.01627784337242563,"[0.0064308681672025315, 0.026124818577648725]",0.0,0.5434832067593284,0.1,0.0,0.36724565756823824,"[0.15384615384615383, 0.5806451612903226]",0.1,0.008323550601409446,"[0.003284072249589491, 0.013363028953229399]",0.0,train
0.5900000000000001,"[0.7566666666666667, 0.42333333333333334]",0.0,4.0,0.6027537782986959,0.0,[56],21.0,2.0,0.016759776536312828,"[0.0, 0.033519553072625656]",0.0,0.6027537782986959,0.1,0.0,0.49999999999999983,"[0.0, 0.9999999999999997]",0.1,0.008522727272727272,"[0.0, 0.017045454545454544]",0.0,valid
0.5706190061028771,"[0.7301656495204882, 0.4110723626852659]",0.0,4.0,0.5451631805171138,0.0,[56],22.0,2.0,0.006738511086337141,"[0.0032206119162640524, 0.01025641025641023]",0.0,0.5451631805171138,0.1,0.0,0.2361111111111111,"[0.08333333333333331, 0.3888888888888889]",0.1,0.003419384803303089,"[0.0016420361247947454, 0.005196733481811433]",0.0,train
0.585,"[0.7533333333333333, 0.4166666666666667]",0.0,4.0,0.5960243344306946,0.0,[56],22.0,2.0,0.0056497175141242886,"[0.0, 0.011299435028248577]",0.0,0.5960243344306946,0.1,0.0,0.49999999999999944,"[0.0, 0.9999999999999989]",0.1,0.002840909090909091,"[0.0, 0.005681818181818182]",0.0,valid
0.5747602441150829,"[0.7306015693112468, 0.4189189189189189]",0.0,4.0,0.5399679658205613,0.0,[56],23.0,2.0,0.028120170768504066,"[0.015923566878980833, 0.0403167746580273]",0.0,0.5399679658205613,0.1,0.0,0.4649122807017544,"[0.2631578947368421, 0.6666666666666666]",0.1,0.01449855727560973,"[0.008210180623973728, 0.020786933927245732]",0.0,train
0.5816666666666667,"[0.75, 0.41333333333333333]",0.0,4.0,0.5945122838020325,0.0,[56],23.0,2.0,0.0,"[0.0, 0.0]",0.0,0.5945122838020325,0.1,0.0,0.0,"[0.0, 0.0]",0.1,0.0,"[0.0, 0.0]",0.0,valid
0.574106364428945,"[0.7297297297297297, 0.4184829991281604]",0.0,4.0,0.5444609211838763,0.0,[56],24.0,2.0,0.020757499176933696,"[0.009584664536741162, 0.031930333817126226]",0.0,0.5444609211838763,0.1,0.0,0.44307400379506645,"[0.17647058823529413, 0.7096774193548387]",0.1,0.010629349658610085,"[0.0049261083743842365, 0.016332590942835932]",0.0,train
0.5866666666666667,"[0.7533333333333333, 0.42]",0.0,4.0,0.5945411920547485,0.0,[56],24.0,2.0,0.016666666666666642,"[0.0, 0.033333333333333284]",0.0,0.5945411920547485,0.1,0.0,0.37499999999999994,"[0.0, 0.7499999999999999]",0.1,0.008522727272727272,"[0.0, 0.017045454545454544]",0.0,valid
0.5743243243243243,"[0.7310374891020053, 0.4176111595466434]",0.0,4.0,0.539932228948759,0.0,[56],25.0,2.0,0.020054886813419735,"[0.00963081861958262, 0.03047895500725685]",0.0,0.539932228948759,0.1,0.0,0.44585253456221197,"[0.21428571428571425, 0.6774193548387096]",0.1,0.010258154409909268,"[0.0049261083743842365, 0.015590200445434299]",0.0,train
0.585,"[0.7566666666666667, 0.41333333333333333]",0.0,4.0,0.5948014656702677,0.0,[56],25.0,2.0,0.0,"[0.0, 0.0]",0.0,0.5948014656702677,0.1,0.0,0.0,"[0.0, 0.0]",0.1,0.0,"[0.0, 0.0]",0.0,valid
0.5734524847428073,"[0.7314734088927637, 0.4154315605928509]",0.0,4.0,0.5392981521461321,0.0,[56],26.0,2.0,0.013452249110487962,"[0.006451612903225772, 0.020452885317750153]",0.0,0.5392981521461321,0.1,0.0,0.40909090909090906,"[0.1818181818181818, 0.6363636363636364]",0.1,0.006838769606606178,"[0.003284072249589491, 0.010393466963622866]",0.0,train
0.595,"[0.7566666666666667, 0.43333333333333335]",0.0,4.0,0.5957414905230204,0.0,[56],26.0,2.0,0.03804347826086952,"[0.0, 0.07608695652173904]",0.0,0.5957414905230204,0.1,0.0,0.4374999999999999,"[0.0, 0.8749999999999998]",0.1,0.019886363636363636,"[0.0, 0.03977272727272727]",0.0,valid
0.5712728857890148,"[0.7288578901482128, 0.41368788142981694]",0.0,4.0,0.5401840132215748,0.0,[56],27.0,2.0,0.01196041045794949,"[0.006389776357827423, 0.017531044558071557]",0.0,0.5401840132215748,0.1,0.0,0.3315508021390374,"[0.11764705882352941, 0.5454545454545454]",0.1,0.006096379109204545,"[0.003284072249589491, 0.008908685968819599]",0.0,train
0.585,"[0.7566666666666667, 0.41333333333333333]",0.0,4.0,0.6094044844309489,0.0,[56],27.0,2.0,0.0,"[0.0, 0.0]",0.0,0.6094044844309489,0.1,0.0,0.0,"[0.0, 0.0]",0.1,0.0,"[0.0, 0.0]",0.0,valid
0.574106364428945,"[0.7323452484742807, 0.41586748038360943]",0.0,4.0,0.5395143511502639,0.0,[56],28.0,2.0,0.017211344320796323,"[0.009677419354838675, 0.024745269286753968]",0.0,0.5395143511502639,0.1,0.0,0.4511784511784512,"[0.2727272727272727, 0.6296296296296297]",0.1,0.008773373415106001,"[0.0049261083743842365, 0.012620638455827766]",0.0,train
0.5916666666666667,"[0.7566666666666667, 0.4266666666666667]",0.0,4.0,0.6040950218836466,0.0,[56],28.0,2.0,0.022222222222222202,"[0.0, 0.044444444444444405]",0.0,0.6040950218836466,0.1,0.0,0.4999999999999999,"[0.0, 0.9999999999999998]",0.1,0.011363636363636364,"[0.0, 0.022727272727272728]",0.0,valid
0.5723626852659112,"[0.7310374891020053, 0.41368788142981694]",0.0,4.0,0.5376791668974835,0.0,[56],29.0,2.0,0.010381031164334632,"[0.0032310177705977064, 0.017531044558071557]",0.0,0.5376791668974835,0.1,0.0,0.3227272727272727,"[0.09999999999999998, 0.5454545454545454]",0.1,0.005275361046807172,"[0.0016420361247947454, 0.008908685968819599]",0.0,train
0.585,"[0.7566666666666667, 0.41333333333333333]",0.0,4.0,0.6073346535364786,0.0,[56],29.0,2.0,0.0,"[0.0, 0.0]",0.0,0.6073346535364786,0.1,0.0,0.0,"[0.0, 0.0]",0.1,0.0,"[0.0, 0.0]",0.0,valid
0.5721447253705318,"[0.7297297297297297, 0.4145597210113339]",0.0,4.0,0.5435403391070988,0.0,[56],30.0,2.0,0.011983474949824583,"[0.006410256410256363, 0.017556693489392802]",0.0,0.5435403391070988,0.1,0.0,0.36666666666666664,"[0.1333333333333333, 0.6]",0.1,0.006096379109204545,"[0.003284072249589491, 0.008908685968819599]",0.0,train
0.5916666666666667,"[0.7566666666666667, 0.4266666666666667]",0.0,4.0,0.6020102103551229,0.0,[56],30.0,2.0,0.022222222222222202,"[0.0, 0.044444444444444405]",0.0,0.6020102103551229,0.1,0.0,0.4999999999999999,"[0.0, 0.9999999999999998]",0.1,0.011363636363636364,"[0.0, 0.022727272727272728]",0.0,valid
0.5760680034873583,"[0.7314734088927637, 0.42066259808195294]",0.0,4.0,0.539575966803924,0.0,[56],31.0,2.0,0.02663599288442271,"[0.0032362459546925277, 0.050035739814152894]",0.0,0.539575966803924,0.1,0.0,0.3920940170940171,"[0.11111111111111109, 0.6730769230769231]",0.1,0.013812851766925956,"[0.0016420361247947454, 0.025983667409057165]",0.0,train
0.585,"[0.7566666666666667, 0.41333333333333333]",0.0,4.0,0.5961927970250448,0.0,[56],31.0,2.0,0.0,"[0.0, 0.0]",0.0,0.5961927970250448,0.1,0.0,0.0,"[0.0, 0.0]",0.1,0.0,"[0.0, 0.0]",0.0,valid
0.5749782040104621,"[0.7327811682650393, 0.41717523975588494]",0.0,4.0,0.5397359884303549,0.0,[56],32.0,2.0,0.01895453611575823,"[0.003252032520325184, 0.03465703971119128]",0.0,0.5397359884303549,0.1,0.0,0.3991228070175438,"[0.16666666666666663, 0.631578947368421]",0.1,0.009729704031216972,"[0.0016420361247947454, 0.017817371937639197]",0.0,train
0.5883333333333334,"[0.7533333333333333, 0.42333333333333334]",0.0,4.0,0.5797736843427023,0.0,[56],32.0,2.0,0.016759776536312828,"[0.0, 0.033519553072625656]",0.0,0.5797736843427023,0.1,0.0,0.49999999999999983,"[0.0, 0.9999999999999997]",0.1,0.008522727272727272,"[0.0, 0.017045454545454544]",0.0,valid
0.5712728857890148,"[0.7275501307759372, 0.4149956408020924]",0.0,4.0,0.539873146492502,0.0,[56],33.0,2.0,0.012210131524149166,"[0.012638230647709248, 0.011782032400589084]",0.0,0.539873146492502,0.1,0.0,0.4469696969696969,"[0.16666666666666666, 0.7272727272727272]",0.1,0.006253634239196023,"[0.006568144499178982, 0.005939123979213066]",0.0,train
0.5900000000000001,"[0.7566666666666667, 0.42333333333333334]",0.0,4.0,0.5936145782470703,0.0,[56],33.0,2.0,0.016759776536312828,"[0.0, 0.033519553072625656]",0.0,0.5936145782470703,0.1,0.0,0.49999999999999983,"[0.0, 0.9999999999999997]",0.1,0.008522727272727272,"[0.0, 0.017045454545454544]",0.0,valid
0.5725806451612904,"[0.7284219703574543, 0.4167393199651264]",0.0,4.0,0.5392152615215468,0.0,[56],34.0,2.0,0.01857761489259432,"[0.009538950715421242, 0.0276162790697674]",0.0,0.5392152615215468,0.1,0.0,0.4025862068965517,"[0.15, 0.6551724137931034]",0.1,0.009515763912507634,"[0.0049261083743842365, 0.014105419450631032]",0.0,train
0.5883333333333334,"[0.7533333333333333, 0.42333333333333334]",0.0,4.0,0.5925996700922648,0.0,[56],34.0,2.0,0.016759776536312828,"[0.0, 0.033519553072625656]",0.0,0.5925996700922648,0.1,0.0,0.49999999999999983,"[0.0, 0.9999999999999997]",0.1,0.008522727272727272,"[0.0, 0.017045454545454544]",0.0,valid
0.5710549258936356,"[0.7297297297297297, 0.41238012205754143]",0.0,4.0,0.5390940308570862,0.0,[56],35.0,2.0,0.008917658562268442,"[0.0032154340836012454, 0.01461988304093564]",0.0,0.5390940308570862,0.1,0.0,0.2765567765567765,"[0.07692307692307691, 0.47619047619047616]",0.1,0.004532970549405539,"[0.0016420361247947454, 0.007423904974016332]",0.0,train
0.5900000000000001,"[0.7566666666666667, 0.42333333333333334]",0.0,4.0,0.5875805219014486,0.0,[56],35.0,2.0,0.016759776536312828,"[0.0, 0.033519553072625656]",0.0,0.5875805219014486,0.1,0.0,0.49999999999999983,"[0.0, 0.9999999999999997]",0.1,0.008522727272727272,"[0.0, 0.017045454545454544]",0.0,valid
0.5745422842197035,"[0.7306015693112468, 0.4184829991281604]",0.0,4.0,0.540217866068301,0.0,[56],36.0,2.0,0.018279569892473077,"[0.0032258064516128685, 0.033333333333333284]",0.0,0.540217866068301,0.1,0.0,0.393939393939394,"[0.0909090909090909, 0.696969696969697]",0.1,0.009358508782516156,"[0.0016420361247947454, 0.017074981440237565]",0.0,train
0.5916666666666667,"[0.7566666666666667, 0.4266666666666667]",0.0,4.0,0.5958015124003092,0.0,[56],36.0,2.0,0.022222222222222202,"[0.0, 0.044444444444444405]",0.0,0.5958015124003092,0.1,0.0,0.4999999999999999,"[0.0, 0.9999999999999998]",0.1,0.011363636363636364,"[0.0, 0.022727272727272728]",0.0,valid
0.5734524847428073,"[0.7297297297297297, 0.41717523975588494]",0.0,4.0,0.541248698597369,0.0,[56],37.0,2.0,0.018610514086552378,"[0.009584664536741162, 0.027636363636363594]",0.0,0.541248698597369,0.1,0.0,0.4275210084033614,"[0.17647058823529413, 0.6785714285714286]",0.1,0.009515763912507634,"[0.0049261083743842365, 0.014105419450631032]",0.0,train
0.5883333333333334,"[0.7566666666666667, 0.42]",0.0,4.0,0.5863961776097616,0.0,[56],37.0,2.0,0.011235955056179761,"[0.0, 0.022471910112359522]",0.0,0.5863961776097616,0.1,0.0,0.4999999999999998,"[0.0, 0.9999999999999996]",0.1,0.005681818181818182,"[0.0, 0.011363636363636364]",0.0,valid
0.5719267654751525,"[0.7297297297297297, 0.4141238012205754]",0.0,4.0,0.5386364356331204,0.0,[56],38.0,2.0,0.016420239245114744,"[0.009584664536741162, 0.023255813953488327]",0.0,0.5386364356331204,0.1,0.0,0.3640973630831643,"[0.17647058823529413, 0.5517241379310345]",0.1,0.008402178166405185,"[0.0049261083743842365, 0.011878247958426132]",0.0,train
0.5866666666666667,"[0.7566666666666667, 0.4166666666666667]",0.0,4.0,0.5904092192649841,0.0,[56],38.0,2.0,0.0056497175141242886,"[0.0, 0.011299435028248577]",0.0,0.5904092192649841,0.1,0.0,0.49999999999999944,"[0.0, 0.9999999999999989]",0.1,0.002840909090909091,"[0.0, 0.005681818181818182]",0.0,valid
0.5765039232781168,"[0.7319093286835222, 0.4210985178727114]",0.0,4.0,0.5370593641115271,0.0,[56],39.0,2.0,0.029186218733994934,"[0.009661835748792232, 0.04871060171919764]",0.0,0.5370593641115271,0.1,0.0,0.4719387755102041,"[0.24999999999999997, 0.6938775510204082]",0.1,0.015083692643019885,"[0.0049261083743842365, 0.025241276911655532]",0.0,train
0.585,"[0.7566666666666667, 0.41333333333333333]",0.0,4.0,0.6033159693082174,0.0,[56],39.0,2.0,0.0,"[0.0, 0.0]",0.0,0.6033159693082174,0.1,0.0,0.0,"[0.0, 0.0]",0.1,0.0,"[0.0, 0.0]",0.0,valid
0.5727986050566696,"[0.7314734088927637, 0.4141238012205754]",0.0,4.0,0.5411412132822949,0.0,[56],40.0,2.0,0.01589930750514688,"[0.012820512820512773, 0.01897810218978099]",0.0,0.5411412132822949,0.1,0.0,0.4159420289855072,"[0.2666666666666666, 0.5652173913043478]",0.1,0.008109610482700107,"[0.006568144499178982, 0.009651076466221232]",0.0,train
0.5833333333333333,"[0.7533333333333333, 0.41333333333333333]",0.0,4.0,0.5804203152656555,0.0,[56],40.0,2.0,0.0,"[0.0, 0.0]",0.0,0.5804203152656555,0.1,0.0,0.0,"[0.0, 0.0]",0.1,0.0,"[0.0, 0.0]",0.0,valid
0.5717088055797733,"[0.7310374891020053, 0.41238012205754143]",0.0,4.0,0.5399445282376331,0.0,[56],41.0,2.0,0.011249808996556025,"[0.006441223832528143, 0.016058394160583907]",0.0,0.5399445282376331,0.1,0.0,0.322463768115942,"[0.16666666666666663, 0.4782608695652174]",0.1,0.005725183860503728,"[0.003284072249589491, 0.008166295471417966]",0.0,train
0.5966666666666667,"[0.7533333333333333, 0.44]",0.0,4.0,0.5675747990608215,0.0,[56],41.0,2.0,0.053191489361702066,"[0.0, 0.10638297872340413]",0.0,0.5675747990608215,0.1,0.0,0.41666666666666663,"[0.0, 0.8333333333333333]",0.1,0.028409090909090908,"[0.0, 0.056818181818181816]",0.0,valid
0.5756320836965998,"[0.7297297297297297, 0.42153443766346993]",0.0,4.0,0.5388209664303324,0.0,[56],42.0,2.0,0.0314231132226016,"[0.012738853503184655, 0.050107372942018544]",0.0,0.5388209664303324,0.1,0.0,0.4552631578947368,"[0.21052631578947367, 0.7]",0.1,0.016275905954118073,"[0.006568144499178982, 0.025983667409057165]",0.0,train
0.5983333333333334,"[0.7566666666666667, 0.44]",0.0,4.0,0.58441162109375,0.0,[56],42.0,2.0,0.043478260869565175,"[0.0, 0.08695652173913035]",0.0,0.58441162109375,0.1,0.0,0.4999999999999999,"[0.0, 0.9999999999999998]",0.1,0.022727272727272728,"[0.0, 0.045454545454545456]",0.0,valid
0.5745422842197035,"[0.7314734088927637, 0.4176111595466434]",0.0,4.0,0.5387227366799894,0.0,[56],43.0,2.0,0.021649733913884812,"[0.012820512820512773, 0.03047895500725685]",0.0,0.5387227366799894,0.1,0.0,0.4720430107526881,"[0.2666666666666666, 0.6774193548387096]",0.1,0.01107917247230664,"[0.006568144499178982, 0.015590200445434299]",0.0,train
0.5833333333333333,"[0.7533333333333333, 0.41333333333333333]",0.0,4.0,0.5779581864674886,0.0,[56],43.0,2.0,0.0,"[0.0, 0.0]",0.0,0.5779581864674886,0.1,0.0,0.0,"[0.0, 0.0]",0.1,0.0,"[0.0, 0.0]",0.0,valid
0.5760680034873583,"[0.7319093286835222, 0.4202266782911944]",0.0,4.0,0.5371576249599457,0.0,[56],44.0,2.0,0.02481375158354733,"[0.006462035541195444, 0.04316546762589922]",0.0,0.5371576249599457,0.1,0.0,0.44883720930232557,"[0.19999999999999996, 0.6976744186046512]",0.1,0.012777893585819244,"[0.003284072249589491, 0.022271714922048998]",0.0,train
0.5966666666666667,"[0.7566666666666667, 0.43666666666666665]",0.0,4.0,0.5807098746299744,0.0,[56],44.0,2.0,0.03825136612021854,"[0.0, 0.07650273224043708]",0.0,0.5807098746299744,0.1,0.0,0.49999999999999994,"[0.0, 0.9999999999999999]",0.1,0.019886363636363636,"[0.0, 0.03977272727272727]",0.0,valid
0.5719267654751525,"[0.7275501307759372, 0.4163034001743679]",0.0,4.0,0.540580329687699,0.0,[56],45.0,2.0,0.01925762139587582,"[0.009508716323296288, 0.029006526468455352]",0.0,0.540580329687699,0.1,0.0,0.3806818181818182,"[0.13636363636363635, 0.625]",0.1,0.00988695916120845,"[0.0049261083743842365, 0.014847809948032665]",0.0,train
0.5966666666666667,"[0.7566666666666667, 0.43666666666666665]",0.0,4.0,0.5694242318471273,0.0,[56],45.0,2.0,0.043243243243243204,"[0.0, 0.08648648648648641]",0.0,0.5694242318471273,0.1,0.0,0.44444444444444436,"[0.0, 0.8888888888888887]",0.1,0.022727272727272728,"[0.0, 0.045454545454545456]",0.0,valid
0.5762859633827375,"[0.7323452484742807, 0.4202266782911944]",0.0,4.0,0.539013402617496,0.0,[56],46.0,2.0,0.030751325964055165,"[0.012861736334405105, 0.048640915593705224]",0.0,0.539013402617496,0.1,0.0,0.4871794871794871,"[0.30769230769230765, 0.6666666666666666]",0.1,0.01590471070541726,"[0.006568144499178982, 0.025241276911655532]",0.0,train
0.5833333333333333,"[0.7533333333333333, 0.41333333333333333]",0.0,4.0,0.5875351627667745,0.0,[56],46.0,2.0,0.0,"[0.0, 0.0]",0.0,0.5875351627667745,0.1,0.0,0.0,"[0.0, 0.0]",0.1,0.0,"[0.0, 0.0]",0.0,valid
0.5743243243243243,"[0.7332170880557978, 0.4154315605928509]",0.0,4.0,0.5374094144157742,0.0,[56],47.0,2.0,0.014900067157896697,"[0.006493506493506471, 0.023306627822286922]",0.0,0.5374094144157742,0.1,0.0,0.45054945054945056,"[0.2857142857142857, 0.6153846153846154]",0.1,0.007581160104007811,"[0.003284072249589491, 0.011878247958426132]",0.0,train
0.5900000000000001,"[0.7566666666666667, 0.42333333333333334]",0.0,4.0,0.5873135526974996,0.0,[56],47.0,2.0,0.016759776536312828,"[0.0, 0.033519553072625656]",0.0,0.5873135526974996,0.1,0.0,0.49999999999999983,"[0.0, 0.9999999999999997]",0.1,0.008522727272727272,"[0.0, 0.017045454545454544]",0.0,valid
0.5754141238012206,"[0.7310374891020053, 0.4197907585004359]",0.0,4.0,0.5386793950329656,0.0,[56],48.0,2.0,0.01879971077368038,"[0.0, 0.03759942154736076]",0.0,0.5386793950329656,0.1,0.0,0.3611111111111111,"[0.0, 0.7222222222222222]",0.1,0.009651076466221232,"[0.0, 0.019302152932442463]",0.0,train
0.5883333333333334,"[0.7566666666666667, 0.42]",0.0,4.0,0.5762301087379456,0.0,[56],48.0,2.0,0.02197802197802195,"[0.0, 0.0439560439560439]",0.0,0.5762301087379456,0.1,0.0,0.33333333333333326,"[0.0, 0.6666666666666665]",0.1,0.011363636363636364,"[0.0, 0.022727272727272728]",0.0,valid
0.5754141238012206,"[0.7327811682650393, 0.41804707933740193]",0.0,4.0,0.5382625253304191,0.0,[56],49.0,2.0,0.02037151013182803,"[0.003252032520325184, 0.03749098774333087]",0.0,0.5382625253304191,0.1,0.0,0.4083333333333333,"[0.16666666666666663, 0.65]",0.1,0.010472094528618605,"[0.0016420361247947454, 0.019302152932442463]",0.0,train
0.5883333333333334,"[0.7566666666666667, 0.42]",0.0,4.0,0.5853034059206644,0.0,[56],49.0,2.0,0.011235955056179761,"[0.0, 0.022471910112359522]",0.0,0.5853034059206644,0.1,0.0,0.4999999999999998,"[0.0, 0.9999999999999996]",0.1,0.005681818181818182,"[0.0, 0.011363636363636364]",0.0,valid
0.5721447253705318,"[0.7310374891020053, 0.4132519616390584]",0.0,4.0,0.5399540014888929,0.0,[56],50.0,2.0,0.012856344982305914,"[0.00963081861958262, 0.016081871345029208]",0.0,0.5399540014888929,0.1,0.0,0.36904761904761907,"[0.21428571428571425, 0.5238095238095238]",0.1,0.006546201922901101,"[0.0049261083743842365, 0.008166295471417966]",0.0,train
0.58,"[0.75, 0.41]",0.0,4.0,0.5719666679700216,0.0,[56],50.0,2.0,0.0,"[0.0, 0.0]",0.0,0.5719666679700216,0.1,0.0,0.0,"[0.0, 0.0]",0.1,0.0,"[0.0, 0.0]",0.0,valid
0.5717088055797733,"[0.7297297297297297, 0.41368788142981694]",0.0,4.0,0.5404182607712953,0.0,[56],51.0,2.0,0.018975800718315138,"[0.01898734177215183, 0.01896425966447845]",0.0,0.5404182607712953,0.1,0.0,0.40126811594202894,"[0.2608695652173913, 0.5416666666666666]",0.1,0.009751646607494852,"[0.009852216748768473, 0.009651076466221232]",0.0,train
0.5816666666666667,"[0.75, 0.41333333333333333]",0.0,4.0,0.572452704111735,0.0,[56],51.0,2.0,0.0,"[0.0, 0.0]",0.0,0.572452704111735,0.1,0.0,0.0,"[0.0, 0.0]",0.1,0.0,"[0.0, 0.0]",0.0,valid
0.5710549258936355,"[0.7292938099389712, 0.4128160418482999]",0.0,4.0,0.5419812539349431,0.0,[56],52.0,2.0,0.010043898855724211,"[0.01271860095389501, 0.007369196757553411]",0.0,0.5419812539349431,0.1,0.0,0.35,"[0.2, 0.4999999999999999]",0.1,0.005140048493093574,"[0.006568144499178982, 0.003711952487008166]",0.0,train
0.5883333333333334,"[0.7566666666666667, 0.42]",0.0,4.0,0.5846801996231079,0.0,[56],52.0,2.0,0.011235955056179761,"[0.0, 0.022471910112359522]",0.0,0.5846801996231079,0.1,0.0,0.4999999999999998,"[0.0, 0.9999999999999996]",0.1,0.005681818181818182,"[0.0, 0.011363636363636364]",0.0,valid
0.5736704446381866,"[0.7336530078465562, 0.41368788142981694]",0.0,4.0,0.5387519209281258,0.0,[56],53.0,2.0,0.013448682192575723,"[0.006504065040650387, 0.020393299344501056]",0.0,0.5387519209281258,0.1,0.0,0.43589743589743585,"[0.33333333333333326, 0.5384615384615384]",0.1,0.006838769606606178,"[0.003284072249589491, 0.010393466963622866]",0.0,train
0.5866666666666667,"[0.7566666666666667, 0.4166666666666667]",0.0,4.0,0.5729694366455078,0.0,[56],53.0,2.0,0.0056497175141242886,"[0.0, 0.011299435028248577]",0.0,0.5729694366455078,0.1,0.0,0.49999999999999944,"[0.0, 0.9999999999999989]",0.1,0.002840909090909091,"[0.0, 0.005681818181818182]",0.0,valid
0.5721447253705318,"[0.7306015693112468, 0.41368788142981694]",0.0,4.0,0.540496773045996,0.0,[56],54.0,2.0,0.01854594248845871,"[0.009615384615384569, 0.02747650036153285]",0.0,0.540496773045996,0.1,0.0,0.3638888888888889,"[0.19999999999999998, 0.5277777777777778]",0.1,0.009515763912507634,"[0.0049261083743842365, 0.014105419450631032]",0.0,train
0.585,"[0.7566666666666667, 0.41333333333333333]",0.0,4.0,0.5735198458035787,0.0,[56],54.0,2.0,0.0,"[0.0, 0.0]",0.0,0.5735198458035787,0.1,0.0,0.0,"[0.0, 0.0]",0.1,0.0,"[0.0, 0.0]",0.0,valid
0.5712728857890148,"[0.7297297297297297, 0.4128160418482999]",0.0,4.0,0.538652628660202,0.0,[56],55.0,2.0,0.008035062089116127,"[0.0, 0.016070124178232253]",0.0,0.538652628660202,0.1,0.0,0.25,"[0.0, 0.5]",0.1,0.004083147735708983,"[0.0, 0.008166295471417966]",0.0,train
0.585,"[0.7566666666666667, 0.41333333333333333]",0.0,4.0,0.58751380443573,0.0,[56],55.0,2.0,0.0,"[0.0, 0.0]",0.0,0.58751380443573,0.1,0.0,0.0,"[0.0, 0.0]",0.1,0.0,"[0.0, 0.0]",0.0,valid
0.5736704446381866,"[0.7327811682650393, 0.4145597210113339]",0.0,4.0,0.5386545684026636,0.0,[56],56.0,2.0,0.012737473554854927,"[0.006482982171799001, 0.018991964937910853]",0.0,0.5386545684026636,0.1,0.0,0.4204545454545454,"[0.24999999999999994, 0.5909090909090909]",0.1,0.006467574357905361,"[0.003284072249589491, 0.009651076466221232]",0.0,train
0.5833333333333333,"[0.7533333333333333, 0.41333333333333333]",0.0,4.0,0.5720119078954061,0.0,[56],56.0,2.0,0.0,"[0.0, 0.0]",0.0,0.5720119078954061,0.1,0.0,0.0,"[0.0, 0.0]",0.1,0.0,"[0.0, 0.0]",0.0,valid
0.572362685265911,"[0.7297297297297297, 0.4149956408020924]",0.0,4.0,0.5385411381721497,0.0,[56],57.0,2.0,0.012134476174391128,"[0.009584664536741162, 0.014684287812041095]",0.0,0.5385411381721497,0.1,0.0,0.4215686274509804,"[0.17647058823529413, 0.6666666666666666]",0.1,0.006175006674200284,"[0.0049261083743842365, 0.007423904974016332]",0.0,train
0.595,"[0.7566666666666667, 0.43333333333333335]",0.0,4.0,0.5971222519874573,0.0,[56],57.0,2.0,0.03804347826086952,"[0.0, 0.07608695652173904]",0.0,0.5971222519874573,0.1,0.0,0.4374999999999999,"[0.0, 0.8749999999999998]",0.1,0.019886363636363636,"[0.0, 0.03977272727272727]",0.0,valid
0.5717088055797733,"[0.7314734088927637, 0.4119442022667829]",0.0,4.0,0.5377072044040846,0.0,[56],58.0,2.0,0.007478928838152111,"[0.0032362459546925277, 0.011721611721611696]",0.0,0.5377072044040846,0.1,0.0,0.27777777777777773,"[0.11111111111111109, 0.4444444444444444]",0.1,0.0037905800520039055,"[0.0016420361247947454, 0.005939123979213066]",0.0,train
0.5866666666666667,"[0.7566666666666667, 0.4166666666666667]",0.0,4.0,0.5653209090232849,0.0,[56],58.0,2.0,0.0056497175141242886,"[0.0, 0.011299435028248577]",0.0,0.5653209090232849,0.1,0.0,0.49999999999999944,"[0.0, 0.9999999999999989]",0.1,0.002840909090909091,"[0.0, 0.005681818181818182]",0.0,valid
0.5749782040104621,"[0.7336530078465562, 0.4163034001743679]",0.0,4.0,0.5387894135454426,0.0,[56],59.0,2.0,0.015206372194062252,"[0.0, 0.030412744388124503]",0.0,0.5387894135454426,0.1,0.0,0.3088235294117647,"[0.0, 0.6176470588235294]",0.1,0.0077951002227171495,"[0.0, 0.015590200445434299]",0.0,train
0.5883333333333334,"[0.7566666666666667, 0.42]",0.0,4.0,0.5614344080289205,0.0,[56],59.0,2.0,0.016666666666666642,"[0.0, 0.033333333333333284]",0.0,0.5614344080289205,0.1,0.0,0.37499999999999994,"[0.0, 0.7499999999999999]",0.1,0.008522727272727272,"[0.0, 0.017045454545454544]",0.0,valid
0.5734524847428073,"[0.7340889276373147, 0.4128160418482999]",0.0,4.0,0.5381960052510967,0.0,[56],60.0,2.0,0.028580777002204207,"[0.04687499999999991, 0.010286554004408503]",0.0,0.5381960052510967,0.1,0.0,0.49193548387096775,"[0.4838709677419355, 0.49999999999999994]",0.1,0.014913637676866308,"[0.024630541871921183, 0.005196733481811433]",0.0,train
0.59,"[0.7533333333333333, 0.4266666666666667]",0.0,4.0,0.5808218717575073,0.0,[56],60.0,2.0,0.022222222222222202,"[0.0, 0.044444444444444405]",0.0,0.5808218717575073,0.1,0.0,0.4999999999999999,"[0.0, 0.9999999999999998]",0.1,0.011363636363636364,"[0.0, 0.022727272727272728]",0.0,valid
0.5769398430688754,"[0.7297297297297297, 0.42414995640802095]",0.0,4.0,0.5392488396686056,0.0,[56],61.0,2.0,0.028551034975017806,"[0.0, 0.05710206995003561]",0.0,0.5392488396686056,0.1,0.0,0.37037037037037035,"[0.0, 0.7407407407407407]",0.1,0.014847809948032665,"[0.0, 0.02969561989606533]",0.0,train
0.5883333333333334,"[0.7566666666666667, 0.42]",0.0,4.0,0.5766028165817261,0.0,[56],61.0,2.0,0.011235955056179761,"[0.0, 0.022471910112359522]",0.0,0.5766028165817261,0.1,0.0,0.4999999999999998,"[0.0, 0.9999999999999996]",0.1,0.005681818181818182,"[0.0, 0.011363636363636364]",0.0,valid
0.5727986050566696,"[0.7301656495204882, 0.4154315605928509]",0.0,4.0,0.5408683017544125,0.0,[56],62.0,2.0,0.01486358678433766,"[0.0064205457463884, 0.023306627822286922]",0.0,0.5408683017544125,0.1,0.0,0.3791208791208791,"[0.14285714285714285, 0.6153846153846154]",0.1,0.007581160104007811,"[0.003284072249589491, 0.011878247958426132]",0.0,train
0.585,"[0.7566666666666667, 0.41333333333333333]",0.0,4.0,0.5701986948649088,0.0,[56],62.0,2.0,0.0,"[0.0, 0.0]",0.0,0.5701986948649088,0.1,0.0,0.0,"[0.0, 0.0]",0.1,0.0,"[0.0, 0.0]",0.0,valid
0.5725806451612904,"[0.7306015693112468, 0.4145597210113339]",0.0,4.0,0.5394732667052228,0.0,[56],63.0,2.0,0.013726533511165661,"[0.0127795527156549, 0.014673514306676424]",0.0,0.5394732667052228,0.1,0.0,0.43014705882352944,"[0.23529411764705882, 0.625]",0.1,0.006996024736597657,"[0.006568144499178982, 0.007423904974016332]",0.0,train
0.5883333333333334,"[0.7566666666666667, 0.42]",0.0,4.0,0.582316001256307,0.0,[56],63.0,2.0,0.011235955056179761,"[0.0, 0.022471910112359522]",0.0,0.582316001256307,0.1,0.0,0.4999999999999998,"[0.0, 0.9999999999999996]",0.1,0.005681818181818182,"[0.0, 0.011363636363636364]",0.0,valid
0.5717088055797733,"[0.7306015693112468, 0.4128160418482999]",0.0,4.0,0.5406625348588695,0.0,[56],64.0,2.0,0.008206309819213015,"[0.0032258064516128685, 0.01318681318681316]",0.0,0.5406625348588695,0.1,0.0,0.29545454545454547,"[0.0909090909090909, 0.5]",0.1,0.004161775300704723,"[0.0016420361247947454, 0.0066815144766146995]",0.0,train
0.5883333333333334,"[0.7533333333333333, 0.42333333333333334]",0.0,4.0,0.5595593253771464,0.0,[56],64.0,2.0,0.016759776536312828,"[0.0, 0.033519553072625656]",0.0,0.5595593253771464,0.1,0.0,0.49999999999999983,"[0.0, 0.9999999999999997]",0.1,0.008522727272727272,"[0.0, 0.017045454545454544]",0.0,valid
0.5727986050566696,"[0.7327811682650393, 0.4128160418482999]",0.0,4.0,0.5383466261884441,0.0,[56],65.0,2.0,0.0077985561761917885,"[0.009693053311793183, 0.005904059040590394]",0.0,0.5383466261884441,0.1,0.0,0.3999999999999999,"[0.29999999999999993, 0.4999999999999999]",0.1,0.003947835181995384,"[0.0049261083743842365, 0.002969561989606533]",0.0,train
0.5833333333333334,"[0.75, 0.4166666666666667]",0.0,4.0,0.556967427333196,0.0,[56],65.0,2.0,0.0056497175141242886,"[0.0, 0.011299435028248577]",0.0,0.556967427333196,0.1,0.0,0.49999999999999944,"[0.0, 0.9999999999999989]",0.1,0.002840909090909091,"[0.0, 0.005681818181818182]",0.0,valid
0.5719267654751525,"[0.7288578901482128, 0.4149956408020924]",0.0,4.0,0.539140513409739,0.0,[56],66.0,2.0,0.01656818445139608,"[0.012698412698412632, 0.02043795620437953]",0.0,0.539140513409739,0.1,0.0,0.3995859213250518,"[0.19047619047619047, 0.6086956521739131]",0.1,0.008480805731400923,"[0.006568144499178982, 0.010393466963622866]",0.0,train
0.6033333333333334,"[0.7566666666666667, 0.45]",0.0,4.0,0.5670522054036459,0.0,[56],66.0,2.0,0.06349206349206342,"[0.0, 0.12698412698412684]",0.0,0.5670522054036459,0.1,0.0,0.46153846153846145,"[0.0, 0.9230769230769229]",0.1,0.03409090909090909,"[0.0, 0.06818181818181818]",0.0,valid
0.5745422842197035,"[0.7323452484742807, 0.4167393199651264]",0.0,4.0,0.5376683875270512,0.0,[56],67.0,2.0,0.018705035971222993,"[0.0, 0.037410071942445985]",0.0,0.5376683875270512,0.1,0.0,0.3023255813953488,"[0.0, 0.6046511627906976]",0.1,0.009651076466221232,"[0.0, 0.019302152932442463]",0.0,train
0.585,"[0.7533333333333333, 0.4166666666666667]",0.0,4.0,0.5660955508550009,0.0,[56],67.0,2.0,0.0056497175141242886,"[0.0, 0.011299435028248577]",0.0,0.5660955508550009,0.1,0.0,0.49999999999999944,"[0.0, 0.9999999999999989]",0.1,0.002840909090909091,"[0.0, 0.005681818181818182]",0.0,valid
0.5754141238012206,"[0.7323452484742807, 0.4184829991281604]",0.0,4.0,0.5374724061592765,0.0,[56],68.0,2.0,0.01547177312483432,"[0.0032467532467532244, 0.027696793002915415]",0.0,0.5374724061592765,0.1,0.0,0.4514285714285714,"[0.14285714285714285, 0.76]",0.1,0.007873727787712888,"[0.0016420361247947454, 0.014105419450631032]",0.0,train
0.5966666666666667,"[0.7566666666666667, 0.43666666666666665]",0.0,4.0,0.565190593401591,0.0,[56],68.0,2.0,0.05291005291005285,"[0.0, 0.1058201058201057]",0.0,0.565190593401591,0.1,0.0,0.3846153846153846,"[0.0, 0.7692307692307692]",0.1,0.028409090909090908,"[0.0, 0.056818181818181816]",0.0,valid
0.5719267654751525,"[0.7327811682650393, 0.4110723626852659]",0.0,4.0,0.5389601743739584,0.0,[56],69.0,2.0,0.007293946024799399,"[0.0, 0.014587892049598797]",0.0,0.5389601743739584,0.1,0.0,0.20833333333333334,"[0.0, 0.4166666666666667]",0.1,0.003711952487008166,"[0.0, 0.007423904974016332]",0.0,train
0.585,"[0.7566666666666667, 0.41333333333333333]",0.0,4.0,0.5719882249832153,0.0,[56],69.0,2.0,0.0,"[0.0, 0.0]",0.0,0.5719882249832153,0.1,0.0,0.0,"[0.0, 0.0]",0.1,0.0,"[0.0, 0.0]",0.0,valid
0.5756320836965998,"[0.7314734088927637, 0.4197907585004359]",0.0,4.0,0.5374408649361652,0.0,[56],70.0,2.0,0.02547993423337883,"[0.006451612903225772, 0.044508255563531884]",0.0,0.5374408649361652,0.1,0.0,0.4278656126482213,"[0.1818181818181818, 0.6739130434782609]",0.1,0.01314908883452006,"[0.003284072249589491, 0.02301410541945063]",0.0,train
0.585,"[0.7566666666666667, 0.41333333333333333]",0.0,4.0,0.584369421005249,0.0,[56],70.0,2.0,0.0,"[0.0, 0.0]",0.0,0.584369421005249,0.1,0.0,0.0,"[0.0, 0.0]",0.1,0.0,"[0.0, 0.0]",0.0,valid
0.5756320836965998,"[0.7332170880557978, 0.41804707933740193]",0.0,4.0,0.5390858857528024,0.0,[56],71.0,2.0,0.015250544662309348,"[0.0, 0.030501089324618695]",0.0,0.5390858857528024,0.1,0.0,0.35,"[0.0, 0.7]",0.1,0.0077951002227171495,"[0.0, 0.015590200445434299]",0.0,train
0.5983333333333334,"[0.7566666666666667, 0.44]",0.0,4.0,0.5628373821576437,0.0,[56],71.0,2.0,0.05789473684210519,"[0.0, 0.11578947368421039]",0.0,0.5628373821576437,0.1,0.0,0.3928571428571428,"[0.0, 0.7857142857142856]",0.1,0.03125,"[0.0, 0.0625]",0.0,valid
0.5756320836965998,"[0.7319093286835222, 0.41935483870967744]",0.0,4.0,0.5372669048931288,0.0,[56],72.0,2.0,0.031301686497482335,"[0.022257551669316315, 0.04034582132564836]",0.0,0.5372669048931288,0.1,0.0,0.5164634146341464,"[0.35, 0.6829268292682927]",0.1,0.016140593400404475,"[0.011494252873563218, 0.020786933927245732]",0.0,train
0.5883333333333334,"[0.7566666666666667, 0.42]",0.0,4.0,0.5794492562611898,0.0,[56],72.0,2.0,0.016666666666666642,"[0.0, 0.033333333333333284]",0.0,0.5794492562611898,0.1,0.0,0.37499999999999994,"[0.0, 0.7499999999999999]",0.1,0.008522727272727272,"[0.0, 0.017045454545454544]",0.0,valid
0.5743243243243243,"[0.7319093286835222, 0.4167393199651264]",0.0,4.0,0.5378837585449219,0.0,[56],73.0,2.0,0.02077363896848134,"[0.0, 0.04154727793696268]",0.0,0.5378837585449219,0.1,0.0,0.29591836734693877,"[0.0, 0.5918367346938775]",0.1,0.010764662212323682,"[0.0, 0.021529324424647365]",0.0,train
0.585,"[0.7566666666666667, 0.41333333333333333]",0.0,4.0,0.5721553762753805,0.0,[56],73.0,2.0,0.0,"[0.0, 0.0]",0.0,0.5721553762753805,0.1,0.0,0.0,"[0.0, 0.0]",0.1,0.0,"[0.0, 0.0]",0.0,valid
0.5784655623365301,"[0.7353966870095903, 0.42153443766346993]",0.0,4.0,0.5363108256588811,0.0,[56],74.0,2.0,0.03877275985663077,"[0.02879999999999995, 0.04874551971326158]",0.0,0.5363108256588811,0.1,0.0,0.6354166666666667,"[0.5625, 0.7083333333333334]",0.1,0.02000980101740412,"[0.014778325123152709, 0.025241276911655532]",0.0,train
0.5916666666666667,"[0.7566666666666667, 0.4266666666666667]",0.0,4.0,0.5804620981216431,0.0,[56],74.0,2.0,0.022222222222222202,"[0.0, 0.044444444444444405]",0.0,0.5804620981216431,0.1,0.0,0.4999999999999999,"[0.0, 0.9999999999999998]",0.1,0.011363636363636364,"[0.0, 0.022727272727272728]",0.0,valid
0.5732345248474281,"[0.7332170880557978, 0.4132519616390584]",0.0,4.0,0.5374698483425638,0.0,[56],75.0,2.0,0.007502379619930434,"[0.0032573289902279967, 0.011747430249632871]",0.0,0.5374698483425638,0.1,0.0,0.3666666666666666,"[0.19999999999999996, 0.5333333333333332]",0.1,0.0037905800520039055,"[0.0016420361247947454, 0.005939123979213066]",0.0,train
0.5883333333333334,"[0.7566666666666667, 0.42]",0.0,4.0,0.5618541538715363,0.0,[56],75.0,2.0,0.011235955056179761,"[0.0, 0.022471910112359522]",0.0,0.5618541538715363,0.1,0.0,0.4999999999999998,"[0.0, 0.9999999999999996]",0.1,0.005681818181818182,"[0.0, 0.011363636363636364]",0.0,valid
0.5725806451612903,"[0.7314734088927637, 0.41368788142981694]",0.0,4.0,0.5392112317292587,0.0,[56],76.0,2.0,0.02312781165132178,"[0.015974440894568637, 0.030281182408074925]",0.0,0.5392112317292587,0.1,0.0,0.40955882352941175,"[0.29411764705882354, 0.525]",0.1,0.011900190534704013,"[0.008210180623973728, 0.015590200445434299]",0.0,train
0.585,"[0.7566666666666667, 0.41333333333333333]",0.0,4.0,0.57708607117335,0.0,[56],76.0,2.0,0.0,"[0.0, 0.0]",0.0,0.57708607117335,0.1,0.0,0.0,"[0.0, 0.0]",0.1,0.0,"[0.0, 0.0]",0.0,valid
0.5758500435919791,"[0.7345248474280732, 0.41717523975588494]",0.0,4.0,0.5364427514698195,0.0,[56],77.0,2.0,0.019592960321835412,"[0.012965964343598028, 0.026219956300072796]",0.0,0.5364427514698195,0.1,0.0,0.596153846153846,"[0.4999999999999999, 0.6923076923076923]",0.1,0.00996558672620419,"[0.006568144499178982, 0.013363028953229399]",0.0,train
0.5866666666666667,"[0.7533333333333333, 0.42]",0.0,4.0,0.5510587493578593,0.0,[56],77.0,2.0,0.02197802197802195,"[0.0, 0.0439560439560439]",0.0,0.5510587493578593,0.1,0.0,0.33333333333333326,"[0.0, 0.6666666666666665]",0.1,0.011363636363636364,"[0.0, 0.022727272727272728]",0.0,valid
0.5769398430688752,"[0.7336530078465562, 0.4202266782911944]",0.0,4.0,0.5365799561790798,0.0,[56],78.0,2.0,0.027817760301733017,"[0.009724473257698516, 0.045911047345767515]",0.0,0.5365799561790798,0.1,0.0,0.5279255319148936,"[0.37499999999999994, 0.6808510638297872]",0.1,0.01434130214561825,"[0.0049261083743842365, 0.023756495916852263]",0.0,train
0.5816666666666667,"[0.75, 0.41333333333333333]",0.0,4.0,0.5584673682848612,0.0,[56],78.0,2.0,0.0,"[0.0, 0.0]",0.0,0.5584673682848612,0.1,0.0,0.0,"[0.0, 0.0]",0.1,0.0,"[0.0, 0.0]",0.0,valid
0.572362685265911,"[0.7319093286835222, 0.4128160418482999]",0.0,4.0,0.537169477213984,0.0,[56],79.0,2.0,0.007490151265620312,"[0.003241491085899488, 0.011738811445341136]",0.0,0.537169477213984,0.1,0.0,0.3125,"[0.12499999999999997, 0.5]",0.1,0.0037905800520039055,"[0.0016420361247947454, 0.005939123979213066]",0.0,train
0.585,"[0.7566666666666667, 0.41333333333333333]",0.0,4.0,0.5677200555801392,0.0,[56],79.0,2.0,0.005617977528089876,"[0.0, 0.011235955056179752]",0.0,0.5677200555801392,0.1,0.0,0.2499999999999999,"[0.0, 0.4999999999999998]",0.1,0.002840909090909091,"[0.0, 0.005681818181818182]",0.0,valid
0.5758500435919791,"[0.7327811682650393, 0.4189189189189189]",0.0,4.0,0.5355477164620939,0.0,[56],80.0,2.0,0.016192658649091925,"[0.003252032520325184, 0.029133284777858665]",0.0,0.5355477164620939,0.1,0.0,0.46794871794871795,"[0.16666666666666663, 0.7692307692307693]",0.1,0.008244923036413705,"[0.0016420361247947454, 0.014847809948032665]",0.0,train
0.5966666666666667,"[0.7566666666666667, 0.43666666666666665]",0.0,4.0,0.5762854615847269,0.0,[56],80.0,2.0,0.04812834224598925,"[0.0, 0.0962566844919785]",0.0,0.5762854615847269,0.1,0.0,0.409090909090909,"[0.0, 0.818181818181818]",0.1,0.02556818181818182,"[0.0, 0.05113636363636364]",0.0,valid
0.5760680034873583,"[0.7332170880557978, 0.4189189189189189]",0.0,4.0,0.5369803892529529,0.0,[56],81.0,2.0,0.01807664497469267,"[0.0, 0.03615328994938534]",0.0,0.5369803892529529,0.1,0.0,0.3472222222222222,"[0.0, 0.6944444444444444]",0.1,0.009279881217520415,"[0.0, 0.01855976243504083]",0.0,train
0.5900000000000001,"[0.7566666666666667, 0.42333333333333334]",0.0,4.0,0.5643357634544373,0.0,[56],81.0,2.0,0.016759776536312828,"[0.0, 0.033519553072625656]",0.0,0.5643357634544373,0.1,0.0,0.49999999999999983,"[0.0, 0.9999999999999997]",0.1,0.008522727272727272,"[0.0, 0.017045454545454544]",0.0,valid
0.5758500435919791,"[0.7336530078465562, 0.41804707933740193]",0.0,4.0,0.5360001027584076,0.0,[56],82.0,2.0,0.013129102844638934,"[0.0, 0.026258205689277867]",0.0,0.5360001027584076,0.1,0.0,0.375,"[0.0, 0.75]",0.1,0.0066815144766146995,"[0.0, 0.013363028953229399]",0.0,train
0.585,"[0.7566666666666667, 0.41333333333333333]",0.0,4.0,0.5640985171000162,0.0,[56],82.0,2.0,0.0,"[0.0, 0.0]",0.0,0.5640985171000162,0.1,0.0,0.0,"[0.0, 0.0]",0.1,0.0,"[0.0, 0.0]",0.0,valid
0.5732345248474281,"[0.7319093286835222, 0.4145597210113339]",0.0,4.0,0.5369434952735901,0.0,[56],83.0,2.0,0.010567774923935933,"[0.006462035541195444, 0.014673514306676424]",0.0,0.5369434952735901,0.1,0.0,0.4125,"[0.19999999999999996, 0.625]",0.1,0.005353988611802912,"[0.003284072249589491, 0.007423904974016332]",0.0,train
0.5900000000000001,"[0.7566666666666667, 0.42333333333333334]",0.0,4.0,0.5602771242459615,0.0,[56],83.0,2.0,0.016759776536312828,"[0.0, 0.033519553072625656]",0.0,0.5602771242459615,0.1,0.0,0.49999999999999983,"[0.0, 0.9999999999999997]",0.1,0.008522727272727272,"[0.0, 0.017045454545454544]",0.0,valid
0.5725806451612903,"[0.7323452484742807, 0.4128160418482999]",0.0,4.0,0.5386470167533212,0.0,[56],84.0,2.0,0.002952029520295197,"[0.0, 0.005904059040590394]",0.0,0.5386470167533212,0.1,0.0,0.24999999999999994,"[0.0, 0.4999999999999999]",0.1,0.0014847809948032665,"[0.0, 0.002969561989606533]",0.0,train
0.585,"[0.7566666666666667, 0.41333333333333333]",0.0,4.0,0.5630713899930319,0.0,[56],84.0,2.0,0.0,"[0.0, 0.0]",0.0,0.5630713899930319,0.1,0.0,0.0,"[0.0, 0.0]",0.1,0.0,"[0.0, 0.0]",0.0,valid
0.5734524847428073,"[0.7301656495204882, 0.4167393199651264]",0.0,4.0,0.538111423668654,0.0,[56],85.0,2.0,0.01719067055393582,"[0.00959999999999995, 0.024781341107871686]",0.0,0.538111423668654,0.1,0.0,0.43375,"[0.1875, 0.68]",0.1,0.008773373415106001,"[0.0049261083743842365, 0.012620638455827766]",0.0,train
0.585,"[0.7566666666666667, 0.41333333333333333]",0.0,4.0,0.5900454918543497,0.0,[56],85.0,2.0,0.0,"[0.0, 0.0]",0.0,0.5900454918543497,0.1,0.0,0.0,"[0.0, 0.0]",0.1,0.0,"[0.0, 0.0]",0.0,valid
0.5762859633827375,"[0.7327811682650393, 0.4197907585004359]",0.0,4.0,0.5402195142663043,0.0,[56],86.0,2.0,0.02430307362401712,"[0.0, 0.04860614724803424]",0.0,0.5402195142663043,0.1,0.0,0.3269230769230769,"[0.0, 0.6538461538461539]",0.1,0.012620638455827766,"[0.0, 0.025241276911655532]",0.0,train
0.5883333333333334,"[0.7566666666666667, 0.42]",0.0,4.0,0.5731570720672607,0.0,[56],86.0,2.0,0.011235955056179761,"[0.0, 0.022471910112359522]",0.0,0.5731570720672607,0.1,0.0,0.4999999999999998,"[0.0, 0.9999999999999996]",0.1,0.005681818181818182,"[0.0, 0.011363636363636364]",0.0,valid
0.5732345248474281,"[0.7327811682650393, 0.41368788142981694]",0.0,4.0,0.5373064175896023,0.0,[56],87.0,2.0,0.013953790009256116,"[0.003252032520325184, 0.024655547498187047]",0.0,0.5373064175896023,0.1,0.0,0.3489583333333333,"[0.16666666666666663, 0.53125]",0.1,0.007131337290311256,"[0.0016420361247947454, 0.012620638455827766]",0.0,train
0.585,"[0.7566666666666667, 0.41333333333333333]",0.0,4.0,0.5786322553952535,0.0,[56],87.0,2.0,0.0,"[0.0, 0.0]",0.0,0.5786322553952535,0.1,0.0,0.0,"[0.0, 0.0]",0.1,0.0,"[0.0, 0.0]",0.0,valid
0.5690932868352223,"[0.7223190932868352, 0.41586748038360943]",0.0,4.0,0.5405629031036211,0.0,[56],88.0,2.0,0.039828074040475926,"[0.05067064083457509, 0.02898550724637676]",0.0,0.5405629031036211,0.1,0.0,0.4401270772238514,"[0.27419354838709675, 0.6060606060606061]",0.1,0.02138121203477167,"[0.027914614121510674, 0.014847809948032665]",0.0,train
0.5866666666666667,"[0.7533333333333333, 0.42]",0.0,4.0,0.5572997728983561,0.0,[56],88.0,2.0,0.011235955056179761,"[0.0, 0.022471910112359522]",0.0,0.5572997728983561,0.1,0.0,0.4999999999999998,"[0.0, 0.9999999999999996]",0.1,0.005681818181818182,"[0.0, 0.011363636363636364]",0.0,valid
0.5717088055797733,"[0.7323452484742807, 0.4110723626852659]",0.0,4.0,0.5389477364394976,0.0,[56],89.0,2.0,0.003975344254766447,"[0.006472491909385084, 0.0014781966001478108]",0.0,0.5389477364394976,0.1,0.0,0.19444444444444442,"[0.22222222222222218, 0.16666666666666663]",0.1,0.002013231373495562,"[0.003284072249589491, 0.0007423904974016332]",0.0,train
0.585,"[0.7566666666666667, 0.41333333333333333]",0.0,4.0,0.5791770815849304,0.0,[56],89.0,2.0,0.0,"[0.0, 0.0]",0.0,0.5791770815849304,0.1,0.0,0.0,"[0.0, 0.0]",0.1,0.0,"[0.0, 0.0]",0.0,valid
0.5721447253705318,"[0.7306015693112468, 0.41368788142981694]",0.0,4.0,0.5408970402634662,0.0,[56],90.0,2.0,0.009093464943263269,"[0.0064308681672025315, 0.011756061719324007]",0.0,0.5408970402634662,0.1,0.0,0.3626373626373626,"[0.15384615384615383, 0.5714285714285714]",0.1,0.004611598114401278,"[0.003284072249589491, 0.005939123979213066]",0.0,train
0.585,"[0.7566666666666667, 0.41333333333333333]",0.0,4.0,0.5782517592112223,0.0,[56],90.0,2.0,0.0,"[0.0, 0.0]",0.0,0.5782517592112223,0.1,0.0,0.0,"[0.0, 0.0]",0.1,0.0,"[0.0, 0.0]",0.0,valid
0.5732345248474281,"[0.7332170880557978, 0.4132519616390584]",0.0,4.0,0.5371218725391056,0.0,[56],91.0,2.0,0.006775723318643402,"[0.0032573289902279967, 0.010294117647058806]",0.0,0.5371218725391056,0.1,0.0,0.3692307692307692,"[0.19999999999999996, 0.5384615384615384]",0.1,0.003419384803303089,"[0.0016420361247947454, 0.005196733481811433]",0.0,train
0.585,"[0.7566666666666667, 0.41333333333333333]",0.0,4.0,0.5631714661916097,0.0,[56],91.0,2.0,0.0,"[0.0, 0.0]",0.0,0.5631714661916097,0.1,0.0,0.0,"[0.0, 0.0]",0.1,0.0,"[0.0, 0.0]",0.0,valid
0.574106364428945,"[0.7349607672188317, 0.4132519616390584]",0.0,4.0,0.536235687525376,0.0,[56],92.0,2.0,0.010759708610158448,"[0.009771986970684023, 0.011747430249632871]",0.0,0.536235687525376,0.1,0.0,0.5666666666666665,"[0.5999999999999999, 0.5333333333333332]",0.1,0.005432616176798652,"[0.0049261083743842365, 0.005939123979213066]",0.0,train
0.5883333333333334,"[0.7566666666666667, 0.42]",0.0,4.0,0.5635449786980947,0.0,[56],92.0,2.0,0.016666666666666642,"[0.0, 0.033333333333333284]",0.0,0.5635449786980947,0.1,0.0,0.37499999999999994,"[0.0, 0.7499999999999999]",0.1,0.008522727272727272,"[0.0, 0.017045454545454544]",0.0,valid
0.5754141238012206,"[0.7301656495204882, 0.42066259808195294]",0.0,4.0,0.5379474098267762,0.0,[56],93.0,2.0,0.030921128467684716,"[0.01589825119236878, 0.04594400574300066]",0.0,0.5379474098267762,0.1,0.0,0.47282608695652173,"[0.25, 0.6956521739130435]",0.1,0.015983338270412997,"[0.008210180623973728, 0.023756495916852263]",0.0,train
0.585,"[0.7566666666666667, 0.41333333333333333]",0.0,4.0,0.5676671862602234,0.0,[56],93.0,2.0,0.0,"[0.0, 0.0]",0.0,0.5676671862602234,0.1,0.0,0.0,"[0.0, 0.0]",0.1,0.0,"[0.0, 0.0]",0.0,valid
0.5745422842197035,"[0.7323452484742807, 0.4167393199651264]",0.0,4.0,0.5390811458877895,0.0,[56],94.0,2.0,0.016336682635915232,"[0.006472491909385084, 0.02620087336244538]",0.0,0.5390811458877895,0.1,0.0,0.4444444444444444,"[0.22222222222222218, 0.6666666666666666]",0.1,0.008323550601409446,"[0.003284072249589491, 0.013363028953229399]",0.0,train
0.585,"[0.7566666666666667, 0.41333333333333333]",0.0,4.0,0.5759299198786417,0.0,[56],94.0,2.0,0.0,"[0.0, 0.0]",0.0,0.5759299198786417,0.1,0.0,0.0,"[0.0, 0.0]",0.1,0.0,"[0.0, 0.0]",0.0,valid
0.5743243243243243,"[0.7306015693112468, 0.41804707933740193]",0.0,4.0,0.5396345257759094,0.0,[56],95.0,2.0,0.023044374475133723,"[0.0127795527156549, 0.03330919623461255]",0.0,0.5396345257759094,0.1,0.0,0.4558823529411765,"[0.23529411764705882, 0.6764705882352942]",0.1,0.011821562969708273,"[0.006568144499178982, 0.017074981440237565]",0.0,train
0.5883333333333334,"[0.7566666666666667, 0.42]",0.0,4.0,0.5672354797522227,0.0,[56],95.0,2.0,0.016666666666666642,"[0.0, 0.033333333333333284]",0.0,0.5672354797522227,0.1,0.0,0.37499999999999994,"[0.0, 0.7499999999999999]",0.1,0.008522727272727272,"[0.0, 0.017045454545454544]",0.0,valid
0.574106364428945,"[0.7349607672188317, 0.4132519616390584]",0.0,4.0,0.53851613143216,0.0,[56],96.0,2.0,0.019316007915356412,"[0.009771986970684023, 0.028860028860028804]",0.0,0.53851613143216,0.1,0.0,0.5564102564102563,"[0.5999999999999999, 0.5128205128205128]",0.1,0.00988695916120845,"[0.0049261083743842365, 0.014847809948032665]",0.0,train
0.585,"[0.7566666666666667, 0.41333333333333333]",0.0,4.0,0.5647053917249044,0.0,[56],96.0,2.0,0.0,"[0.0, 0.0]",0.0,0.5647053917249044,0.1,0.0,0.0,"[0.0, 0.0]",0.1,0.0,"[0.0, 0.0]",0.0,valid
0.5743243243243243,"[0.7319093286835222, 0.4167393199651264]",0.0,4.0,0.5365055903144504,0.0,[56],97.0,2.0,0.013479919673965205,"[0.006462035541195444, 0.020497803806734965]",0.0,0.5365055903144504,0.1,0.0,0.4684210526315789,"[0.19999999999999996, 0.7368421052631579]",0.1,0.006838769606606178,"[0.003284072249589491, 0.010393466963622866]",0.0,train
0.585,"[0.7566666666666667, 0.41333333333333333]",0.0,4.0,0.5719870527585348,0.0,[56],97.0,2.0,0.0,"[0.0, 0.0]",0.0,0.5719870527585348,0.1,0.0,0.0,"[0.0, 0.0]",0.1,0.0,"[0.0, 0.0]",0.0,valid
0.572362685265911,"[0.7323452484742807, 0.41238012205754143]",0.0,4.0,0.5392548493717028,0.0,[56],98.0,2.0,0.0054519032663616655,"[0.006472491909385084, 0.004431314623338247]",0.0,0.5392548493717028,0.1,0.0,0.32539682539682535,"[0.22222222222222218, 0.4285714285714285]",0.1,0.0027556218708971953,"[0.003284072249589491, 0.0022271714922048997]",0.0,train
0.5866666666666667,"[0.7566666666666667, 0.4166666666666667]",0.0,4.0,0.5769492387771606,0.0,[56],98.0,2.0,0.0056497175141242886,"[0.0, 0.011299435028248577]",0.0,0.5769492387771606,0.1,0.0,0.49999999999999944,"[0.0, 0.9999999999999989]",0.1,0.002840909090909091,"[0.0, 0.005681818181818182]",0.0,valid
0.5758500435919791,"[0.7327811682650393, 0.4189189189189189]",0.0,4.0,0.5385164190893588,0.0,[56],99.0,2.0,0.025694837223833294,"[0.009693053311793183, 0.041696621135873406]",0.0,0.5385164190893588,0.1,0.0,0.4795454545454545,"[0.29999999999999993, 0.6590909090909091]",0.1,0.013227716399515801,"[0.0049261083743842365, 0.021529324424647365]",0.0,train
0.5883333333333334,"[0.7566666666666667, 0.42]",0.0,4.0,0.5612691640853882,0.0,[56],99.0,2.0,0.016666666666666642,"[0.0, 0.033333333333333284]",0.0,0.5612691640853882,0.1,0.0,0.37499999999999994,"[0.0, 0.7499999999999999]",0.1,0.008522727272727272,"[0.0, 0.017045454545454544]",0.0,valid
0.5751961639058413,"[0.7340889276373147, 0.4163034001743679]",0.0,4.0,0.5355876062227332,0.0,[56],100.0,2.0,0.01167031363967905,"[0.0, 0.0233406272793581]",0.0,0.5355876062227332,0.1,0.0,0.3333333333333333,"[0.0, 0.6666666666666666]",0.1,0.005939123979213066,"[0.0, 0.011878247958426132]",0.0,train
0.585,"[0.7566666666666667, 0.41333333333333333]",0.0,4.0,0.5692329804102579,0.0,[56],100.0,2.0,0.005617977528089876,"[0.0, 0.011235955056179752]",0.0,0.5692329804102579,0.1,0.0,0.2499999999999999,"[0.0, 0.4999999999999998]",0.1,0.002840909090909091,"[0.0, 0.005681818181818182]",0.0,valid
0.5727986050566696,"[0.7345248474280732, 0.4110723626852659]",0.0,4.0,0.538439418958581,0.0,[56],101.0,2.0,0.004402054292002923,"[0.0, 0.008804108584005845]",0.0,0.538439418958581,0.1,0.0,0.1875,"[0.0, 0.375]",0.1,0.0022271714922048997,"[0.0, 0.004454342984409799]",0.0,train
0.585,"[0.7566666666666667, 0.41333333333333333]",0.0,4.0,0.5717526276906332,0.0,[56],101.0,2.0,0.0,"[0.0, 0.0]",0.0,0.5717526276906332,0.1,0.0,0.0,"[0.0, 0.0]",0.1,0.0,"[0.0, 0.0]",0.0,valid
0.5745422842197035,"[0.7314734088927637, 0.4176111595466434]",0.0,4.0,0.538492906352748,0.0,[56],102.0,2.0,0.01634533997930966,"[0.006451612903225772, 0.026239067055393552]",0.0,0.538492906352748,0.1,0.0,0.45090909090909087,"[0.1818181818181818, 0.72]",0.1,0.008323550601409446,"[0.003284072249589491, 0.013363028953229399]",0.0,train
0.5866666666666667,"[0.7566666666666667, 0.4166666666666667]",0.0,4.0,0.5560299555460612,0.0,[56],102.0,2.0,0.0056497175141242886,"[0.0, 0.011299435028248577]",0.0,0.5560299555460612,0.1,0.0,0.49999999999999944,"[0.0, 0.9999999999999989]",0.1,0.002840909090909091,"[0.0, 0.005681818181818182]",0.0,valid
0.5730165649520488,"[0.7336530078465562, 0.41238012205754143]",0.0,4.0,0.5370526909828186,0.0,[56],103.0,2.0,0.019946355685131152,"[0.02239999999999995, 0.017492711370262353]",0.0,0.5370526909828186,0.1,0.0,0.45875,"[0.4375, 0.48]",0.1,0.01020146942119141,"[0.011494252873563218, 0.008908685968819599]",0.0,train
0.5866666666666667,"[0.7566666666666667, 0.4166666666666667]",0.0,4.0,0.5650947093963623,0.0,[56],103.0,2.0,0.0056497175141242886,"[0.0, 0.011299435028248577]",0.0,0.5650947093963623,0.1,0.0,0.49999999999999944,"[0.0, 0.9999999999999989]",0.1,0.002840909090909091,"[0.0, 0.005681818181818182]",0.0,valid
0.5758500435919791,"[0.7314734088927637, 0.4202266782911944]",0.0,4.0,0.5386856353801229,0.0,[56],104.0,2.0,0.01811594202898548,"[0.0, 0.03623188405797096]",0.0,0.5386856353801229,0.1,0.0,0.3787878787878788,"[0.0, 0.7575757575757576]",0.1,0.009279881217520415,"[0.0, 0.01855976243504083]",0.0,train
0.5916666666666667,"[0.7566666666666667, 0.4266666666666667]",0.0,4.0,0.5691428085168203,0.0,[56],104.0,2.0,0.022222222222222202,"[0.0, 0.044444444444444405]",0.0,0.5691428085168203,0.1,0.0,0.4999999999999999,"[0.0, 0.9999999999999998]",0.1,0.011363636363636364,"[0.0, 0.022727272727272728]",0.0,valid
0.5773757628596339,"[0.7340889276373147, 0.42066259808195294]",0.0,4.0,0.536151058000067,0.0,[56],105.0,2.0,0.03418995158944903,"[0.02243589743589739, 0.04594400574300066]",0.0,0.536151058000067,0.1,0.0,0.581159420289855,"[0.4666666666666666, 0.6956521739130435]",0.1,0.01762537439520774,"[0.011494252873563218, 0.023756495916852263]",0.0,train
0.5983333333333334,"[0.7566666666666667, 0.44]",0.0,4.0,0.5604598522186279,0.0,[56],105.0,2.0,0.0483870967741935,"[0.0, 0.096774193548387]",0.0,0.5604598522186279,0.1,0.0,0.4499999999999999,"[0.0, 0.8999999999999998]",0.1,0.02556818181818182,"[0.0, 0.05113636363636364]",0.0,valid
0.574106364428945,"[0.7336530078465562, 0.4145597210113339]",0.0,4.0,0.5370002622189729,0.0,[56],106.0,2.0,0.008058608058608046,"[0.0, 0.01611721611721609]",0.0,0.5370002622189729,0.1,0.0,0.3055555555555556,"[0.0, 0.6111111111111112]",0.1,0.004083147735708983,"[0.0, 0.008166295471417966]",0.0,train
0.595,"[0.7566666666666667, 0.43333333333333335]",0.0,4.0,0.5873542030652364,0.0,[56],106.0,2.0,0.03804347826086952,"[0.0, 0.07608695652173904]",0.0,0.5873542030652364,0.1,0.0,0.4374999999999999,"[0.0, 0.8749999999999998]",0.1,0.019886363636363636,"[0.0, 0.03977272727272727]",0.0,valid
0.5756320836965998,"[0.7340889276373147, 0.41717523975588494]",0.0,4.0,0.537210251974023,0.0,[56],107.0,2.0,0.02080061502581412,"[0.009740259740259717, 0.031860970311368524]",0.0,0.537210251974023,0.1,0.0,0.5378151260504201,"[0.4285714285714285, 0.6470588235294118]",0.1,0.010629349658610085,"[0.0049261083743842365, 0.016332590942835932]",0.0,train
0.5933333333333334,"[0.7566666666666667, 0.43]",0.0,4.0,0.5553006529808044,0.0,[56],107.0,2.0,0.027624309392265164,"[0.0, 0.05524861878453033]",0.0,0.5553006529808044,0.1,0.0,0.4999999999999999,"[0.0, 0.9999999999999998]",0.1,0.014204545454545454,"[0.0, 0.028409090909090908]",0.0,valid
0.5747602441150829,"[0.7323452484742807, 0.41717523975588494]",0.0,4.0,0.5372778397539387,0.0,[56],108.0,2.0,0.011879786879786856,"[0.0032467532467532244, 0.02051282051282049]",0.0,0.5372778397539387,0.1,0.0,0.46031746031746035,"[0.14285714285714285, 0.7777777777777778]",0.1,0.006017751544208806,"[0.0016420361247947454, 0.010393466963622866]",0.0,train
0.6016666666666667,"[0.7566666666666667, 0.44666666666666666]",0.0,4.0,0.5558849970499674,0.0,[56],108.0,2.0,0.07216494845360816,"[0.0, 0.14432989690721632]",0.0,0.5558849970499674,0.1,0.0,0.3888888888888889,"[0.0, 0.7777777777777778]",0.1,0.03977272727272727,"[0.0, 0.07954545454545454]",0.0,valid
0.5756320836965998,"[0.7336530078465562, 0.4176111595466434]",0.0,4.0,0.5382713338603144,0.0,[56],109.0,2.0,0.019668839407827952,"[0.003262642740619889, 0.03607503607503602]",0.0,0.5382713338603144,0.1,0.0,0.4455128205128205,"[0.24999999999999994, 0.6410256410256411]",0.1,0.010100899279917789,"[0.0016420361247947454, 0.01855976243504083]",0.0,train
0.5883333333333334,"[0.7566666666666667, 0.42]",0.0,4.0,0.5749563177426656,0.0,[56],109.0,2.0,0.011235955056179761,"[0.0, 0.022471910112359522]",0.0,0.5749563177426656,0.1,0.0,0.4999999999999998,"[0.0, 0.9999999999999996]",0.1,0.005681818181818182,"[0.0, 0.011363636363636364]",0.0,valid
0.5734524847428073,"[0.7340889276373147, 0.4128160418482999]",0.0,4.0,0.536910073912662,0.0,[56],110.0,2.0,0.009669049017220698,"[0.003267973856209141, 0.016070124178232253]",0.0,0.536910073912662,0.1,0.0,0.41666666666666663,"[0.33333333333333326, 0.5]",0.1,0.004904165798106356,"[0.0016420361247947454, 0.008166295471417966]",0.0,train
0.585,"[0.7566666666666667, 0.41333333333333333]",0.0,4.0,0.5660468339920044,0.0,[56],110.0,2.0,0.0,"[0.0, 0.0]",0.0,0.5660468339920044,0.1,0.0,0.0,"[0.0, 0.0]",0.1,0.0,"[0.0, 0.0]",0.0,valid
0.5734524847428073,"[0.7327811682650393, 0.4141238012205754]",0.0,4.0,0.5371899125368699,0.0,[56],111.0,2.0,0.010984262064642333,"[0.016051364365971064, 0.0059171597633136015]",0.0,0.5371899125368699,0.1,0.0,0.5785714285714285,"[0.3571428571428571, 0.7999999999999998]",0.1,0.00558987130679013,"[0.008210180623973728, 0.002969561989606533]",0.0,train
0.5883333333333334,"[0.7566666666666667, 0.42]",0.0,4.0,0.5720710754394531,0.0,[56],111.0,2.0,0.011235955056179761,"[0.0, 0.022471910112359522]",0.0,0.5720710754394531,0.1,0.0,0.4999999999999998,"[0.0, 0.9999999999999996]",0.1,0.005681818181818182,"[0.0, 0.011363636363636364]",0.0,valid
0.5732345248474281,"[0.7345248474280732, 0.4119442022667829]",0.0,4.0,0.5386446831019028,0.0,[56],112.0,2.0,0.009430660874820376,"[0.012965964343598028, 0.005895357406042726]",0.0,0.5386446831019028,0.1,0.0,0.4499999999999999,"[0.4999999999999999, 0.3999999999999999]",0.1,0.004768853244392758,"[0.006568144499178982, 0.002969561989606533]",0.0,train
0.5866666666666667,"[0.7566666666666667, 0.4166666666666667]",0.0,4.0,0.5643466909726461,0.0,[56],112.0,2.0,0.0056497175141242886,"[0.0, 0.011299435028248577]",0.0,0.5643466909726461,0.1,0.0,0.49999999999999944,"[0.0, 0.9999999999999989]",0.1,0.002840909090909091,"[0.0, 0.005681818181818182]",0.0,valid
0.5754141238012206,"[0.7306015693112468, 0.4202266782911944]",0.0,4.0,0.5377465460611426,0.0,[56],113.0,2.0,0.020202020202020176,"[0.0, 0.04040404040404035]",0.0,0.5377465460611426,0.1,0.0,0.358974358974359,"[0.0, 0.717948717948718]",0.1,0.010393466963622866,"[0.0, 0.020786933927245732]",0.0,train
0.585,"[0.7566666666666667, 0.41333333333333333]",0.0,4.0,0.5656442940235138,0.0,[56],113.0,2.0,0.0,"[0.0, 0.0]",0.0,0.5656442940235138,0.1,0.0,0.0,"[0.0, 0.0]",0.1,0.0,"[0.0, 0.0]",0.0,valid
0.5754141238012206,"[0.7336530078465562, 0.41717523975588494]",0.0,4.0,0.5387134396511576,0.0,[56],114.0,2.0,0.01527908183068847,"[0.012924071082390921, 0.01763409257898602]",0.0,0.5387134396511576,0.1,0.0,0.6285714285714284,"[0.3999999999999999, 0.857142857142857]",0.1,0.007738415233999291,"[0.006568144499178982, 0.008908685968819599]",0.0,train
0.585,"[0.7566666666666667, 0.41333333333333333]",0.0,4.0,0.5734517375628153,0.0,[56],114.0,2.0,0.0,"[0.0, 0.0]",0.0,0.5734517375628153,0.1,0.0,0.0,"[0.0, 0.0]",0.1,0.0,"[0.0, 0.0]",0.0,valid
0.5732345248474281,"[0.7323452484742807, 0.4141238012205754]",0.0,4.0,0.5385819945646368,0.0,[56],115.0,2.0,0.012540407191062182,"[0.0032467532467532244, 0.02183406113537114]",0.0,0.5385819945646368,0.1,0.0,0.3492063492063492,"[0.14285714285714285, 0.5555555555555556]",0.1,0.006388946792909622,"[0.0016420361247947454, 0.011135857461024499]",0.0,train
0.585,"[0.7566666666666667, 0.41333333333333333]",0.0,4.0,0.5717421571413676,0.0,[56],115.0,2.0,0.0,"[0.0, 0.0]",0.0,0.5717421571413676,0.1,0.0,0.0,"[0.0, 0.0]",0.1,0.0,"[0.0, 0.0]",0.0,valid
0.5745422842197035,"[0.7336530078465562, 0.4154315605928509]",0.0,4.0,0.5373613238334656,0.0,[56],116.0,2.0,0.012572240407509051,"[0.003262642740619889, 0.021881838074398214]",0.0,0.5373613238334656,0.1,0.0,0.4375,"[0.24999999999999994, 0.625]",0.1,0.006388946792909622,"[0.0016420361247947454, 0.011135857461024499]",0.0,train
0.585,"[0.7566666666666667, 0.41333333333333333]",0.0,4.0,0.5761306484540304,0.0,[56],116.0,2.0,0.0,"[0.0, 0.0]",0.0,0.5761306484540304,0.1,0.0,0.0,"[0.0, 0.0]",0.1,0.0,"[0.0, 0.0]",0.0,valid
0.5745422842197037,"[0.7310374891020053, 0.41804707933740193]",0.0,4.0,0.5402511824732241,0.0,[56],117.0,2.0,0.023560903181456747,"[0.00963081861958262, 0.03749098774333087]",0.0,0.5402511824732241,0.1,0.0,0.43214285714285716,"[0.21428571428571425, 0.65]",0.1,0.01211413065341335,"[0.0049261083743842365, 0.019302152932442463]",0.0,train
0.585,"[0.7566666666666667, 0.41333333333333333]",0.0,4.0,0.57807128628095,0.0,[56],117.0,2.0,0.0,"[0.0, 0.0]",0.0,0.57807128628095,0.1,0.0,0.0,"[0.0, 0.0]",0.1,0.0,"[0.0, 0.0]",0.0,valid
0.5738884045335658,"[0.7323452484742807, 0.4154315605928509]",0.0,4.0,0.5371201543704324,0.0,[56],118.0,2.0,0.019320968909859574,"[0.009677419354838675, 0.028964518464880473]",0.0,0.5371201543704324,0.1,0.0,0.4304812834224599,"[0.2727272727272727, 0.5882352941176471]",0.1,0.00988695916120845,"[0.0049261083743842365, 0.014847809948032665]",0.0,train
0.5866666666666667,"[0.7566666666666667, 0.4166666666666667]",0.0,4.0,0.5647263924280802,0.0,[56],118.0,2.0,0.0056497175141242886,"[0.0, 0.011299435028248577]",0.0,0.5647263924280802,0.1,0.0,0.49999999999999944,"[0.0, 0.9999999999999989]",0.1,0.002840909090909091,"[0.0, 0.005681818181818182]",0.0,valid
0.5734524847428073,"[0.7301656495204882, 0.4167393199651264]",0.0,4.0,0.5391067266464233,0.0,[56],119.0,2.0,0.017316017316017288,"[0.0, 0.034632034632034576]",0.0,0.5391067266464233,0.1,0.0,0.3076923076923077,"[0.0, 0.6153846153846154]",0.1,0.008908685968819599,"[0.0, 0.017817371937639197]",0.0,train
0.585,"[0.7566666666666667, 0.41333333333333333]",0.0,4.0,0.5771945714950562,0.0,[56],119.0,2.0,0.0,"[0.0, 0.0]",0.0,0.5771945714950562,0.1,0.0,0.0,"[0.0, 0.0]",0.1,0.0,"[0.0, 0.0]",0.0,valid
0.5743243243243243,"[0.7319093286835222, 0.4167393199651264]",0.0,4.0,0.5372979511385378,0.0,[56],120.0,2.0,0.016838136847297548,"[0.003241491085899488, 0.030434782608695605]",0.0,0.5372979511385378,0.1,0.0,0.3806818181818182,"[0.12499999999999997, 0.6363636363636364]",0.1,0.008616118285114523,"[0.0016420361247947454, 0.015590200445434299]",0.0,train
0.585,"[0.7566666666666667, 0.41333333333333333]",0.0,4.0,0.5658915837605795,0.0,[56],120.0,2.0,0.0,"[0.0, 0.0]",0.0,0.5658915837605795,0.1,0.0,0.0,"[0.0, 0.0]",0.1,0.0,"[0.0, 0.0]",0.0,valid
0.5758500435919791,"[0.7332170880557978, 0.4184829991281604]",0.0,4.0,0.5372204003126725,0.0,[56],121.0,2.0,0.012426900584795309,"[0.0, 0.024853801169590618]",0.0,0.5372204003126725,0.1,0.0,0.40476190476190477,"[0.0, 0.8095238095238095]",0.1,0.006310319227913883,"[0.0, 0.012620638455827766]",0.0,train
0.585,"[0.7566666666666667, 0.41333333333333333]",0.0,4.0,0.5588915546735128,0.0,[56],121.0,2.0,0.0,"[0.0, 0.0]",0.0,0.5588915546735128,0.1,0.0,0.0,"[0.0, 0.0]",0.1,0.0,"[0.0, 0.0]",0.0,valid
0.5738884045335658,"[0.7323452484742807, 0.4154315605928509]",0.0,4.0,0.5379225184088168,0.0,[56],122.0,2.0,0.011653313911143461,"[0.0, 0.023306627822286922]",0.0,0.5379225184088168,0.1,0.0,0.3076923076923077,"[0.0, 0.6153846153846154]",0.1,0.005939123979213066,"[0.0, 0.011878247958426132]",0.0,train
0.5866666666666667,"[0.7566666666666667, 0.4166666666666667]",0.0,4.0,0.563370923201243,0.0,[56],122.0,2.0,0.0056497175141242886,"[0.0, 0.011299435028248577]",0.0,0.563370923201243,0.1,0.0,0.49999999999999944,"[0.0, 0.9999999999999989]",0.1,0.002840909090909091,"[0.0, 0.005681818181818182]",0.0,valid
0.5749782040104621,"[0.7349607672188317, 0.4149956408020924]",0.0,4.0,0.538034174753272,0.0,[56],123.0,2.0,0.01367076654537128,"[0.009771986970684023, 0.017569546120058538]",0.0,0.538034174753272,0.1,0.0,0.6157894736842104,"[0.5999999999999999, 0.631578947368421]",0.1,0.006917397171601917,"[0.0049261083743842365, 0.008908685968819599]",0.0,train
0.5866666666666667,"[0.7533333333333333, 0.42]",0.0,4.0,0.5509888529777527,0.0,[56],123.0,2.0,0.011235955056179761,"[0.0, 0.022471910112359522]",0.0,0.5509888529777527,0.1,0.0,0.4999999999999998,"[0.0, 0.9999999999999996]",0.1,0.005681818181818182,"[0.0, 0.011363636363636364]",0.0,valid
0.5751961639058414,"[0.7323452484742807, 0.41804707933740193]",0.0,4.0,0.5386835310770117,0.0,[56],124.0,2.0,0.01938416422287386,"[0.009677419354838675, 0.029090909090909046]",0.0,0.5386835310770117,0.1,0.0,0.4935064935064935,"[0.2727272727272727, 0.7142857142857143]",0.1,0.00988695916120845,"[0.0049261083743842365, 0.014847809948032665]",0.0,train
0.5816666666666667,"[0.75, 0.41333333333333333]",0.0,4.0,0.5547328392664591,0.0,[56],124.0,2.0,0.0,"[0.0, 0.0]",0.0,0.5547328392664591,0.1,0.0,0.0,"[0.0, 0.0]",0.1,0.0,"[0.0, 0.0]",0.0,valid
0.5725806451612903,"[0.7301656495204882, 0.4149956408020924]",0.0,4.0,0.5381806440975355,0.0,[56],125.0,2.0,0.013584773060029243,"[0.00959999999999995, 0.017569546120058538]",0.0,0.5381806440975355,0.1,0.0,0.4095394736842105,"[0.1875, 0.631578947368421]",0.1,0.006917397171601917,"[0.0049261083743842365, 0.008908685968819599]",0.0,train
0.585,"[0.7566666666666667, 0.41333333333333333]",0.0,4.0,0.5723877350489298,0.0,[56],125.0,2.0,0.0,"[0.0, 0.0]",0.0,0.5723877350489298,0.1,0.0,0.0,"[0.0, 0.0]",0.1,0.0,"[0.0, 0.0]",0.0,valid
0.5734524847428073,"[0.7340889276373147, 0.4128160418482999]",0.0,4.0,0.5366807061692943,0.0,[56],126.0,2.0,0.00946831755280406,"[0.0, 0.01893663510560812]",0.0,0.5366807061692943,0.1,0.0,0.25,"[0.0, 0.5]",0.1,0.004825538233110616,"[0.0, 0.009651076466221232]",0.0,train
0.585,"[0.7566666666666667, 0.41333333333333333]",0.0,4.0,0.5640731851259867,0.0,[56],126.0,2.0,0.0,"[0.0, 0.0]",0.0,0.5640731851259867,0.1,0.0,0.0,"[0.0, 0.0]",0.1,0.0,"[0.0, 0.0]",0.0,valid
0.5719267654751525,"[0.7310374891020053, 0.4128160418482999]",0.0,4.0,0.5383300211118616,0.0,[56],127.0,2.0,0.00659340659340658,"[0.0, 0.01318681318681316]",0.0,0.5383300211118616,0.1,0.0,0.25,"[0.0, 0.5]",0.1,0.0033407572383073497,"[0.0, 0.0066815144766146995]",0.0,train
0.5900000000000001,"[0.7566666666666667, 0.42333333333333334]",0.0,4.0,0.5647841890652975,0.0,[56],127.0,2.0,0.016759776536312828,"[0.0, 0.033519553072625656]",0.0,0.5647841890652975,0.1,0.0,0.49999999999999983,"[0.0, 0.9999999999999997]",0.1,0.008522727272727272,"[0.0, 0.017045454545454544]",0.0,valid
0.5771578029642546,"[0.7340889276373147, 0.4202266782911944]",0.0,4.0,0.5356450663960498,0.0,[56],128.0,2.0,0.02621285266311176,"[0.00651465798045601, 0.045911047345767515]",0.0,0.5356450663960498,0.1,0.0,0.5404255319148936,"[0.3999999999999999, 0.6808510638297872]",0.1,0.013520284083220877,"[0.003284072249589491, 0.023756495916852263]",0.0,train
0.585,"[0.7566666666666667, 0.41333333333333333]",0.0,4.0,0.5690040389696757,0.0,[56],128.0,2.0,0.0,"[0.0, 0.0]",0.0,0.5690040389696757,0.1,0.0,0.0,"[0.0, 0.0]",0.1,0.0,"[0.0, 0.0]",0.0,valid
0.5736704446381866,"[0.7327811682650393, 0.4145597210113339]",0.0,4.0,0.5384935762571252,0.0,[56],129.0,2.0,0.011837540694881759,"[0.003252032520325184, 0.020423048869438333]",0.0,0.5384935762571252,0.1,0.0,0.375,"[0.16666666666666663, 0.5833333333333334]",0.1,0.006017751544208806,"[0.0016420361247947454, 0.010393466963622866]",0.0,train
0.585,"[0.7566666666666667, 0.41333333333333333]",0.0,4.0,0.5664915641148885,0.0,[56],129.0,2.0,0.0,"[0.0, 0.0]",0.0,0.5664915641148885,0.1,0.0,0.0,"[0.0, 0.0]",0.1,0.0,"[0.0, 0.0]",0.0,valid
0.5765039232781168,"[0.7340889276373147, 0.4189189189189189]",0.0,4.0,0.5389871221521626,0.0,[56],130.0,2.0,0.02640638256216141,"[0.009740259740259717, 0.043072505384063105]",0.0,0.5389871221521626,0.1,0.0,0.5403726708074534,"[0.4285714285714285, 0.6521739130434783]",0.1,0.013598911648216618,"[0.0049261083743842365, 0.022271714922048998]",0.0,train
0.585,"[0.7566666666666667, 0.41333333333333333]",0.0,4.0,0.5798224409421285,0.0,[56],130.0,2.0,0.0,"[0.0, 0.0]",0.0,0.5798224409421285,0.1,0.0,0.0,"[0.0, 0.0]",0.1,0.0,"[0.0, 0.0]",0.0,valid
0.5758500435919791,"[0.7336530078465562, 0.41804707933740193]",0.0,4.0,0.537227547687033,0.0,[56],131.0,2.0,0.013129102844638934,"[0.0, 0.026258205689277867]",0.0,0.537227547687033,0.1,0.0,0.375,"[0.0, 0.75]",0.1,0.0066815144766146995,"[0.0, 0.013363028953229399]",0.0,train
0.585,"[0.7566666666666667, 0.41333333333333333]",0.0,4.0,0.573728879292806,0.0,[56],131.0,2.0,0.0,"[0.0, 0.0]",0.0,0.573728879292806,0.1,0.0,0.0,"[0.0, 0.0]",0.1,0.0,"[0.0, 0.0]",0.0,valid
0.5749782040104621,"[0.7323452484742807, 0.4176111595466434]",0.0,4.0,0.5371540007383927,0.0,[56],132.0,2.0,0.018265923656661683,"[0.0032467532467532244, 0.03328509406657014]",0.0,0.5371540007383927,0.1,0.0,0.4,"[0.14285714285714285, 0.6571428571428571]",0.1,0.009358508782516156,"[0.0016420361247947454, 0.017074981440237565]",0.0,train
0.585,"[0.7566666666666667, 0.41333333333333333]",0.0,4.0,0.5774787863095602,0.0,[56],132.0,2.0,0.0,"[0.0, 0.0]",0.0,0.5774787863095602,0.1,0.0,0.0,"[0.0, 0.0]",0.1,0.0,"[0.0, 0.0]",0.0,valid
0.5708369659982563,"[0.7292938099389712, 0.41238012205754143]",0.0,4.0,0.5407326480616694,0.0,[56],133.0,2.0,0.009788579795021924,"[0.00639999999999995, 0.013177159590043896]",0.0,0.5407326480616694,0.1,0.0,0.29934210526315785,"[0.125, 0.47368421052631576]",0.1,0.004982793363102095,"[0.003284072249589491, 0.0066815144766146995]",0.0,train
0.5866666666666667,"[0.7566666666666667, 0.4166666666666667]",0.0,4.0,0.5592992107073466,0.0,[56],133.0,2.0,0.0056497175141242886,"[0.0, 0.011299435028248577]",0.0,0.5592992107073466,0.1,0.0,0.49999999999999944,"[0.0, 0.9999999999999989]",0.1,0.002840909090909091,"[0.0, 0.005681818181818182]",0.0,valid
0.5736704446381866,"[0.7336530078465562, 0.41368788142981694]",0.0,4.0,0.536758523920308,0.0,[56],134.0,2.0,0.015715563854203102,"[0.025518341307814937, 0.00591278640059127]",0.0,0.536758523920308,0.1,0.0,0.5555555555555555,"[0.4444444444444444, 0.6666666666666665]",0.1,0.008052925493982248,"[0.013136288998357963, 0.002969561989606533]",0.0,train
0.5833333333333334,"[0.75, 0.4166666666666667]",0.0,4.0,0.5575869679450989,0.0,[56],134.0,2.0,0.0056497175141242886,"[0.0, 0.011299435028248577]",0.0,0.5575869679450989,0.1,0.0,0.49999999999999944,"[0.0, 0.9999999999999989]",0.1,0.002840909090909091,"[0.0, 0.005681818181818182]",0.0,valid
0.5734524847428073,"[0.7301656495204882, 0.4167393199651264]",0.0,4.0,0.5406099868857343,0.0,[56],135.0,2.0,0.018608139534883675,"[0.00959999999999995, 0.0276162790697674]",0.0,0.5406099868857343,0.1,0.0,0.4213362068965517,"[0.1875, 0.6551724137931034]",0.1,0.009515763912507634,"[0.0049261083743842365, 0.014105419450631032]",0.0,train
0.585,"[0.7566666666666667, 0.41333333333333333]",0.0,4.0,0.5700165629386902,0.0,[56],135.0,2.0,0.0,"[0.0, 0.0]",0.0,0.5700165629386902,0.1,0.0,0.0,"[0.0, 0.0]",0.1,0.0,"[0.0, 0.0]",0.0,valid
0.5745422842197035,"[0.7314734088927637, 0.4176111595466434]",0.0,4.0,0.5378095896347709,0.0,[56],136.0,2.0,0.017054045170681282,"[0.006451612903225772, 0.02765647743813679]",0.0,0.5378095896347709,0.1,0.0,0.44276094276094274,"[0.1818181818181818, 0.7037037037037037]",0.1,0.008694745850110262,"[0.003284072249589491, 0.014105419450631032]",0.0,train
0.5866666666666667,"[0.7533333333333333, 0.42]",0.0,4.0,0.5596704284350077,0.0,[56],136.0,2.0,0.011235955056179761,"[0.0, 0.022471910112359522]",0.0,0.5596704284350077,0.1,0.0,0.4999999999999998,"[0.0, 0.9999999999999996]",0.1,0.005681818181818182,"[0.0, 0.011363636363636364]",0.0,valid
0.5738884045335658,"[0.7340889276373147, 0.41368788142981694]",0.0,4.0,0.5388773394667584,0.0,[56],137.0,2.0,0.021414598390199224,"[0.02243589743589739, 0.020393299344501056]",0.0,0.5388773394667584,0.1,0.0,0.5025641025641026,"[0.4666666666666666, 0.5384615384615384]",0.1,0.010943859918593042,"[0.011494252873563218, 0.010393466963622866]",0.0,train
0.5866666666666667,"[0.7566666666666667, 0.4166666666666667]",0.0,4.0,0.5790350437164307,0.0,[56],137.0,2.0,0.0056497175141242886,"[0.0, 0.011299435028248577]",0.0,0.5790350437164307,0.1,0.0,0.49999999999999944,"[0.0, 0.9999999999999989]",0.1,0.002840909090909091,"[0.0, 0.005681818181818182]",0.0,valid
0.5754141238012206,"[0.7336530078465562, 0.41717523975588494]",0.0,4.0,0.5366421834282253,0.0,[56],138.0,2.0,0.013818181818181797,"[0.0, 0.027636363636363594]",0.0,0.5366421834282253,0.1,0.0,0.3392857142857143,"[0.0, 0.6785714285714286]",0.1,0.007052709725315516,"[0.0, 0.014105419450631032]",0.0,train
0.5966666666666667,"[0.7566666666666667, 0.43666666666666665]",0.0,4.0,0.552770346403122,0.0,[56],138.0,2.0,0.06217616580310872,"[0.0, 0.12435233160621743]",0.0,0.552770346403122,0.1,0.0,0.35294117647058826,"[0.0, 0.7058823529411765]",0.1,0.03409090909090909,"[0.0, 0.06818181818181818]",0.0,valid
0.574106364428945,"[0.7327811682650393, 0.4154315605928509]",0.0,4.0,0.5375785451868306,0.0,[56],139.0,2.0,0.013467933744774577,"[0.006482982171799001, 0.020452885317750153]",0.0,0.5375785451868306,0.1,0.0,0.4431818181818181,"[0.24999999999999994, 0.6363636363636364]",0.1,0.006838769606606178,"[0.003284072249589491, 0.010393466963622866]",0.0,train
0.585,"[0.7566666666666667, 0.41333333333333333]",0.0,4.0,0.5734831690788269,0.0,[56],139.0,2.0,0.01111111111111109,"[0.0, 0.02222222222222218]",0.0,0.5734831690788269,0.1,0.0,0.24999999999999994,"[0.0, 0.4999999999999999]",0.1,0.005681818181818182,"[0.0, 0.011363636363636364]",0.0,valid
0.5723626852659112,"[0.7310374891020053, 0.41368788142981694]",0.0,4.0,0.5415544859741045,0.0,[56],140.0,2.0,0.008218590323303243,"[0.0032310177705977064, 0.013206162876008782]",0.0,0.5415544859741045,0.1,0.0,0.33125,"[0.09999999999999998, 0.5625]",0.1,0.004161775300704723,"[0.0016420361247947454, 0.0066815144766146995]",0.0,train
0.5900000000000001,"[0.7566666666666667, 0.42333333333333334]",0.0,4.0,0.5627066989739736,0.0,[56],140.0,2.0,0.016759776536312828,"[0.0, 0.033519553072625656]",0.0,0.5627066989739736,0.1,0.0,0.49999999999999983,"[0.0, 0.9999999999999997]",0.1,0.008522727272727272,"[0.0, 0.017045454545454544]",0.0,valid
0.5756320836965998,"[0.7332170880557978, 0.41804707933740193]",0.0,4.0,0.5369382202625275,0.0,[56],141.0,2.0,0.025392164384708156,"[0.01607717041800639, 0.034707158351409924]",0.0,0.5369382202625275,0.1,0.0,0.5256410256410255,"[0.3846153846153846, 0.6666666666666666]",0.1,0.013013776280806463,"[0.008210180623973728, 0.017817371937639197]",0.0,train
0.5933333333333334,"[0.7566666666666667, 0.43]",0.0,4.0,0.5589979191621145,0.0,[56],141.0,2.0,0.0327868852459016,"[0.0, 0.0655737704918032]",0.0,0.5589979191621145,0.1,0.0,0.4285714285714285,"[0.0, 0.857142857142857]",0.1,0.017045454545454544,"[0.0, 0.03409090909090909]",0.0,valid
0.5738884045335658,"[0.7336530078465562, 0.4141238012205754]",0.0,4.0,0.538079533887946,0.0,[56],142.0,2.0,0.010204081632653045,"[0.0, 0.02040816326530609]",0.0,0.538079533887946,0.1,0.0,0.28,"[0.0, 0.56]",0.1,0.005196733481811433,"[0.0, 0.010393466963622866]",0.0,train
0.5866666666666667,"[0.7566666666666667, 0.4166666666666667]",0.0,4.0,0.5570944845676422,0.0,[56],142.0,2.0,0.0056497175141242886,"[0.0, 0.011299435028248577]",0.0,0.5570944845676422,0.1,0.0,0.49999999999999944,"[0.0, 0.9999999999999989]",0.1,0.002840909090909091,"[0.0, 0.005681818181818182]",0.0,valid
0.5717088055797733,"[0.7314734088927637, 0.4119442022667829]",0.0,4.0,0.5377718469370967,0.0,[56],143.0,2.0,0.005439828591834282,"[0.006451612903225772, 0.004428044280442792]",0.0,0.5377718469370967,0.1,0.0,0.2784090909090909,"[0.1818181818181818, 0.37499999999999994]",0.1,0.0027556218708971953,"[0.003284072249589491, 0.0022271714922048997]",0.0,train
0.5866666666666667,"[0.7566666666666667, 0.4166666666666667]",0.0,4.0,0.5670908490816752,0.0,[56],143.0,2.0,0.0056497175141242886,"[0.0, 0.011299435028248577]",0.0,0.5670908490816752,0.1,0.0,0.49999999999999944,"[0.0, 0.9999999999999989]",0.1,0.002840909090909091,"[0.0, 0.005681818181818182]",0.0,valid
0.5732345248474281,"[0.7327811682650393, 0.41368788142981694]",0.0,4.0,0.5384616864764172,0.0,[56],144.0,2.0,0.01086274188706021,"[0.012882447665056324, 0.008843036109064097]",0.0,0.5384616864764172,0.1,0.0,0.46666666666666656,"[0.33333333333333326, 0.5999999999999999]",0.1,0.0055112437417943905,"[0.006568144499178982, 0.004454342984409799]",0.0,train
0.5866666666666667,"[0.7566666666666667, 0.4166666666666667]",0.0,4.0,0.5619416435559591,0.0,[56],144.0,2.0,0.016574585635359088,"[0.0, 0.033149171270718175]",0.0,0.5619416435559591,0.1,0.0,0.29999999999999993,"[0.0, 0.5999999999999999]",0.1,0.008522727272727272,"[0.0, 0.017045454545454544]",0.0,valid
0.5754141238012206,"[0.7336530078465562, 0.41717523975588494]",0.0,4.0,0.5361338581727899,0.0,[56],145.0,2.0,0.020100502512562783,"[0.0, 0.040201005025125566]",0.0,0.5361338581727899,0.1,0.0,0.30434782608695654,"[0.0, 0.6086956521739131]",0.1,0.010393466963622866,"[0.0, 0.020786933927245732]",0.0,train
0.585,"[0.7566666666666667, 0.41333333333333333]",0.0,4.0,0.566914846499761,0.0,[56],145.0,2.0,0.0,"[0.0, 0.0]",0.0,0.566914846499761,0.1,0.0,0.0,"[0.0, 0.0]",0.1,0.0,"[0.0, 0.0]",0.0,valid
0.5754141238012206,"[0.7327811682650393, 0.41804707933740193]",0.0,4.0,0.5390179235002269,0.0,[56],146.0,2.0,0.018979595435867552,"[0.003252032520325184, 0.034707158351409924]",0.0,0.5390179235002269,0.1,0.0,0.41666666666666663,"[0.16666666666666663, 0.6666666666666666]",0.1,0.009729704031216972,"[0.0016420361247947454, 0.017817371937639197]",0.0,train
0.585,"[0.7566666666666667, 0.41333333333333333]",0.0,4.0,0.5653984546661377,0.0,[56],146.0,2.0,0.0,"[0.0, 0.0]",0.0,0.5653984546661377,0.1,0.0,0.0,"[0.0, 0.0]",0.1,0.0,"[0.0, 0.0]",0.0,valid
0.5730165649520489,"[0.7323452484742807, 0.41368788142981694]",0.0,4.0,0.536292641059212,0.0,[56],147.0,2.0,0.01071674053708134,"[0.009677419354838675, 0.011756061719324007]",0.0,0.536292641059212,0.1,0.0,0.42207792207792205,"[0.2727272727272727, 0.5714285714285714]",0.1,0.005432616176798652,"[0.0049261083743842365, 0.005939123979213066]",0.0,train
0.585,"[0.7566666666666667, 0.41333333333333333]",0.0,4.0,0.5668675502141317,0.0,[56],147.0,2.0,0.0,"[0.0, 0.0]",0.0,0.5668675502141317,0.1,0.0,0.0,"[0.0, 0.0]",0.1,0.0,"[0.0, 0.0]",0.0,valid
0.5732345248474281,"[0.7327811682650393, 0.41368788142981694]",0.0,4.0,0.5377498826254969,0.0,[56],148.0,2.0,0.010196649672250528,"[0.0, 0.020393299344501056]",0.0,0.5377498826254969,0.1,0.0,0.2692307692307692,"[0.0, 0.5384615384615384]",0.1,0.005196733481811433,"[0.0, 0.010393466963622866]",0.0,train
0.5866666666666667,"[0.7566666666666667, 0.4166666666666667]",0.0,4.0,0.5544199347496033,0.0,[56],148.0,2.0,0.0056497175141242886,"[0.0, 0.011299435028248577]",0.0,0.5544199347496033,0.1,0.0,0.49999999999999944,"[0.0, 0.9999999999999989]",0.1,0.002840909090909091,"[0.0, 0.005681818181818182]",0.0,valid
0.5736704446381866,"[0.7327811682650393, 0.4145597210113339]",0.0,4.0,0.5378127098083496,0.0,[56],149.0,2.0,0.015771508447593587,"[0.009693053311793183, 0.02184996358339399]",0.0,0.5378127098083496,0.1,0.0,0.4384615384615384,"[0.29999999999999993, 0.5769230769230769]",0.1,0.008030982917704368,"[0.0049261083743842365, 0.011135857461024499]",0.0,train
0.5883333333333334,"[0.7566666666666667, 0.42]",0.0,4.0,0.5652967294057211,0.0,[56],149.0,2.0,0.02197802197802195,"[0.0, 0.0439560439560439]",0.0,0.5652967294057211,0.1,0.0,0.33333333333333326,"[0.0, 0.6666666666666665]",0.1,0.011363636363636364,"[0.0, 0.022727272727272728]",0.0,valid
0.5734524847428073,"[0.7314734088927637, 0.4154315605928509]",0.0,4.0,0.538500709378201,0.0,[56],150.0,2.0,0.01770806568405312,"[0.006451612903225772, 0.028964518464880473]",0.0,0.538500709378201,0.1,0.0,0.3850267379679144,"[0.1818181818181818, 0.5882352941176471]",0.1,0.009065941098811078,"[0.003284072249589491, 0.014847809948032665]",0.0,train
0.585,"[0.7566666666666667, 0.41333333333333333]",0.0,4.0,0.5767706632614136,0.0,[56],150.0,2.0,0.0,"[0.0, 0.0]",0.0,0.5767706632614136,0.1,0.0,0.0,"[0.0, 0.0]",0.1,0.0,"[0.0, 0.0]",0.0,valid
0.5756320836965998,"[0.7327811682650393, 0.4184829991281604]",0.0,4.0,0.5389644555423571,0.0,[56],151.0,2.0,0.023385375977985803,"[0.006482982171799001, 0.0402877697841726]",0.0,0.5389644555423571,0.1,0.0,0.45058139534883723,"[0.24999999999999994, 0.6511627906976745]",0.1,0.012035503088417611,"[0.003284072249589491, 0.020786933927245732]",0.0,train
0.585,"[0.7566666666666667, 0.41333333333333333]",0.0,4.0,0.570183257261912,0.0,[56],151.0,2.0,0.0,"[0.0, 0.0]",0.0,0.570183257261912,0.1,0.0,0.0,"[0.0, 0.0]",0.1,0.0,"[0.0, 0.0]",0.0,valid
0.5751961639058414,"[0.7332170880557978, 0.41717523975588494]",0.0,4.0,0.535963968090389,0.0,[56],152.0,2.0,0.01732851985559564,"[0.0, 0.03465703971119128]",0.0,0.535963968090389,0.1,0.0,0.3157894736842105,"[0.0, 0.631578947368421]",0.1,0.008908685968819599,"[0.0, 0.017817371937639197]",0.0,train
0.5866666666666667,"[0.7566666666666667, 0.4166666666666667]",0.0,4.0,0.561526894569397,0.0,[56],152.0,2.0,0.0056497175141242886,"[0.0, 0.011299435028248577]",0.0,0.561526894569397,0.1,0.0,0.49999999999999944,"[0.0, 0.9999999999999989]",0.1,0.002840909090909091,"[0.0, 0.005681818181818182]",0.0,valid
0.5760680034873583,"[0.7327811682650393, 0.41935483870967744]",0.0,4.0,0.5377478677293529,0.0,[56],153.0,2.0,0.035915789473684144,"[0.01919999999999995, 0.05263157894736834]",0.0,0.5377478677293529,0.1,0.0,0.5010593220338984,"[0.375, 0.6271186440677966]",0.1,0.018660332576314453,"[0.009852216748768473, 0.02746844840386043]",0.0,train
0.585,"[0.7566666666666667, 0.41333333333333333]",0.0,4.0,0.5747161308924357,0.0,[56],153.0,2.0,0.0,"[0.0, 0.0]",0.0,0.5747161308924357,0.1,0.0,0.0,"[0.0, 0.0]",0.1,0.0,"[0.0, 0.0]",0.0,valid
0.5717088055797733,"[0.7292938099389712, 0.4141238012205754]",0.0,4.0,0.5383104189582493,0.0,[56],154.0,2.0,0.02133079952628819,"[0.025117739403453607, 0.01754385964912278]",0.0,0.5383104189582493,0.1,0.0,0.42857142857142855,"[0.2857142857142857, 0.5714285714285714]",0.1,0.011022487483588781,"[0.013136288998357963, 0.008908685968819599]",0.0,train
0.585,"[0.7566666666666667, 0.41333333333333333]",0.0,4.0,0.5689459244410197,0.0,[56],154.0,2.0,0.0,"[0.0, 0.0]",0.0,0.5689459244410197,0.1,0.0,0.0,"[0.0, 0.0]",0.1,0.0,"[0.0, 0.0]",0.0,valid
0.5717088055797733,"[0.7314734088927637, 0.4119442022667829]",0.0,4.0,0.5378566215867582,0.0,[56],155.0,2.0,0.00923167427014841,"[0.00964630225080382, 0.008817046289493]",0.0,0.5378566215867582,0.1,0.0,0.3296703296703296,"[0.23076923076923073, 0.4285714285714285]",0.1,0.004690225679397018,"[0.0049261083743842365, 0.004454342984409799]",0.0,train
0.5900000000000001,"[0.7566666666666667, 0.42333333333333334]",0.0,4.0,0.5714250306288401,0.0,[56],155.0,2.0,0.02209944751381213,"[0.0, 0.04419889502762426]",0.0,0.5714250306288401,0.1,0.0,0.3999999999999999,"[0.0, 0.7999999999999998]",0.1,0.011363636363636364,"[0.0, 0.022727272727272728]",0.0,valid
0.5765039232781168,"[0.7319093286835222, 0.4210985178727114]",0.0,4.0,0.5359743600306304,0.0,[56],156.0,2.0,0.022988505747126402,"[0.0, 0.045977011494252804]",0.0,0.5359743600306304,0.1,0.0,0.35555555555555557,"[0.0, 0.7111111111111111]",0.1,0.011878247958426132,"[0.0, 0.023756495916852263]",0.0,train
0.585,"[0.7566666666666667, 0.41333333333333333]",0.0,4.0,0.5654644966125488,0.0,[56],156.0,2.0,0.0,"[0.0, 0.0]",0.0,0.5654644966125488,0.1,0.0,0.0,"[0.0, 0.0]",0.1,0.0,"[0.0, 0.0]",0.0,valid
0.5743243243243243,"[0.7301656495204882, 0.4184829991281604]",0.0,4.0,0.5390767817911895,0.0,[56],157.0,2.0,0.022344752235516834,"[0.01275917065390744, 0.031930333817126226]",0.0,0.5390767817911895,0.1,0.0,0.4659498207885305,"[0.2222222222222222, 0.7096774193548387]",0.1,0.011450367721007456,"[0.006568144499178982, 0.016332590942835932]",0.0,train
0.595,"[0.7566666666666667, 0.43333333333333335]",0.0,4.0,0.5665022134780884,0.0,[56],157.0,2.0,0.04301075268817199,"[0.0, 0.08602150537634398]",0.0,0.5665022134780884,0.1,0.0,0.3999999999999999,"[0.0, 0.7999999999999998]",0.1,0.022727272727272728,"[0.0, 0.045454545454545456]",0.0,valid
0.5771578029642546,"[0.7327811682650393, 0.42153443766346993]",0.0,4.0,0.539081414108691,0.0,[56],158.0,2.0,0.026679702731171866,"[0.003252032520325184, 0.050107372942018544]",0.0,0.539081414108691,0.1,0.0,0.4333333333333333,"[0.16666666666666663, 0.7]",0.1,0.013812851766925956,"[0.0016420361247947454, 0.025983667409057165]",0.0,train
0.585,"[0.7566666666666667, 0.41333333333333333]",0.0,4.0,0.567357619603475,0.0,[56],158.0,2.0,0.0,"[0.0, 0.0]",0.0,0.567357619603475,0.1,0.0,0.0,"[0.0, 0.0]",0.1,0.0,"[0.0, 0.0]",0.0,valid
0.5738884045335658,"[0.7340889276373147, 0.41368788142981694]",0.0,4.0,0.5368567601494167,0.0,[56],159.0,2.0,0.009680804777409605,"[0.003267973856209141, 0.016093635698610068]",0.0,0.5368567601494167,0.1,0.0,0.44166666666666665,"[0.33333333333333326, 0.55]",0.1,0.004904165798106356,"[0.0016420361247947454, 0.008166295471417966]",0.0,train
0.585,"[0.7566666666666667, 0.41333333333333333]",0.0,4.0,0.567034900188446,0.0,[56],159.0,2.0,0.0,"[0.0, 0.0]",0.0,0.567034900188446,0.1,0.0,0.0,"[0.0, 0.0]",0.1,0.0,"[0.0, 0.0]",0.0,valid
0.5738884045335658,"[0.7332170880557978, 0.4145597210113339]",0.0,4.0,0.5380740269370701,0.0,[56],160.0,2.0,0.009495982468955427,"[0.0, 0.018991964937910853]",0.0,0.5380740269370701,0.1,0.0,0.29545454545454547,"[0.0, 0.5909090909090909]",0.1,0.004825538233110616,"[0.0, 0.009651076466221232]",0.0,train
0.5816666666666667,"[0.7566666666666667, 0.4066666666666667]",0.0,4.0,0.5628501375516256,0.0,[56],160.0,2.0,0.0,"[0.0, 0.0]",0.0,0.5628501375516256,0.1,0.0,0.0,"[0.0, 0.0]",0.1,0.0,"[0.0, 0.0]",0.0,valid
0.572362685265911,"[0.7327811682650393, 0.4119442022667829]",0.0,4.0,0.5376729019310164,0.0,[56],161.0,2.0,0.007919420432675978,"[0.012882447665056324, 0.0029563932002956306]",0.0,0.5376729019310164,0.1,0.0,0.33333333333333326,"[0.33333333333333326, 0.33333333333333326]",0.1,0.004026462746991124,"[0.006568144499178982, 0.0014847809948032665]",0.0,train
0.5866666666666667,"[0.7566666666666667, 0.4166666666666667]",0.0,4.0,0.5657872955004374,0.0,[56],161.0,2.0,0.0056497175141242886,"[0.0, 0.011299435028248577]",0.0,0.5657872955004374,0.1,0.0,0.49999999999999944,"[0.0, 0.9999999999999989]",0.1,0.002840909090909091,"[0.0, 0.005681818181818182]",0.0,valid
0.5749782040104621,"[0.7336530078465562, 0.4163034001743679]",0.0,4.0,0.5378797935402911,0.0,[56],162.0,2.0,0.015429433207637445,"[0.003262642740619889, 0.027596223674655]",0.0,0.5378797935402911,0.1,0.0,0.44166666666666665,"[0.24999999999999994, 0.6333333333333333]",0.1,0.007873727787712888,"[0.0016420361247947454, 0.014105419450631032]",0.0,train
0.585,"[0.7566666666666667, 0.41333333333333333]",0.0,4.0,0.5612005194028219,0.0,[56],162.0,2.0,0.0,"[0.0, 0.0]",0.0,0.5612005194028219,0.1,0.0,0.0,"[0.0, 0.0]",0.1,0.0,"[0.0, 0.0]",0.0,valid
0.5721447253705318,"[0.7314734088927637, 0.4128160418482999]",0.0,4.0,0.539580586163894,0.0,[56],163.0,2.0,0.011260868540729012,"[0.006451612903225772, 0.016070124178232253]",0.0,0.539580586163894,0.1,0.0,0.3409090909090909,"[0.1818181818181818, 0.5]",0.1,0.005725183860503728,"[0.003284072249589491, 0.008166295471417966]",0.0,train
0.5866666666666667,"[0.7566666666666667, 0.4166666666666667]",0.0,4.0,0.5720399618148804,0.0,[56],163.0,2.0,0.0056497175141242886,"[0.0, 0.011299435028248577]",0.0,0.5720399618148804,0.1,0.0,0.49999999999999944,"[0.0, 0.9999999999999989]",0.1,0.002840909090909091,"[0.0, 0.005681818181818182]",0.0,valid
0.5719267654751525,"[0.7327811682650393, 0.4110723626852659]",0.0,4.0,0.5384912970273391,0.0,[56],164.0,2.0,0.00529978554745134,"[0.003252032520325184, 0.007347538574577496]",0.0,0.5384912970273391,0.1,0.0,0.26190476190476186,"[0.16666666666666663, 0.3571428571428571]",0.1,0.002676994305901456,"[0.0016420361247947454, 0.003711952487008166]",0.0,train
0.5883333333333334,"[0.7566666666666667, 0.42]",0.0,4.0,0.5587843656539917,0.0,[56],164.0,2.0,0.016666666666666642,"[0.0, 0.033333333333333284]",0.0,0.5587843656539917,0.1,0.0,0.37499999999999994,"[0.0, 0.7499999999999999]",0.1,0.008522727272727272,"[0.0, 0.017045454545454544]",0.0,valid
0.5727986050566696,"[0.7306015693112468, 0.4149956408020924]",0.0,4.0,0.5384368779866592,0.0,[56],165.0,2.0,0.012545847832220411,"[0.0032258064516128685, 0.021865889212827953]",0.0,0.5384368779866592,0.1,0.0,0.34545454545454546,"[0.0909090909090909, 0.6]",0.1,0.006388946792909622,"[0.0016420361247947454, 0.011135857461024499]",0.0,train
0.5900000000000001,"[0.7566666666666667, 0.42333333333333334]",0.0,4.0,0.5512744983037313,0.0,[56],165.0,2.0,0.02209944751381213,"[0.0, 0.04419889502762426]",0.0,0.5512744983037313,0.1,0.0,0.3999999999999999,"[0.0, 0.7999999999999998]",0.1,0.011363636363636364,"[0.0, 0.022727272727272728]",0.0,valid
0.5765039232781168,"[0.7340889276373147, 0.4189189189189189]",0.0,4.0,0.5373852084512296,0.0,[56],166.0,2.0,0.025479551212450196,"[0.00651465798045601, 0.044444444444444384]",0.0,0.5373852084512296,0.1,0.0,0.5229166666666667,"[0.3999999999999999, 0.6458333333333334]",0.1,0.01314908883452006,"[0.003284072249589491, 0.02301410541945063]",0.0,train
0.585,"[0.7566666666666667, 0.41333333333333333]",0.0,4.0,0.5678499738375345,0.0,[56],166.0,2.0,0.0,"[0.0, 0.0]",0.0,0.5678499738375345,0.1,0.0,0.0,"[0.0, 0.0]",0.1,0.0,"[0.0, 0.0]",0.0,valid
0.5743243243243243,"[0.7323452484742807, 0.4163034001743679]",0.0,4.0,0.5368984017683112,0.0,[56],167.0,2.0,0.01722035570800927,"[0.009677419354838675, 0.024763292061179863]",0.0,0.5368984017683112,0.1,0.0,0.4632867132867133,"[0.2727272727272727, 0.6538461538461539]",0.1,0.008773373415106001,"[0.0049261083743842365, 0.012620638455827766]",0.0,train
0.585,"[0.7566666666666667, 0.41333333333333333]",0.0,4.0,0.5740907788276672,0.0,[56],167.0,2.0,0.0,"[0.0, 0.0]",0.0,0.5740907788276672,0.1,0.0,0.0,"[0.0, 0.0]",0.1,0.0,"[0.0, 0.0]",0.0,valid
0.5738884045335658,"[0.7336530078465562, 0.4141238012205754]",0.0,4.0,0.538473790106566,0.0,[56],168.0,2.0,0.014055597380644583,"[0.019261637239165286, 0.00884955752212388]",0.0,0.538473790106566,0.1,0.0,0.5476190476190474,"[0.4285714285714285, 0.6666666666666665]",0.1,0.007153279866589136,"[0.009852216748768473, 0.004454342984409799]",0.0,train
0.5883333333333334,"[0.7566666666666667, 0.42]",0.0,4.0,0.5793963472048441,0.0,[56],168.0,2.0,0.011235955056179761,"[0.0, 0.022471910112359522]",0.0,0.5793963472048441,0.1,0.0,0.4999999999999998,"[0.0, 0.9999999999999996]",0.1,0.005681818181818182,"[0.0, 0.011363636363636364]",0.0,valid
0.5749782040104621,"[0.7327811682650393, 0.41717523975588494]",0.0,4.0,0.5401415513909381,0.0,[56],169.0,2.0,0.020570010941495142,"[0.006482982171799001, 0.03465703971119128]",0.0,0.5401415513909381,0.1,0.0,0.4407894736842105,"[0.24999999999999994, 0.631578947368421]",0.1,0.010550722093614344,"[0.003284072249589491, 0.017817371937639197]",0.0,train
0.585,"[0.7566666666666667, 0.41333333333333333]",0.0,4.0,0.5702789227167765,0.0,[56],169.0,2.0,0.0,"[0.0, 0.0]",0.0,0.5702789227167765,0.1,0.0,0.0,"[0.0, 0.0]",0.1,0.0,"[0.0, 0.0]",0.0,valid
0.5727986050566696,"[0.7336530078465562, 0.4119442022667829]",0.0,4.0,0.5370133324809696,0.0,[56],170.0,2.0,0.0044085231447465,"[0.0, 0.008817046289493]",0.0,0.5370133324809696,0.1,0.0,0.21428571428571425,"[0.0, 0.4285714285714285]",0.1,0.0022271714922048997,"[0.0, 0.004454342984409799]",0.0,train
0.585,"[0.7566666666666667, 0.41333333333333333]",0.0,4.0,0.5705929001172384,0.0,[56],170.0,2.0,0.0,"[0.0, 0.0]",0.0,0.5705929001172384,0.1,0.0,0.0,"[0.0, 0.0]",0.1,0.0,"[0.0, 0.0]",0.0,valid
0.5738884045335658,"[0.7314734088927637, 0.4163034001743679]",0.0,4.0,0.5373696697794873,0.0,[56],171.0,2.0,0.019501165501165457,"[0.012820512820512773, 0.026181818181818143]",0.0,0.5373696697794873,0.1,0.0,0.45476190476190476,"[0.2666666666666666, 0.6428571428571429]",0.1,0.00996558672620419,"[0.006568144499178982, 0.013363028953229399]",0.0,train
0.5866666666666667,"[0.7566666666666667, 0.4166666666666667]",0.0,4.0,0.565372367699941,0.0,[56],171.0,2.0,0.0056497175141242886,"[0.0, 0.011299435028248577]",0.0,0.565372367699941,0.1,0.0,0.49999999999999944,"[0.0, 0.9999999999999989]",0.1,0.002840909090909091,"[0.0, 0.005681818181818182]",0.0,valid
0.5738884045335658,"[0.7301656495204882, 0.4176111595466434]",0.0,4.0,0.5386451223622197,0.0,[56],172.0,2.0,0.026494527855689322,"[0.01275917065390744, 0.0402298850574712]",0.0,0.5386451223622197,0.1,0.0,0.4222222222222222,"[0.2222222222222222, 0.6222222222222222]",0.1,0.013677539213212356,"[0.006568144499178982, 0.020786933927245732]",0.0,train
0.585,"[0.7566666666666667, 0.41333333333333333]",0.0,4.0,0.5834383765856425,0.0,[56],172.0,2.0,0.0,"[0.0, 0.0]",0.0,0.5834383765856425,0.1,0.0,0.0,"[0.0, 0.0]",0.1,0.0,"[0.0, 0.0]",0.0,valid
0.5765039232781168,"[0.7349607672188317, 0.41804707933740193]",0.0,4.0,0.5385030197060626,0.0,[56],173.0,2.0,0.030495796957135862,"[0.019354838709677386, 0.04163675520459434]",0.0,0.5385030197060626,0.1,0.0,0.5879446640316206,"[0.5454545454545454, 0.6304347826086957]",0.1,0.015690770586707918,"[0.009852216748768473, 0.021529324424647365]",0.0,train
0.585,"[0.7533333333333333, 0.4166666666666667]",0.0,4.0,0.5532851417859396,0.0,[56],173.0,2.0,0.0056497175141242886,"[0.0, 0.011299435028248577]",0.0,0.5532851417859396,0.1,0.0,0.49999999999999944,"[0.0, 0.9999999999999989]",0.1,0.002840909090909091,"[0.0, 0.005681818181818182]",0.0,valid
0.5749782040104621,"[0.7323452484742807, 0.4176111595466434]",0.0,4.0,0.5396676542966262,0.0,[56],174.0,2.0,0.020577286417120262,"[0.006472491909385084, 0.03468208092485544]",0.0,0.5396676542966262,0.1,0.0,0.43543543543543545,"[0.22222222222222218, 0.6486486486486487]",0.1,0.010550722093614344,"[0.003284072249589491, 0.017817371937639197]",0.0,train
0.5866666666666667,"[0.7566666666666667, 0.4166666666666667]",0.0,4.0,0.5581170916557312,0.0,[56],174.0,2.0,0.0056497175141242886,"[0.0, 0.011299435028248577]",0.0,0.5581170916557312,0.1,0.0,0.49999999999999944,"[0.0, 0.9999999999999989]",0.1,0.002840909090909091,"[0.0, 0.005681818181818182]",0.0,valid
0.574106364428945,"[0.7327811682650393, 0.4154315605928509]",0.0,4.0,0.5392207334870878,0.0,[56],175.0,2.0,0.012751366725987269,"[0.006482982171799001, 0.019019751280175537]",0.0,0.5392207334870878,0.1,0.0,0.44999999999999996,"[0.24999999999999994, 0.65]",0.1,0.006467574357905361,"[0.003284072249589491, 0.009651076466221232]",0.0,train
0.5900000000000001,"[0.7566666666666667, 0.42333333333333334]",0.0,4.0,0.5582234660784403,0.0,[56],175.0,2.0,0.02732240437158466,"[0.0, 0.05464480874316932]",0.0,0.5582234660784403,0.1,0.0,0.3571428571428571,"[0.0, 0.7142857142857142]",0.1,0.014204545454545454,"[0.0, 0.028409090909090908]",0.0,valid
0.5758500435919791,"[0.7336530078465562, 0.41804707933740193]",0.0,4.0,0.5389989109142966,0.0,[56],176.0,2.0,0.021302574036570654,"[0.006504065040650387, 0.03610108303249092]",0.0,0.5389989109142966,0.1,0.0,0.4956140350877193,"[0.33333333333333326, 0.6578947368421053]",0.1,0.01092191734231516,"[0.003284072249589491, 0.01855976243504083]",0.0,train
0.5866666666666667,"[0.7566666666666667, 0.4166666666666667]",0.0,4.0,0.5661080479621887,0.0,[56],176.0,2.0,0.011173184357541884,"[0.0, 0.02234636871508377]",0.0,0.5661080479621887,0.1,0.0,0.33333333333333326,"[0.0, 0.6666666666666665]",0.1,0.005681818181818182,"[0.0, 0.011363636363636364]",0.0,valid
0.5727986050566696,"[0.7310374891020053, 0.4145597210113339]",0.0,4.0,0.5375493233618529,0.0,[56],177.0,2.0,0.008952266038637066,"[0.0032310177705977064, 0.014673514306676424]",0.0,0.5375493233618529,0.1,0.0,0.3625,"[0.09999999999999998, 0.625]",0.1,0.004532970549405539,"[0.0016420361247947454, 0.007423904974016332]",0.0,train
0.5866666666666667,"[0.7566666666666667, 0.4166666666666667]",0.0,4.0,0.557183563709259,0.0,[56],177.0,2.0,0.0056497175141242886,"[0.0, 0.011299435028248577]",0.0,0.557183563709259,0.1,0.0,0.49999999999999944,"[0.0, 0.9999999999999989]",0.1,0.002840909090909091,"[0.0, 0.005681818181818182]",0.0,valid
0.5734524847428073,"[0.7332170880557978, 0.41368788142981694]",0.0,4.0,0.5366780006367228,0.0,[56],178.0,2.0,0.0067795107055628485,"[0.0032573289902279967, 0.0103016924208977]",0.0,0.5366780006367228,0.1,0.0,0.3916666666666666,"[0.19999999999999996, 0.5833333333333333]",0.1,0.003419384803303089,"[0.0016420361247947454, 0.005196733481811433]",0.0,train
0.5933333333333334,"[0.7566666666666667, 0.43]",0.0,4.0,0.5592678586641947,0.0,[56],178.0,2.0,0.03783783783783779,"[0.0, 0.07567567567567558]",0.0,0.5592678586641947,0.1,0.0,0.38888888888888884,"[0.0, 0.7777777777777777]",0.1,0.019886363636363636,"[0.0, 0.03977272727272727]",0.0,valid
0.5765039232781168,"[0.7340889276373147, 0.4189189189189189]",0.0,4.0,0.5368827063104381,0.0,[56],179.0,2.0,0.022906227630637044,"[0.0, 0.04581245526127409]",0.0,0.5368827063104381,0.1,0.0,0.32,"[0.0, 0.64]",0.1,0.011878247958426132,"[0.0, 0.023756495916852263]",0.0,train
0.585,"[0.7566666666666667, 0.41333333333333333]",0.0,4.0,0.5614915092786154,0.0,[56],179.0,2.0,0.0,"[0.0, 0.0]",0.0,0.5614915092786154,0.1,0.0,0.0,"[0.0, 0.0]",0.1,0.0,"[0.0, 0.0]",0.0,valid
0.574106364428945,"[0.7306015693112468, 0.4176111595466434]",0.0,4.0,0.5404010285501895,0.0,[56],180.0,2.0,0.014911340516349788,"[0.0064308681672025315, 0.023391812865497043]",0.0,0.5404010285501895,0.1,0.0,0.45787545787545786,"[0.15384615384615383, 0.7619047619047619]",0.1,0.007581160104007811,"[0.003284072249589491, 0.011878247958426132]",0.0,train
0.5866666666666667,"[0.7566666666666667, 0.4166666666666667]",0.0,4.0,0.5632594029108683,0.0,[56],180.0,2.0,0.0056497175141242886,"[0.0, 0.011299435028248577]",0.0,0.5632594029108683,0.1,0.0,0.49999999999999944,"[0.0, 0.9999999999999989]",0.1,0.002840909090909091,"[0.0, 0.005681818181818182]",0.0,valid
0.5773757628596338,"[0.7336530078465562, 0.4210985178727114]",0.0,4.0,0.5370425685592319,0.0,[56],181.0,2.0,0.026667086749422926,"[0.003262642740619889, 0.050071530758225964]",0.0,0.5370425685592319,0.1,0.0,0.4681372549019608,"[0.24999999999999994, 0.6862745098039216]",0.1,0.013812851766925956,"[0.0016420361247947454, 0.025983667409057165]",0.0,train
0.5916666666666667,"[0.7566666666666667, 0.4266666666666667]",0.0,4.0,0.5483561158180237,0.0,[56],181.0,2.0,0.022222222222222202,"[0.0, 0.044444444444444405]",0.0,0.5483561158180237,0.1,0.0,0.4999999999999999,"[0.0, 0.9999999999999998]",0.1,0.011363636363636364,"[0.0, 0.022727272727272728]",0.0,valid
0.5738884045335658,"[0.7336530078465562, 0.4141238012205754]",0.0,4.0,0.5391102588695028,0.0,[56],182.0,2.0,0.013748191027496358,"[0.0, 0.027496382054992715]",0.0,0.5391102588695028,0.1,0.0,0.2714285714285714,"[0.0, 0.5428571428571428]",0.1,0.007052709725315516,"[0.0, 0.014105419450631032]",0.0,train
0.585,"[0.7566666666666667, 0.41333333333333333]",0.0,4.0,0.5594703952471415,0.0,[56],182.0,2.0,0.0,"[0.0, 0.0]",0.0,0.5594703952471415,0.1,0.0,0.0,"[0.0, 0.0]",0.1,0.0,"[0.0, 0.0]",0.0,valid
0.5743243243243243,"[0.7323452484742807, 0.4163034001743679]",0.0,4.0,0.5359450397284135,0.0,[56],183.0,2.0,0.008082292432035258,"[0.0, 0.016164584864070516]",0.0,0.5359450397284135,0.1,0.0,0.3928571428571428,"[0.0, 0.7857142857142856]",0.1,0.004083147735708983,"[0.0, 0.008166295471417966]",0.0,train
0.5866666666666667,"[0.7566666666666667, 0.4166666666666667]",0.0,4.0,0.5636142790317535,0.0,[56],183.0,2.0,0.0056497175141242886,"[0.0, 0.011299435028248577]",0.0,0.5636142790317535,0.1,0.0,0.49999999999999944,"[0.0, 0.9999999999999989]",0.1,0.002840909090909091,"[0.0, 0.005681818181818182]",0.0,valid
0.5767218831734962,"[0.7332170880557978, 0.4202266782911944]",0.0,4.0,0.5386374476163284,0.0,[56],184.0,2.0,0.03415047653958938,"[0.012903225806451578, 0.05539772727272718]",0.0,0.5386374476163284,0.1,0.0,0.5014903129657228,"[0.3636363636363636, 0.639344262295082]",0.1,0.01776068694892134,"[0.006568144499178982, 0.028953229398663696]",0.0,train
0.5900000000000001,"[0.7566666666666667, 0.42333333333333334]",0.0,4.0,0.5654395421346029,0.0,[56],184.0,2.0,0.016759776536312828,"[0.0, 0.033519553072625656]",0.0,0.5654395421346029,0.1,0.0,0.49999999999999983,"[0.0, 0.9999999999999997]",0.1,0.008522727272727272,"[0.0, 0.017045454545454544]",0.0,valid
0.576721883173496,"[0.7340889276373147, 0.41935483870967744]",0.0,4.0,0.5368803324906722,0.0,[56],185.0,2.0,0.0204201140957346,"[0.003267973856209141, 0.03757225433526006]",0.0,0.5368803324906722,0.1,0.0,0.5180180180180181,"[0.33333333333333326, 0.7027027027027027]",0.1,0.010472094528618605,"[0.0016420361247947454, 0.019302152932442463]",0.0,train
0.585,"[0.7566666666666667, 0.41333333333333333]",0.0,4.0,0.5692488153775533,0.0,[56],185.0,2.0,0.0,"[0.0, 0.0]",0.0,0.5692488153775533,0.1,0.0,0.0,"[0.0, 0.0]",0.1,0.0,"[0.0, 0.0]",0.0,valid
0.5747602441150829,"[0.7310374891020053, 0.4184829991281604]",0.0,4.0,0.5392801709797072,0.0,[56],186.0,2.0,0.022673061483987386,"[0.006441223832528143, 0.03890489913544663]",0.0,0.5392801709797072,0.1,0.0,0.41260162601626016,"[0.16666666666666663, 0.6585365853658537]",0.1,0.011664307839716795,"[0.003284072249589491, 0.0200445434298441]",0.0,train
0.5916666666666667,"[0.7566666666666667, 0.4266666666666667]",0.0,4.0,0.5646095474561056,0.0,[56],186.0,2.0,0.027472527472527437,"[0.0, 0.054945054945054875]",0.0,0.5646095474561056,0.1,0.0,0.41666666666666663,"[0.0, 0.8333333333333333]",0.1,0.014204545454545454,"[0.0, 0.028409090909090908]",0.0,valid
0.5808631211857018,"[0.7336530078465562, 0.4280732345248474]",0.0,4.0,0.5350976495639138,0.0,[56],187.0,2.0,0.0354107648725212,"[0.0, 0.0708215297450424]",0.0,0.5350976495639138,0.1,0.0,0.38461538461538464,"[0.0, 0.7692307692307693]",0.1,0.01855976243504083,"[0.0, 0.03711952487008166]",0.0,train
0.585,"[0.7566666666666667, 0.41333333333333333]",0.0,4.0,0.5686108469963074,0.0,[56],187.0,2.0,0.0,"[0.0, 0.0]",0.0,0.5686108469963074,0.1,0.0,0.0,"[0.0, 0.0]",0.1,0.0,"[0.0, 0.0]",0.0,valid
0.5736704446381866,"[0.7314734088927637, 0.41586748038360943]",0.0,4.0,0.537895336099293,0.0,[56],188.0,2.0,0.019603734488137597,"[0.0032362459546925277, 0.03597122302158267]",0.0,0.537895336099293,0.1,0.0,0.3462532299741602,"[0.11111111111111109, 0.5813953488372093]",0.1,0.010100899279917789,"[0.0016420361247947454, 0.01855976243504083]",0.0,train
0.5933333333333334,"[0.7566666666666667, 0.43]",0.0,4.0,0.5654599467913309,0.0,[56],188.0,2.0,0.027624309392265164,"[0.0, 0.05524861878453033]",0.0,0.5654599467913309,0.1,0.0,0.4999999999999999,"[0.0, 0.9999999999999998]",0.1,0.014204545454545454,"[0.0, 0.028409090909090908]",0.0,valid
0.5747602441150828,"[0.7314734088927637, 0.41804707933740193]",0.0,4.0,0.5386909894321276,0.0,[56],189.0,2.0,0.022436500579643432,"[0.0032362459546925277, 0.04163675520459434]",0.0,0.5386909894321276,0.1,0.0,0.37077294685990336,"[0.11111111111111109, 0.6304347826086957]",0.1,0.011585680274721056,"[0.0016420361247947454, 0.021529324424647365]",0.0,train
0.5900000000000001,"[0.7566666666666667, 0.42333333333333334]",0.0,4.0,0.5531814098358154,0.0,[56],189.0,2.0,0.016759776536312828,"[0.0, 0.033519553072625656]",0.0,0.5531814098358154,0.1,0.0,0.49999999999999983,"[0.0, 0.9999999999999997]",0.1,0.008522727272727272,"[0.0, 0.017045454545454544]",0.0,valid
0.5734524847428073,"[0.7327811682650393, 0.4141238012205754]",0.0,4.0,0.5386825722196827,0.0,[56],190.0,2.0,0.015357060482105753,"[0.016051364365971064, 0.014662756598240444]",0.0,0.5386825722196827,0.1,0.0,0.4726890756302521,"[0.3571428571428571, 0.5882352941176471]",0.1,0.00781704279899503,"[0.008210180623973728, 0.007423904974016332]",0.0,train
0.5866666666666667,"[0.7566666666666667, 0.4166666666666667]",0.0,4.0,0.5685408314069113,0.0,[56],190.0,2.0,0.0056497175141242886,"[0.0, 0.011299435028248577]",0.0,0.5685408314069113,0.1,0.0,0.49999999999999944,"[0.0, 0.9999999999999989]",0.1,0.002840909090909091,"[0.0, 0.005681818181818182]",0.0,valid
0.5751961639058413,"[0.7336530078465562, 0.4167393199651264]",0.0,4.0,0.5368304732053176,0.0,[56],191.0,2.0,0.02273125530080533,"[0.019261637239165286, 0.02620087336244538]",0.0,0.5368304732053176,0.1,0.0,0.5476190476190476,"[0.4285714285714285, 0.6666666666666666]",0.1,0.011607622850998936,"[0.009852216748768473, 0.013363028953229399]",0.0,train
0.5916666666666667,"[0.7566666666666667, 0.4266666666666667]",0.0,4.0,0.574661781390508,0.0,[56],191.0,2.0,0.027472527472527437,"[0.0, 0.054945054945054875]",0.0,0.574661781390508,0.1,0.0,0.41666666666666663,"[0.0, 0.8333333333333333]",0.1,0.014204545454545454,"[0.0, 0.028409090909090908]",0.0,valid
0.5758500435919791,"[0.7336530078465562, 0.41804707933740193]",0.0,4.0,0.5374535659085149,0.0,[56],192.0,2.0,0.018700546898332122,"[0.009724473257698516, 0.027676620538965732]",0.0,0.5374535659085149,0.1,0.0,0.5528846153846153,"[0.37499999999999994, 0.7307692307692307]",0.1,0.009515763912507634,"[0.0049261083743842365, 0.014105419450631032]",0.0,train
0.5883333333333334,"[0.7566666666666667, 0.42]",0.0,4.0,0.5564301808675131,0.0,[56],192.0,2.0,0.011235955056179761,"[0.0, 0.022471910112359522]",0.0,0.5564301808675131,0.1,0.0,0.4999999999999998,"[0.0, 0.9999999999999996]",0.1,0.005681818181818182,"[0.0, 0.011363636363636364]",0.0,valid
0.5732345248474281,"[0.7301656495204882, 0.4163034001743679]",0.0,4.0,0.5377091415550398,0.0,[56],193.0,2.0,0.0137981118373275,"[0.0, 0.027596223674655]",0.0,0.5377091415550398,0.1,0.0,0.31666666666666665,"[0.0, 0.6333333333333333]",0.1,0.007052709725315516,"[0.0, 0.014105419450631032]",0.0,train
0.585,"[0.7566666666666667, 0.41333333333333333]",0.0,4.0,0.5773351391156515,0.0,[56],193.0,2.0,0.0,"[0.0, 0.0]",0.0,0.5773351391156515,0.1,0.0,0.0,"[0.0, 0.0]",0.1,0.0,"[0.0, 0.0]",0.0,valid
0.5765039232781168,"[0.7332170880557978, 0.4197907585004359]",0.0,4.0,0.5395315937373949,0.0,[56],194.0,2.0,0.02018745493871663,"[0.0, 0.04037490987743326]",0.0,0.5395315937373949,0.1,0.0,0.35,"[0.0, 0.7]",0.1,0.010393466963622866,"[0.0, 0.020786933927245732]",0.0,train
0.585,"[0.7566666666666667, 0.41333333333333333]",0.0,4.0,0.568444828192393,0.0,[56],194.0,2.0,0.0,"[0.0, 0.0]",0.0,0.568444828192393,0.1,0.0,0.0,"[0.0, 0.0]",0.1,0.0,"[0.0, 0.0]",0.0,valid
0.5743243243243243,"[0.7314734088927637, 0.41717523975588494]",0.0,4.0,0.5373081538988196,0.0,[56],195.0,2.0,0.017043988269794683,"[0.006451612903225772, 0.027636363636363594]",0.0,0.5373081538988196,0.1,0.0,0.4301948051948052,"[0.1818181818181818, 0.6785714285714286]",0.1,0.008694745850110262,"[0.003284072249589491, 0.014105419450631032]",0.0,train
0.585,"[0.7566666666666667, 0.41333333333333333]",0.0,4.0,0.5707283020019531,0.0,[56],195.0,2.0,0.0,"[0.0, 0.0]",0.0,0.5707283020019531,0.1,0.0,0.0,"[0.0, 0.0]",0.1,0.0,"[0.0, 0.0]",0.0,valid
0.5717088055797733,"[0.7319093286835222, 0.4115082824760244]",0.0,4.0,0.5376863816510076,0.0,[56],196.0,2.0,0.004405286343612324,"[0.0, 0.008810572687224648]",0.0,0.5376863816510076,0.1,0.0,0.19999999999999998,"[0.0, 0.39999999999999997]",0.1,0.0022271714922048997,"[0.0, 0.004454342984409799]",0.0,train
0.585,"[0.7566666666666667, 0.41333333333333333]",0.0,4.0,0.5639529228210449,0.0,[56],196.0,2.0,0.0,"[0.0, 0.0]",0.0,0.5639529228210449,0.1,0.0,0.0,"[0.0, 0.0]",0.1,0.0,"[0.0, 0.0]",0.0,valid
0.5732345248474281,"[0.7319093286835222, 0.4145597210113339]",0.0,4.0,0.5397432018881259,0.0,[56],197.0,2.0,0.01929107314818153,"[0.025356576862123545, 0.01322556943423951]",0.0,0.5397432018881259,0.1,0.0,0.5032467532467533,"[0.36363636363636365, 0.6428571428571428]",0.1,0.009908901737486332,"[0.013136288998357963, 0.0066815144766146995]",0.0,train
0.6033333333333334,"[0.7566666666666667, 0.45]",0.0,4.0,0.5490158994992574,0.0,[56],197.0,2.0,0.07253886010362685,"[0.0, 0.1450777202072537]",0.0,0.5490158994992574,0.1,0.0,0.4117647058823529,"[0.0, 0.8235294117647058]",0.1,0.03977272727272727,"[0.0, 0.07954545454545454]",0.0,valid
0.5754141238012206,"[0.7332170880557978, 0.4176111595466434]",0.0,4.0,0.5406517127285833,0.0,[56],198.0,2.0,0.023118635841818832,"[0.0032573289902279967, 0.04297994269340967]",0.0,0.5406517127285833,0.1,0.0,0.4061224489795918,"[0.19999999999999996, 0.6122448979591837]",0.1,0.011956875523421872,"[0.0016420361247947454, 0.022271714922048998]",0.0,train
0.5833333333333334,"[0.75, 0.4166666666666667]",0.0,4.0,0.5541346768538157,0.0,[56],198.0,2.0,0.0056497175141242886,"[0.0, 0.011299435028248577]",0.0,0.5541346768538157,0.1,0.0,0.49999999999999944,"[0.0, 0.9999999999999989]",0.1,0.002840909090909091,"[0.0, 0.005681818181818182]",0.0,valid
0.5738884045335658,"[0.7306015693112468, 0.41717523975588494]",0.0,4.0,0.5395313592060752,0.0,[56],199.0,2.0,0.023892268595174678,"[0.015923566878980833, 0.031860970311368524]",0.0,0.5395313592060752,0.1,0.0,0.45510835913312697,"[0.2631578947368421, 0.6470588235294118]",0.1,0.01227138578340483,"[0.008210180623973728, 0.016332590942835932]",0.0,train
0.585,"[0.7566666666666667, 0.41333333333333333]",0.0,4.0,0.5740072329839071,0.0,[56],199.0,2.0,0.0,"[0.0, 0.0]",0.0,0.5740072329839071,0.1,0.0,0.0,"[0.0, 0.0]",0.1,0.0,"[0.0, 0.0]",0.0,valid
0.574106364428945,"[0.7336530078465562, 0.4145597210113339]",0.0,4.0,0.537513228862182,0.0,[56],200.0,2.0,0.0082441060874297,"[0.003262642740619889, 0.01322556943423951]",0.0,0.537513228862182,0.1,0.0,0.4464285714285714,"[0.24999999999999994, 0.6428571428571428]",0.1,0.004161775300704723,"[0.0016420361247947454, 0.0066815144766146995]",0.0,train
0.585,"[0.7566666666666667, 0.41333333333333333]",0.0,4.0,0.5599055290222168,0.0,[56],200.0,2.0,0.0,"[0.0, 0.0]",0.0,0.5599055290222168,0.1,0.0,0.0,"[0.0, 0.0]",0.1,0.0,"[0.0, 0.0]",0.0,valid
0.5749782040104621,"[0.7345248474280732, 0.4154315605928509]",0.0,4.0,0.5362653058508168,0.0,[56],201.0,2.0,0.01682104298987113,"[0.003273322422258586, 0.030368763557483677]",0.0,0.5362653058508168,0.1,0.0,0.5416666666666665,"[0.4999999999999998, 0.5833333333333334]",0.1,0.008616118285114523,"[0.0016420361247947454, 0.015590200445434299]",0.0,train
0.585,"[0.7566666666666667, 0.41333333333333333]",0.0,4.0,0.555291493733724,0.0,[56],201.0,2.0,0.0,"[0.0, 0.0]",0.0,0.555291493733724,0.1,0.0,0.0,"[0.0, 0.0]",0.1,0.0,"[0.0, 0.0]",0.0,valid
0.5738884045335658,"[0.7327811682650393, 0.4149956408020924]",0.0,4.0,0.5371839352276014,0.0,[56],202.0,2.0,0.007517032460457134,"[0.003252032520325184, 0.011782032400589084]",0.0,0.5371839352276014,0.1,0.0,0.4469696969696969,"[0.16666666666666663, 0.7272727272727272]",0.1,0.0037905800520039055,"[0.0016420361247947454, 0.005939123979213066]",0.0,train
0.5866666666666667,"[0.7566666666666667, 0.4166666666666667]",0.0,4.0,0.5681378444035848,0.0,[56],202.0,2.0,0.011173184357541884,"[0.0, 0.02234636871508377]",0.0,0.5681378444035848,0.1,0.0,0.33333333333333326,"[0.0, 0.6666666666666665]",0.1,0.005681818181818182,"[0.0, 0.011363636363636364]",0.0,valid
0.5760680034873583,"[0.7336530078465562, 0.4184829991281604]",0.0,4.0,0.5367019293100938,0.0,[56],203.0,2.0,0.026810548549678938,"[0.016103059581320415, 0.037518037518037464]",0.0,0.5367019293100938,0.1,0.0,0.5416666666666666,"[0.41666666666666663, 0.6666666666666666]",0.1,0.013756166778208095,"[0.008210180623973728, 0.019302152932442463]",0.0,train
0.5883333333333334,"[0.7566666666666667, 0.42]",0.0,4.0,0.5695119698842367,0.0,[56],203.0,2.0,0.011235955056179761,"[0.0, 0.022471910112359522]",0.0,0.5695119698842367,0.1,0.0,0.4999999999999998,"[0.0, 0.9999999999999996]",0.1,0.005681818181818182,"[0.0, 0.011363636363636364]",0.0,valid
0.5732345248474281,"[0.7327811682650393, 0.41368788142981694]",0.0,4.0,0.5388774262822192,0.0,[56],204.0,2.0,0.007326007326007312,"[0.0, 0.014652014652014624]",0.0,0.5388774262822192,0.1,0.0,0.2777777777777778,"[0.0, 0.5555555555555556]",0.1,0.003711952487008166,"[0.0, 0.007423904974016332]",0.0,train
0.5866666666666667,"[0.7566666666666667, 0.4166666666666667]",0.0,4.0,0.5732627908388773,0.0,[56],204.0,2.0,0.0056497175141242886,"[0.0, 0.011299435028248577]",0.0,0.5732627908388773,0.1,0.0,0.49999999999999944,"[0.0, 0.9999999999999989]",0.1,0.002840909090909091,"[0.0, 0.005681818181818182]",0.0,valid
0.5756320836965998,"[0.7327811682650393, 0.4184829991281604]",0.0,4.0,0.5355359264042067,0.0,[56],205.0,2.0,0.020385035019181326,"[0.003252032520325184, 0.037518037518037464]",0.0,0.5355359264042067,0.1,0.0,0.41666666666666663,"[0.16666666666666663, 0.6666666666666666]",0.1,0.010472094528618605,"[0.0016420361247947454, 0.019302152932442463]",0.0,train
0.585,"[0.7566666666666667, 0.41333333333333333]",0.0,4.0,0.5580138564109802,0.0,[56],205.0,2.0,0.0,"[0.0, 0.0]",0.0,0.5580138564109802,0.1,0.0,0.0,"[0.0, 0.0]",0.1,0.0,"[0.0, 0.0]",0.0,valid
0.5762859633827375,"[0.7340889276373147, 0.4184829991281604]",0.0,4.0,0.537799569575683,0.0,[56],206.0,2.0,0.02177787182019087,"[0.003267973856209141, 0.0402877697841726]",0.0,0.537799569575683,0.1,0.0,0.49224806201550386,"[0.33333333333333326, 0.6511627906976745]",0.1,0.01121448502602024,"[0.0016420361247947454, 0.020786933927245732]",0.0,train
0.5866666666666667,"[0.7566666666666667, 0.4166666666666667]",0.0,4.0,0.5564976731936137,0.0,[56],206.0,2.0,0.0056497175141242886,"[0.0, 0.011299435028248577]",0.0,0.5564976731936137,0.1,0.0,0.49999999999999944,"[0.0, 0.9999999999999989]",0.1,0.002840909090909091,"[0.0, 0.005681818181818182]",0.0,valid
0.5727986050566696,"[0.7323452484742807, 0.4132519616390584]",0.0,4.0,0.5373907750067504,0.0,[56],207.0,2.0,0.013029108636410752,"[0.012861736334405105, 0.013196480938416398]",0.0,0.5373907750067504,0.1,0.0,0.418552036199095,"[0.30769230769230765, 0.5294117647058824]",0.1,0.006624829487896841,"[0.006568144499178982, 0.0066815144766146995]",0.0,train
0.5883333333333334,"[0.7566666666666667, 0.42]",0.0,4.0,0.5757120649019877,0.0,[56],207.0,2.0,0.011235955056179761,"[0.0, 0.022471910112359522]",0.0,0.5757120649019877,0.1,0.0,0.4999999999999998,"[0.0, 0.9999999999999996]",0.1,0.005681818181818182,"[0.0, 0.011363636363636364]",0.0,valid
0.5719267654751525,"[0.7301656495204882, 0.41368788142981694]",0.0,4.0,0.5376477060110673,0.0,[56],208.0,2.0,0.012126007326007288,"[0.00959999999999995, 0.014652014652014624]",0.0,0.5376477060110673,0.1,0.0,0.3715277777777778,"[0.1875, 0.5555555555555556]",0.1,0.006175006674200284,"[0.0049261083743842365, 0.007423904974016332]",0.0,train
0.585,"[0.7566666666666667, 0.41333333333333333]",0.0,4.0,0.5608871777852377,0.0,[56],208.0,2.0,0.0,"[0.0, 0.0]",0.0,0.5608871777852377,0.1,0.0,0.0,"[0.0, 0.0]",0.1,0.0,"[0.0, 0.0]",0.0,valid
0.5743243243243243,"[0.7332170880557978, 0.4154315605928509]",0.0,4.0,0.5371756035348644,0.0,[56],209.0,2.0,0.013473195905628312,"[0.006493506493506471, 0.020452885317750153]",0.0,0.5371756035348644,0.1,0.0,0.461038961038961,"[0.2857142857142857, 0.6363636363636364]",0.1,0.006838769606606178,"[0.003284072249589491, 0.010393466963622866]",0.0,train
0.5816666666666667,"[0.75, 0.41333333333333333]",0.0,4.0,0.5542628169059753,0.0,[56],209.0,2.0,0.0,"[0.0, 0.0]",0.0,0.5542628169059753,0.1,0.0,0.0,"[0.0, 0.0]",0.1,0.0,"[0.0, 0.0]",0.0,valid
0.5795553618134264,"[0.7319093286835222, 0.4272013949433304]",0.0,4.0,0.5362454121527465,0.0,[56],210.0,2.0,0.05348869671569955,"[0.0284360189573459, 0.0785413744740532]",0.0,0.5362454121527465,0.1,0.0,0.5419303797468354,"[0.375, 0.7088607594936709]",0.1,0.028176096488822085,"[0.014778325123152709, 0.041573867854491464]",0.0,train
0.5833333333333333,"[0.7533333333333333, 0.41333333333333333]",0.0,4.0,0.5626248717308044,0.0,[56],210.0,2.0,0.0,"[0.0, 0.0]",0.0,0.5626248717308044,0.1,0.0,0.0,"[0.0, 0.0]",0.1,0.0,"[0.0, 0.0]",0.0,valid
0.5734524847428073,"[0.7319093286835222, 0.4149956408020924]",0.0,4.0,0.5418771064799764,0.0,[56],211.0,2.0,0.013975396705740422,"[0.003241491085899488, 0.024709302325581356]",0.0,0.5418771064799764,0.1,0.0,0.35560344827586204,"[0.12499999999999997, 0.5862068965517241]",0.1,0.007131337290311256,"[0.0016420361247947454, 0.012620638455827766]",0.0,train
0.5916666666666667,"[0.7566666666666667, 0.4266666666666667]",0.0,4.0,0.5648493766784668,0.0,[56],211.0,2.0,0.022222222222222202,"[0.0, 0.044444444444444405]",0.0,0.5648493766784668,0.1,0.0,0.4999999999999999,"[0.0, 0.9999999999999998]",0.1,0.011363636363636364,"[0.0, 0.022727272727272728]",0.0,valid
0.576721883173496,"[0.7319093286835222, 0.42153443766346993]",0.0,4.0,0.5395862084368,0.0,[56],212.0,2.0,0.03350536399300278,"[0.012841091492776843, 0.054169636493228715]",0.0,0.5395862084368,0.1,0.0,0.48214285714285715,"[0.2857142857142857, 0.6785714285714286]",0.1,0.017389491700220524,"[0.006568144499178982, 0.028210838901262063]",0.0,train
0.5883333333333334,"[0.7566666666666667, 0.42]",0.0,4.0,0.5577432513237,0.0,[56],212.0,2.0,0.011235955056179761,"[0.0, 0.022471910112359522]",0.0,0.5577432513237,0.1,0.0,0.4999999999999998,"[0.0, 0.9999999999999996]",0.1,0.005681818181818182,"[0.0, 0.011363636363636364]",0.0,valid
0.5795553618134264,"[0.7336530078465562, 0.42545771578029645]",0.0,4.0,0.5381568113098973,0.0,[56],213.0,2.0,0.04001175706338744,"[0.016103059581320415, 0.06392045454545447]",0.0,0.5381568113098973,0.1,0.0,0.5771857923497268,"[0.41666666666666663, 0.7377049180327869]",0.1,0.020808876503523616,"[0.008210180623973728, 0.0334075723830735]",0.0,train
0.5866666666666667,"[0.7566666666666667, 0.4166666666666667]",0.0,4.0,0.5626426736513773,0.0,[56],213.0,2.0,0.016574585635359088,"[0.0, 0.033149171270718175]",0.0,0.5626426736513773,0.1,0.0,0.29999999999999993,"[0.0, 0.5999999999999999]",0.1,0.008522727272727272,"[0.0, 0.017045454545454544]",0.0,valid
0.5747602441150828,"[0.7314734088927637, 0.41804707933740193]",0.0,4.0,0.5384654247242472,0.0,[56],214.0,2.0,0.02012940330697337,"[0.0, 0.04025880661394674]",0.0,0.5384654247242472,0.1,0.0,0.3181818181818182,"[0.0, 0.6363636363636364]",0.1,0.010393466963622866,"[0.0, 0.020786933927245732]",0.0,train
0.585,"[0.7566666666666667, 0.41333333333333333]",0.0,4.0,0.5614119172096252,0.0,[56],214.0,2.0,0.0,"[0.0, 0.0]",0.0,0.5614119172096252,0.1,0.0,0.0,"[0.0, 0.0]",0.1,0.0,"[0.0, 0.0]",0.0,valid
0.5756320836965998,"[0.7332170880557978, 0.41804707933740193]",0.0,4.0,0.5378036045509836,0.0,[56],215.0,2.0,0.018745493871665436,"[0.0, 0.03749098774333087]",0.0,0.5378036045509836,0.1,0.0,0.325,"[0.0, 0.65]",0.1,0.009651076466221232,"[0.0, 0.019302152932442463]",0.0,train
0.585,"[0.7566666666666667, 0.41333333333333333]",0.0,4.0,0.579374094804128,0.0,[56],215.0,2.0,0.0,"[0.0, 0.0]",0.0,0.579374094804128,0.1,0.0,0.0,"[0.0, 0.0]",0.1,0.0,"[0.0, 0.0]",0.0,valid
0.5745422842197035,"[0.7323452484742807, 0.4167393199651264]",0.0,4.0,0.5358975426010464,0.0,[56],216.0,2.0,0.021648259471550354,"[0.012861736334405105, 0.030434782608695605]",0.0,0.5358975426010464,0.1,0.0,0.472027972027972,"[0.30769230769230765, 0.6363636363636364]",0.1,0.01107917247230664,"[0.006568144499178982, 0.015590200445434299]",0.0,train
0.585,"[0.7566666666666667, 0.41333333333333333]",0.0,4.0,0.5849128365516663,0.0,[56],216.0,2.0,0.0,"[0.0, 0.0]",0.0,0.5849128365516663,0.1,0.0,0.0,"[0.0, 0.0]",0.1,0.0,"[0.0, 0.0]",0.0,valid
0.5719267654751525,"[0.7327811682650393, 0.4110723626852659]",0.0,4.0,0.5393237316090128,0.0,[56],217.0,2.0,0.006184831777584554,"[0.006482982171799001, 0.005886681383370108]",0.0,0.5393237316090128,0.1,0.0,0.29166666666666663,"[0.24999999999999994, 0.33333333333333326]",0.1,0.0031268171195980117,"[0.003284072249589491, 0.002969561989606533]",0.0,train
0.585,"[0.7566666666666667, 0.41333333333333333]",0.0,4.0,0.5658628741900126,0.0,[56],217.0,2.0,0.0,"[0.0, 0.0]",0.0,0.5658628741900126,0.1,0.0,0.0,"[0.0, 0.0]",0.1,0.0,"[0.0, 0.0]",0.0,valid
0.5828247602441151,"[0.7345248474280732, 0.43112467306015695]",0.0,4.0,0.5370227746341539,0.0,[56],218.0,2.0,0.04146170063246656,"[0.0, 0.08292340126493312]",0.0,0.5370227746341539,0.1,0.0,0.3881578947368421,"[0.0, 0.7763157894736842]",0.1,0.02190051967334818,"[0.0, 0.04380103934669636]",0.0,train
0.585,"[0.7566666666666667, 0.41333333333333333]",0.0,4.0,0.5660250584284464,0.0,[56],218.0,2.0,0.0,"[0.0, 0.0]",0.0,0.5660250584284464,0.1,0.0,0.0,"[0.0, 0.0]",0.1,0.0,"[0.0, 0.0]",0.0,valid
0.5736704446381866,"[0.7327811682650393, 0.4145597210113339]",0.0,4.0,0.5386305451393127,0.0,[56],219.0,2.0,0.018403945959545684,"[0.006482982171799001, 0.030324909747292364]",0.0,0.5386305451393127,0.1,0.0,0.4013157894736842,"[0.24999999999999994, 0.5526315789473685]",0.1,0.009437136347511895,"[0.003284072249589491, 0.015590200445434299]",0.0,train
0.5900000000000001,"[0.7566666666666667, 0.42333333333333334]",0.0,4.0,0.5663336118062338,0.0,[56],219.0,2.0,0.016759776536312828,"[0.0, 0.033519553072625656]",0.0,0.5663336118062338,0.1,0.0,0.49999999999999983,"[0.0, 0.9999999999999997]",0.1,0.008522727272727272,"[0.0, 0.017045454545454544]",0.0,valid
0.5734524847428073,"[0.7314734088927637, 0.4154315605928509]",0.0,4.0,0.5381299697834513,0.0,[56],220.0,2.0,0.01700390652412918,"[0.006451612903225772, 0.027556200145032586]",0.0,0.5381299697834513,0.1,0.0,0.3877840909090909,"[0.1818181818181818, 0.59375]",0.1,0.008694745850110262,"[0.003284072249589491, 0.014105419450631032]",0.0,train
0.5916666666666667,"[0.7566666666666667, 0.4266666666666667]",0.0,4.0,0.5538154145081838,0.0,[56],220.0,2.0,0.027472527472527437,"[0.0, 0.054945054945054875]",0.0,0.5538154145081838,0.1,0.0,0.41666666666666663,"[0.0, 0.8333333333333333]",0.1,0.014204545454545454,"[0.0, 0.028409090909090908]",0.0,valid
0.5760680034873583,"[0.7310374891020053, 0.4210985178727114]",0.0,4.0,0.5378882742446401,0.0,[56],221.0,2.0,0.025046623182623656,"[0.00963081861958262, 0.04046242774566469]",0.0,0.5378882742446401,0.1,0.0,0.4855212355212355,"[0.21428571428571425, 0.7567567567567568]",0.1,0.012856521150814985,"[0.0049261083743842365, 0.020786933927245732]",0.0,train
0.585,"[0.7566666666666667, 0.41333333333333333]",0.0,4.0,0.5763578017552694,0.0,[56],221.0,2.0,0.0,"[0.0, 0.0]",0.0,0.5763578017552694,0.1,0.0,0.0,"[0.0, 0.0]",0.1,0.0,"[0.0, 0.0]",0.0,valid
0.5738884045335658,"[0.7349607672188317, 0.4128160418482999]",0.0,4.0,0.5379761016887167,0.0,[56],222.0,2.0,0.01058326281012281,"[0.006535947712418291, 0.01463057790782733]",0.0,0.5379761016887167,0.1,0.0,0.5833333333333333,"[0.6666666666666665, 0.5]",0.1,0.005353988611802912,"[0.003284072249589491, 0.007423904974016332]",0.0,train
0.5883333333333334,"[0.7566666666666667, 0.42]",0.0,4.0,0.5528159836928049,0.0,[56],222.0,2.0,0.011235955056179761,"[0.0, 0.022471910112359522]",0.0,0.5528159836928049,0.1,0.0,0.4999999999999998,"[0.0, 0.9999999999999996]",0.1,0.005681818181818182,"[0.0, 0.011363636363636364]",0.0,valid
0.5747602441150828,"[0.7336530078465562, 0.41586748038360943]",0.0,4.0,0.5384849219218545,0.0,[56],223.0,2.0,0.017527275127535352,"[0.003262642740619889, 0.031791907514450816]",0.0,0.5384849219218545,0.1,0.0,0.42229729729729726,"[0.24999999999999994, 0.5945945945945946]",0.1,0.00898731353381534,"[0.0016420361247947454, 0.016332590942835932]",0.0,train
0.5866666666666667,"[0.7566666666666667, 0.4166666666666667]",0.0,4.0,0.5608519911766052,0.0,[56],223.0,2.0,0.0056497175141242886,"[0.0, 0.011299435028248577]",0.0,0.5608519911766052,0.1,0.0,0.49999999999999944,"[0.0, 0.9999999999999989]",0.1,0.002840909090909091,"[0.0, 0.005681818181818182]",0.0,valid
0.5738884045335658,"[0.7336530078465562, 0.4141238012205754]",0.0,4.0,0.537899549888528,0.0,[56],224.0,2.0,0.009684030008670104,"[0.003262642740619889, 0.01610541727672032]",0.0,0.537899549888528,0.1,0.0,0.4144736842105263,"[0.24999999999999994, 0.5789473684210527]",0.1,0.004904165798106356,"[0.0016420361247947454, 0.008166295471417966]",0.0,train
0.5866666666666667,"[0.7566666666666667, 0.4166666666666667]",0.0,4.0,0.5565026799837748,0.0,[56],224.0,2.0,0.0056497175141242886,"[0.0, 0.011299435028248577]",0.0,0.5565026799837748,0.1,0.0,0.49999999999999944,"[0.0, 0.9999999999999989]",0.1,0.002840909090909091,"[0.0, 0.005681818181818182]",0.0,valid
0.5734524847428073,"[0.7323452484742807, 0.4145597210113339]",0.0,4.0,0.5380385595819225,0.0,[56],225.0,2.0,0.005886681383370116,"[0.0, 0.011773362766740233]",0.0,0.5380385595819225,0.1,0.0,0.33333333333333326,"[0.0, 0.6666666666666665]",0.1,0.002969561989606533,"[0.0, 0.005939123979213066]",0.0,train
0.5900000000000001,"[0.7566666666666667, 0.42333333333333334]",0.0,4.0,0.5500698486963908,0.0,[56],225.0,2.0,0.037433155080213845,"[0.0, 0.07486631016042769]",0.0,0.5500698486963908,0.1,0.0,0.3181818181818181,"[0.0, 0.6363636363636362]",0.1,0.019886363636363636,"[0.0, 0.03977272727272727]",0.0,valid
0.5762859633827375,"[0.7345248474280732, 0.41804707933740193]",0.0,4.0,0.5353441342063572,0.0,[56],226.0,2.0,0.02362354265215323,"[0.009756097560975589, 0.03749098774333087]",0.0,0.5353441342063572,0.1,0.0,0.575,"[0.49999999999999994, 0.65]",0.1,0.01211413065341335,"[0.0049261083743842365, 0.019302152932442463]",0.0,train
0.585,"[0.7566666666666667, 0.41333333333333333]",0.0,4.0,0.5729360183080038,0.0,[56],226.0,2.0,0.0,"[0.0, 0.0]",0.0,0.5729360183080038,0.1,0.0,0.0,"[0.0, 0.0]",0.1,0.0,"[0.0, 0.0]",0.0,valid
0.5725806451612903,"[0.7314734088927637, 0.41368788142981694]",0.0,4.0,0.5396262847858927,0.0,[56],227.0,2.0,0.011677257347653316,"[0.015974440894568637, 0.007380073800737995]",0.0,0.5396262847858927,0.1,0.0,0.4595588235294117,"[0.29411764705882354, 0.6249999999999999]",0.1,0.005961066555490947,"[0.008210180623973728, 0.003711952487008166]",0.0,train
0.585,"[0.7566666666666667, 0.41333333333333333]",0.0,4.0,0.5601592262585958,0.0,[56],227.0,2.0,0.0,"[0.0, 0.0]",0.0,0.5601592262585958,0.1,0.0,0.0,"[0.0, 0.0]",0.1,0.0,"[0.0, 0.0]",0.0,valid
0.572362685265911,"[0.7323452484742807, 0.41238012205754143]",0.0,4.0,0.5353814661502838,0.0,[56],228.0,2.0,0.0014792899408283986,"[0.0, 0.0029585798816567973]",0.0,0.5353814661502838,0.1,0.0,0.19999999999999996,"[0.0, 0.3999999999999999]",0.1,0.0007423904974016332,"[0.0, 0.0014847809948032665]",0.0,train
0.585,"[0.7566666666666667, 0.41333333333333333]",0.0,4.0,0.572411318620046,0.0,[56],228.0,2.0,0.0,"[0.0, 0.0]",0.0,0.572411318620046,0.1,0.0,0.0,"[0.0, 0.0]",0.1,0.0,"[0.0, 0.0]",0.0,valid
0.5749782040104621,"[0.7323452484742807, 0.4176111595466434]",0.0,4.0,0.5369815489520198,0.0,[56],229.0,2.0,0.020577286417120262,"[0.006472491909385084, 0.03468208092485544]",0.0,0.5369815489520198,0.1,0.0,0.43543543543543545,"[0.22222222222222218, 0.6486486486486487]",0.1,0.010550722093614344,"[0.003284072249589491, 0.017817371937639197]",0.0,train
0.5866666666666667,"[0.7566666666666667, 0.4166666666666667]",0.0,4.0,0.5678662657737732,0.0,[56],229.0,2.0,0.0056497175141242886,"[0.0, 0.011299435028248577]",0.0,0.5678662657737732,0.1,0.0,0.49999999999999944,"[0.0, 0.9999999999999989]",0.1,0.002840909090909091,"[0.0, 0.005681818181818182]",0.0,valid
0.5756320836965998,"[0.7327811682650393, 0.4184829991281604]",0.0,4.0,0.5364773364170737,0.0,[56],230.0,2.0,0.02450480764755704,"[0.012882447665056324, 0.03612716763005775]",0.0,0.5364773364170737,0.1,0.0,0.5045045045045045,"[0.33333333333333326, 0.6756756756756757]",0.1,0.012563953467109906,"[0.006568144499178982, 0.01855976243504083]",0.0,train
0.585,"[0.7566666666666667, 0.41333333333333333]",0.0,4.0,0.5651920338471731,0.0,[56],230.0,2.0,0.0,"[0.0, 0.0]",0.0,0.5651920338471731,0.1,0.0,0.0,"[0.0, 0.0]",0.1,0.0,"[0.0, 0.0]",0.0,valid
0.5736704446381866,"[0.7319093286835222, 0.4154315605928509]",0.0,4.0,0.5368595097375952,0.0,[56],231.0,2.0,0.013457460429472799,"[0.006462035541195444, 0.020452885317750153]",0.0,0.5368595097375952,0.1,0.0,0.41818181818181815,"[0.19999999999999996, 0.6363636363636364]",0.1,0.006838769606606178,"[0.003284072249589491, 0.010393466963622866]",0.0,train
0.5900000000000001,"[0.7566666666666667, 0.42333333333333334]",0.0,4.0,0.5590715408325195,0.0,[56],231.0,2.0,0.016759776536312828,"[0.0, 0.033519553072625656]",0.0,0.5590715408325195,0.1,0.0,0.49999999999999983,"[0.0, 0.9999999999999997]",0.1,0.008522727272727272,"[0.0, 0.017045454545454544]",0.0,valid
0.5725806451612903,"[0.7301656495204882, 0.4149956408020924]",0.0,4.0,0.5382921255153158,0.0,[56],232.0,2.0,0.011274789002226445,"[0.0064205457463884, 0.01612903225806449]",0.0,0.5382921255153158,0.1,0.0,0.39495798319327735,"[0.14285714285714285, 0.6470588235294118]",0.1,0.005725183860503728,"[0.003284072249589491, 0.008166295471417966]",0.0,train
0.5866666666666667,"[0.7566666666666667, 0.4166666666666667]",0.0,4.0,0.5637408296267191,0.0,[56],232.0,2.0,0.0056497175141242886,"[0.0, 0.011299435028248577]",0.0,0.5637408296267191,0.1,0.0,0.49999999999999944,"[0.0, 0.9999999999999989]",0.1,0.002840909090909091,"[0.0, 0.005681818181818182]",0.0,valid
0.5749782040104621,"[0.7340889276373147, 0.41586748038360943]",0.0,4.0,0.5364824118821517,0.0,[56],233.0,2.0,0.010233918128654956,"[0.0, 0.020467836257309913]",0.0,0.5364824118821517,0.1,0.0,0.3333333333333333,"[0.0, 0.6666666666666666]",0.1,0.005196733481811433,"[0.0, 0.010393466963622866]",0.0,train
0.5883333333333334,"[0.7566666666666667, 0.42]",0.0,4.0,0.5554609894752502,0.0,[56],233.0,2.0,0.011235955056179761,"[0.0, 0.022471910112359522]",0.0,0.5554609894752502,0.1,0.0,0.4999999999999998,"[0.0, 0.9999999999999996]",0.1,0.005681818181818182,"[0.0, 0.011363636363636364]",0.0,valid
0.5771578029642546,"[0.7336530078465562, 0.42066259808195294]",0.0,4.0,0.536272327537122,0.0,[56],234.0,2.0,0.026372059871703456,"[0.0, 0.05274411974340691]",0.0,0.536272327537122,0.1,0.0,0.33035714285714285,"[0.0, 0.6607142857142857]",0.1,0.013734224201930215,"[0.0, 0.02746844840386043]",0.0,train
0.5883333333333334,"[0.7566666666666667, 0.42]",0.0,4.0,0.5620575547218323,0.0,[56],234.0,2.0,0.016666666666666642,"[0.0, 0.033333333333333284]",0.0,0.5620575547218323,0.1,0.0,0.37499999999999994,"[0.0, 0.7499999999999999]",0.1,0.008522727272727272,"[0.0, 0.017045454545454544]",0.0,valid
0.5749782040104621,"[0.7327811682650393, 0.41717523975588494]",0.0,4.0,0.5371857466905013,0.0,[56],235.0,2.0,0.02623051337671723,"[0.01919999999999995, 0.033261026753434515]",0.0,0.5371857466905013,0.1,0.0,0.5069444444444444,"[0.375, 0.6388888888888888]",0.1,0.01346359909450302,"[0.009852216748768473, 0.017074981440237565]",0.0,train
0.5883333333333334,"[0.7566666666666667, 0.42]",0.0,4.0,0.576152483622233,0.0,[56],235.0,2.0,0.02197802197802195,"[0.0, 0.0439560439560439]",0.0,0.576152483622233,0.1,0.0,0.33333333333333326,"[0.0, 0.6666666666666665]",0.1,0.011363636363636364,"[0.0, 0.022727272727272728]",0.0,valid
0.5736704446381866,"[0.7314734088927637, 0.41586748038360943]",0.0,4.0,0.5377524767232977,0.0,[56],236.0,2.0,0.012372634643376984,"[0.0, 0.024745269286753968]",0.0,0.5377524767232977,0.1,0.0,0.3148148148148148,"[0.0, 0.6296296296296297]",0.1,0.006310319227913883,"[0.0, 0.012620638455827766]",0.0,train
0.5866666666666667,"[0.7566666666666667, 0.4166666666666667]",0.0,4.0,0.5594851573308309,0.0,[56],236.0,2.0,0.0056497175141242886,"[0.0, 0.011299435028248577]",0.0,0.5594851573308309,0.1,0.0,0.49999999999999944,"[0.0, 0.9999999999999989]",0.1,0.002840909090909091,"[0.0, 0.005681818181818182]",0.0,valid
0.5751961639058413,"[0.7340889276373147, 0.4163034001743679]",0.0,4.0,0.5348764580229054,0.0,[56],237.0,2.0,0.01956340100029417,"[0.012944983818770198, 0.026181818181818143]",0.0,0.5348764580229054,0.1,0.0,0.5436507936507936,"[0.44444444444444436, 0.6428571428571429]",0.1,0.00996558672620419,"[0.006568144499178982, 0.013363028953229399]",0.0,train
0.5883333333333334,"[0.7566666666666667, 0.42]",0.0,4.0,0.5605594913164774,0.0,[56],237.0,2.0,0.011235955056179761,"[0.0, 0.022471910112359522]",0.0,0.5605594913164774,0.1,0.0,0.4999999999999998,"[0.0, 0.9999999999999996]",0.1,0.005681818181818182,"[0.0, 0.011363636363636364]",0.0,valid
0.5727986050566696,"[0.7306015693112468, 0.4149956408020924]",0.0,4.0,0.5382006479346234,0.0,[56],238.0,2.0,0.01574063691410626,"[0.009615384615384569, 0.021865889212827953]",0.0,0.5382006479346234,0.1,0.0,0.39999999999999997,"[0.19999999999999998, 0.6]",0.1,0.008030982917704368,"[0.0049261083743842365, 0.011135857461024499]",0.0,train
0.5866666666666667,"[0.7566666666666667, 0.4166666666666667]",0.0,4.0,0.5726899902025858,0.0,[56],238.0,2.0,0.0056497175141242886,"[0.0, 0.011299435028248577]",0.0,0.5726899902025858,0.1,0.0,0.49999999999999944,"[0.0, 0.9999999999999989]",0.1,0.002840909090909091,"[0.0, 0.005681818181818182]",0.0,valid
0.573234524847428,"[0.7314734088927637, 0.4149956408020924]",0.0,4.0,0.5383208290390347,0.0,[56],239.0,2.0,0.013149462335189916,"[0.015974440894568637, 0.010324483775811195]",0.0,0.5383208290390347,0.1,0.0,0.5359477124183006,"[0.29411764705882354, 0.7777777777777777]",0.1,0.00670345705289258,"[0.008210180623973728, 0.005196733481811433]",0.0,train
0.5933333333333334,"[0.7566666666666667, 0.43]",0.0,4.0,0.5629205803076426,0.0,[56],239.0,2.0,0.027624309392265164,"[0.0, 0.05524861878453033]",0.0,0.5629205803076426,0.1,0.0,0.4999999999999999,"[0.0, 0.9999999999999998]",0.1,0.014204545454545454,"[0.0, 0.028409090909090908]",0.0,valid
0.5736704446381866,"[0.7327811682650393, 0.4145597210113339]",0.0,4.0,0.5373646513275478,0.0,[56],240.0,2.0,0.012550998051859587,"[0.003252032520325184, 0.02184996358339399]",0.0,0.5373646513275478,0.1,0.0,0.37179487179487175,"[0.16666666666666663, 0.5769230769230769]",0.1,0.006388946792909622,"[0.0016420361247947454, 0.011135857461024499]",0.0,train
0.5966666666666667,"[0.7566666666666667, 0.43666666666666665]",0.0,4.0,0.5628662705421448,0.0,[56],240.0,2.0,0.043243243243243204,"[0.0, 0.08648648648648641]",0.0,0.5628662705421448,0.1,0.0,0.44444444444444436,"[0.0, 0.8888888888888887]",0.1,0.022727272727272728,"[0.0, 0.045454545454545456]",0.0,valid
0.5773757628596339,"[0.7301656495204882, 0.4245858761987794]",0.0,4.0,0.5390742913536404,0.0,[56],241.0,2.0,0.03710857795793991,"[0.0064205457463884, 0.06779661016949143]",0.0,0.5390742913536404,0.1,0.0,0.4192546583850931,"[0.14285714285714285, 0.6956521739130435]",0.1,0.019459408062433944,"[0.003284072249589491, 0.035634743875278395]",0.0,train
0.5900000000000001,"[0.7566666666666667, 0.42333333333333334]",0.0,4.0,0.5528162320454916,0.0,[56],241.0,2.0,0.02209944751381213,"[0.0, 0.04419889502762426]",0.0,0.5528162320454916,0.1,0.0,0.3999999999999999,"[0.0, 0.7999999999999998]",0.1,0.011363636363636364,"[0.0, 0.022727272727272728]",0.0,valid
0.5815170008718396,"[0.7332170880557978, 0.42981691368788144]",0.0,4.0,0.5361960245215375,0.0,[56],242.0,2.0,0.04106528421342381,"[0.0032573289902279967, 0.07887323943661961]",0.0,0.5361960245215375,0.1,0.0,0.4835616438356164,"[0.19999999999999996, 0.7671232876712328]",0.1,0.021607951989643104,"[0.0016420361247947454, 0.041573867854491464]",0.0,train
0.585,"[0.7566666666666667, 0.41333333333333333]",0.0,4.0,0.5675356785456339,0.0,[56],242.0,2.0,0.0,"[0.0, 0.0]",0.0,0.5675356785456339,0.1,0.0,0.0,"[0.0, 0.0]",0.1,0.0,"[0.0, 0.0]",0.0,valid
0.5745422842197037,"[0.7332170880557978, 0.41586748038360943]",0.0,4.0,0.539767315854197,0.0,[56],243.0,2.0,0.009516837481698376,"[0.0, 0.01903367496339675]",0.0,0.539767315854197,0.1,0.0,0.34210526315789475,"[0.0, 0.6842105263157895]",0.1,0.004825538233110616,"[0.0, 0.009651076466221232]",0.0,train
0.5866666666666667,"[0.7566666666666667, 0.4166666666666667]",0.0,4.0,0.5555705428123474,0.0,[56],243.0,2.0,0.016574585635359088,"[0.0, 0.033149171270718175]",0.0,0.5555705428123474,0.1,0.0,0.29999999999999993,"[0.0, 0.5999999999999999]",0.1,0.008522727272727272,"[0.0, 0.017045454545454544]",0.0,valid
0.5749782040104621,"[0.7332170880557978, 0.4167393199651264]",0.0,4.0,0.5385197919348012,0.0,[56],244.0,2.0,0.015918958031837894,"[0.0, 0.03183791606367579]",0.0,0.5385197919348012,0.1,0.0,0.3142857142857143,"[0.0, 0.6285714285714286]",0.1,0.008166295471417966,"[0.0, 0.016332590942835932]",0.0,train
0.5883333333333334,"[0.7566666666666667, 0.42]",0.0,4.0,0.5525946815808614,0.0,[56],244.0,2.0,0.011235955056179761,"[0.0, 0.022471910112359522]",0.0,0.5525946815808614,0.1,0.0,0.4999999999999998,"[0.0, 0.9999999999999996]",0.1,0.005681818181818182,"[0.0, 0.011363636363636364]",0.0,valid
0.5771578029642546,"[0.7340889276373147, 0.4202266782911944]",0.0,4.0,0.5397190879220548,0.0,[56],245.0,2.0,0.02893493241390842,"[0.00651465798045601, 0.051355206847360835]",0.0,0.5397190879220548,0.1,0.0,0.5272727272727272,"[0.3999999999999999, 0.6545454545454545]",0.1,0.015005065078024144,"[0.003284072249589491, 0.026726057906458798]",0.0,train
0.6033333333333334,"[0.7566666666666667, 0.45]",0.0,4.0,0.5422726571559906,0.0,[56],245.0,2.0,0.08542713567839186,"[0.0, 0.17085427135678372]",0.0,0.5422726571559906,0.1,0.0,0.3695652173913043,"[0.0, 0.7391304347826086]",0.1,0.048295454545454544,"[0.0, 0.09659090909090909]",0.0,valid
0.5756320836965998,"[0.7332170880557978, 0.41804707933740193]",0.0,4.0,0.5371616703012715,0.0,[56],246.0,2.0,0.0206003324224582,"[0.006493506493506471, 0.034707158351409924]",0.0,0.5371616703012715,0.1,0.0,0.47619047619047616,"[0.2857142857142857, 0.6666666666666666]",0.1,0.010550722093614344,"[0.003284072249589491, 0.017817371937639197]",0.0,train
0.585,"[0.7566666666666667, 0.41333333333333333]",0.0,4.0,0.5558380881945292,0.0,[56],246.0,2.0,0.0,"[0.0, 0.0]",0.0,0.5558380881945292,0.1,0.0,0.0,"[0.0, 0.0]",0.1,0.0,"[0.0, 0.0]",0.0,valid
0.5732345248474281,"[0.7327811682650393, 0.41368788142981694]",0.0,4.0,0.537130453016447,0.0,[56],247.0,2.0,0.01361204893493237,"[0.009693053311793183, 0.017531044558071557]",0.0,0.537130453016447,0.1,0.0,0.4227272727272727,"[0.29999999999999993, 0.5454545454545454]",0.1,0.006917397171601917,"[0.0049261083743842365, 0.008908685968819599]",0.0,train
0.5966666666666667,"[0.7566666666666667, 0.43666666666666665]",0.0,4.0,0.5653656522432963,0.0,[56],247.0,2.0,0.03825136612021854,"[0.0, 0.07650273224043708]",0.0,0.5653656522432963,0.1,0.0,0.49999999999999994,"[0.0, 0.9999999999999999]",0.1,0.019886363636363636,"[0.0, 0.03977272727272727]",0.0,valid
0.5747602441150829,"[0.7332170880557978, 0.4163034001743679]",0.0,4.0,0.5384989303091298,0.0,[56],248.0,2.0,0.017536112072843547,"[0.0032573289902279967, 0.0318148951554591]",0.0,0.5384989303091298,0.1,0.0,0.40555555555555556,"[0.19999999999999996, 0.6111111111111112]",0.1,0.00898731353381534,"[0.0016420361247947454, 0.016332590942835932]",0.0,train
0.5833333333333333,"[0.7533333333333333, 0.41333333333333333]",0.0,4.0,0.5605636636416117,0.0,[56],248.0,2.0,0.0,"[0.0, 0.0]",0.0,0.5605636636416117,0.1,0.0,0.0,"[0.0, 0.0]",0.1,0.0,"[0.0, 0.0]",0.0,valid
0.5732345248474281,"[0.7297297297297297, 0.4167393199651264]",0.0,4.0,0.540084851824719,0.0,[56],249.0,2.0,0.017183002822306424,"[0.009584664536741162, 0.024781341107871686]",0.0,0.540084851824719,0.1,0.0,0.4282352941176471,"[0.17647058823529413, 0.68]",0.1,0.008773373415106001,"[0.0049261083743842365, 0.012620638455827766]",0.0,train
0.585,"[0.7566666666666667, 0.41333333333333333]",0.0,4.0,0.5543397863705953,0.0,[56],249.0,2.0,0.0,"[0.0, 0.0]",0.0,0.5543397863705953,0.1,0.0,0.0,"[0.0, 0.0]",0.1,0.0,"[0.0, 0.0]",0.0,valid
0.643635571054926,"[0.7227550130775937, 0.5645161290322581]",0.0,4.0,0.5862160091814788,0.0,[56],0.0,0.0,0.37346254042762517,"[0.04504504504504489, 0.7018800358102054]",0.0,0.5862160091814788,0.0001,0.0,0.4249921210211156,"[0.2631578947368421, 0.5868263473053892]",0.1,0.44884088340812095,"[0.024630541871921183, 0.8730512249443207]",0.0,train
0.655,"[0.7566666666666667, 0.5533333333333333]",0.0,4.0,0.5710902810096741,0.0,[56],0.0,0.0,0.3497757847533629,"[0.0, 0.6995515695067258]",0.0,0.5710902810096741,0.0001,0.0,0.28888888888888886,"[0.0, 0.5777777777777777]",0.1,0.4431818181818182,"[0.0, 0.8863636363636364]",0.0,valid
0.6473408892763731,"[0.7345248474280732, 0.560156931124673]",0.0,4.0,0.5775496804195902,0.0,[56],1.0,0.0,0.3497170092344352,"[0.0, 0.6994340184688704]",0.0,0.5775496804195902,0.0001,0.0,0.29203980099502486,"[0.0, 0.5840796019900497]",0.1,0.4357832219747587,"[0.0, 0.8715664439495174]",0.0,train
0.65,"[0.7566666666666667, 0.5433333333333333]",0.0,4.0,0.5699964563051859,0.0,[56],1.0,0.0,0.3467561521252794,"[0.0, 0.6935123042505588]",0.0,0.5699964563051859,0.0001,0.0,0.2859778597785978,"[0.0, 0.5719557195571956]",0.1,0.4403409090909091,"[0.0, 0.8806818181818182]",0.0,valid
0.6497384481255448,"[0.7345248474280732, 0.5649520488230165]",0.0,4.0,0.5784237436626268,0.0,[56],2.0,0.0,0.35068821065230377,"[0.0, 0.7013764213046075]",0.0,0.5784237436626268,0.0001,0.0,0.293734335839599,"[0.0, 0.587468671679198]",0.1,0.4350408314773571,"[0.0, 0.8700816629547142]",0.0,train
0.645,"[0.7566666666666667, 0.5333333333333333]",0.0,4.0,0.5700727899869283,0.0,[56],2.0,0.0,0.3430493273542598,"[0.0, 0.6860986547085196]",0.0,0.5700727899869283,0.0001,0.0,0.2833333333333333,"[0.0, 0.5666666666666667]",0.1,0.4346590909090909,"[0.0, 0.8693181818181818]",0.0,valid
0.6431996512641673,"[0.7345248474280732, 0.5518744551002616]",0.0,4.0,0.5805875736734142,0.0,[56],3.0,0.0,0.34610778443113743,"[0.0, 0.6922155688622749]",0.0,0.5805875736734142,0.0001,0.0,0.29001505268439537,"[0.0, 0.5800301053687907]",0.1,0.429101707498144,"[0.0, 0.858203414996288]",0.0,train
0.65,"[0.7566666666666667, 0.5433333333333333]",0.0,4.0,0.5659364064534506,0.0,[56],3.0,0.0,0.3453724604966137,"[0.0, 0.6907449209932274]",0.0,0.5659364064534506,0.0001,0.0,0.28651685393258425,"[0.0, 0.5730337078651685]",0.1,0.4346590909090909,"[0.0, 0.8693181818181818]",0.0,valid
0.6488666085440279,"[0.7345248474280732, 0.5632083696599826]",0.0,4.0,0.574015938717386,0.0,[56],4.0,0.0,0.34873188405797073,"[0.0, 0.6974637681159415]",0.0,0.574015938717386,0.0001,0.0,0.29389312977099236,"[0.0, 0.5877862595419847]",0.1,0.4287305122494432,"[0.0, 0.8574610244988864]",0.0,train
0.6566666666666667,"[0.7566666666666667, 0.5566666666666666]",0.0,4.0,0.5704952279726664,0.0,[56],4.0,0.0,0.35254988913525476,"[0.0, 0.7050997782705095]",0.0,0.5704952279726664,0.0001,0.0,0.28909090909090907,"[0.0, 0.5781818181818181]",0.1,0.45170454545454547,"[0.0, 0.9034090909090909]",0.0,valid
0.6453792502179598,"[0.7345248474280732, 0.5562336530078466]",0.0,4.0,0.5775104916614034,0.0,[56],5.0,0.0,0.34778708133971264,"[0.0, 0.6955741626794253]",0.0,0.5775104916614034,0.0001,0.0,0.2911867801702554,"[0.0, 0.5823735603405108]",0.1,0.4317000742390497,"[0.0, 0.8634001484780994]",0.0,train
0.655,"[0.7566666666666667, 0.5533333333333333]",0.0,4.0,0.5697274804115295,0.0,[56],5.0,0.0,0.3497757847533629,"[0.0, 0.6995515695067258]",0.0,0.5697274804115295,0.0001,0.0,0.28888888888888886,"[0.0, 0.5777777777777777]",0.1,0.4431818181818182,"[0.0, 0.8863636363636364]",0.0,valid
0.6423278116826504,"[0.7345248474280732, 0.5501307759372276]",0.0,4.0,0.577467003594274,0.0,[56],6.0,0.0,0.34642857142857114,"[0.0, 0.6928571428571423]",0.0,0.577467003594274,0.0001,0.0,0.28912071535022354,"[0.0, 0.5782414307004471]",0.1,0.43207126948775054,"[0.0, 0.8641425389755011]",0.0,train
0.6433333333333333,"[0.7566666666666667, 0.53]",0.0,4.0,0.570407489935557,0.0,[56],6.0,0.0,0.3415730337078649,"[0.0, 0.6831460674157298]",0.0,0.570407489935557,0.0001,0.0,0.2825278810408922,"[0.0, 0.5650557620817844]",0.1,0.4318181818181818,"[0.0, 0.8636363636363636]",0.0,valid
0.6469049694856146,"[0.7345248474280732, 0.5592850915431561]",0.0,4.0,0.5783066619997439,0.0,[56],7.0,0.0,0.34869799461239126,"[0.0, 0.6973959892247825]",0.0,0.5783066619997439,0.0001,0.0,0.29212637913741224,"[0.0, 0.5842527582748245]",0.1,0.43244246473645137,"[0.0, 0.8648849294729027]",0.0,train
0.655,"[0.7566666666666667, 0.5533333333333333]",0.0,4.0,0.5690378745396932,0.0,[56],7.0,0.0,0.35111111111111076,"[0.0, 0.7022222222222215]",0.0,0.5690378745396932,0.0001,0.0,0.28832116788321166,"[0.0, 0.5766423357664233]",0.1,0.44886363636363635,"[0.0, 0.8977272727272727]",0.0,valid
0.6464690496948562,"[0.7345248474280732, 0.558413251961639]",0.0,4.0,0.5768645639004915,0.0,[56],8.0,0.0,0.34885108922709607,"[0.0, 0.6977021784541921]",0.0,0.5768645639004915,0.0001,0.0,0.2916666666666667,"[0.0, 0.5833333333333334]",0.1,0.43392724573125463,"[0.0, 0.8678544914625093]",0.0,train
0.6516666666666666,"[0.7566666666666667, 0.5466666666666666]",0.0,4.0,0.568573534488678,0.0,[56],8.0,0.0,0.3488888888888886,"[0.0, 0.6977777777777772]",0.0,0.568573534488678,0.0001,0.0,0.2864963503649635,"[0.0, 0.572992700729927]",0.1,0.4460227272727273,"[0.0, 0.8920454545454546]",0.0,valid
0.6408020924149956,"[0.7345248474280732, 0.547079337401918]",0.0,4.0,0.5768496083176654,0.0,[56],9.0,0.0,0.34366536262413455,"[0.0, 0.6873307252482691]",0.0,0.5768496083176654,0.0001,0.0,0.2889676113360324,"[0.0, 0.5779352226720648]",0.1,0.4239049740163326,"[0.0, 0.8478099480326652]",0.0,train
0.65,"[0.7566666666666667, 0.5433333333333333]",0.0,4.0,0.5666593313217163,0.0,[56],9.0,0.0,0.347438752783964,"[0.0, 0.694877505567928]",0.0,0.5666593313217163,0.0001,0.0,0.2857142857142857,"[0.0, 0.5714285714285714]",0.1,0.4431818181818182,"[0.0, 0.8863636363636364]",0.0,valid
0.6493025283347864,"[0.7345248474280732, 0.5640802092414996]",0.0,4.0,0.574760351492011,0.0,[56],10.0,0.0,0.3501199040767384,"[0.0, 0.7002398081534768]",0.0,0.574760351492011,0.0001,0.0,0.293614881850176,"[0.0, 0.587229763700352]",0.1,0.4335560504825538,"[0.0, 0.8671121009651076]",0.0,train
0.6566666666666667,"[0.7566666666666667, 0.5566666666666666]",0.0,4.0,0.567970355351766,0.0,[56],10.0,0.0,0.35189309576837396,"[0.0, 0.7037861915367479]",0.0,0.567970355351766,0.0001,0.0,0.2893772893772894,"[0.0, 0.5787545787545788]",0.1,0.44886363636363635,"[0.0, 0.8977272727272727]",0.0,valid
0.6449433304272014,"[0.7345248474280732, 0.5553618134263295]",0.0,4.0,0.5768532960311227,0.0,[56],11.0,0.0,0.3473967684021541,"[0.0, 0.6947935368043082]",0.0,0.5768532960311227,0.0001,0.0,0.29097744360902256,"[0.0, 0.5819548872180451]",0.1,0.4309576837416481,"[0.0, 0.8619153674832962]",0.0,train
0.64,"[0.7566666666666667, 0.5233333333333333]",0.0,4.0,0.568506916364034,0.0,[56],11.0,0.0,0.3386004514672684,"[0.0, 0.6772009029345368]",0.0,0.568506916364034,0.0001,0.0,0.2808988764044944,"[0.0, 0.5617977528089888]",0.1,0.42613636363636365,"[0.0, 0.8522727272727273]",0.0,valid
0.6445074106364429,"[0.7345248474280732, 0.5544899738448126]",0.0,4.0,0.5773940786071445,0.0,[56],12.0,0.0,0.3461770018061406,"[0.0, 0.6923540036122812]",0.0,0.5773940786071445,0.0001,0.0,0.2911392405063291,"[0.0, 0.5822784810126582]",0.1,0.4268745360059391,"[0.0, 0.8537490720118782]",0.0,train
0.635,"[0.7566666666666667, 0.5133333333333333]",0.0,4.0,0.5703266064325968,0.0,[56],12.0,0.0,0.33484162895927577,"[0.0, 0.6696832579185515]",0.0,0.5703266064325968,0.0001,0.0,0.2781954887218045,"[0.0, 0.556390977443609]",0.1,0.42045454545454547,"[0.0, 0.8409090909090909]",0.0,valid
0.6429816913687881,"[0.7345248474280732, 0.551438535309503]",0.0,4.0,0.5734683974929478,0.0,[56],13.0,0.0,0.34507678410117404,"[0.0, 0.6901535682023481]",0.0,0.5734683974929478,0.0001,0.0,0.29027355623100304,"[0.0, 0.5805471124620061]",0.1,0.42538975501113585,"[0.0, 0.8507795100222717]",0.0,train
0.6466666666666667,"[0.7566666666666667, 0.5366666666666666]",0.0,4.0,0.5682020982106527,0.0,[56],13.0,0.0,0.3438202247191009,"[0.0, 0.6876404494382018]",0.0,0.5682020982106527,0.0001,0.0,0.2843866171003718,"[0.0, 0.5687732342007435]",0.1,0.4346590909090909,"[0.0, 0.8693181818181818]",0.0,valid
0.6453792502179598,"[0.7345248474280732, 0.5562336530078466]",0.0,4.0,0.5743261342463286,0.0,[56],14.0,0.0,0.3475134811264227,"[0.0, 0.6950269622528454]",0.0,0.5743261342463286,0.0001,0.0,0.2913108990457057,"[0.0, 0.5826217980914113]",0.1,0.4305864884929473,"[0.0, 0.8611729769858946]",0.0,train
0.6516666666666666,"[0.7566666666666667, 0.5466666666666666]",0.0,4.0,0.569066603978475,0.0,[56],14.0,0.0,0.3488888888888886,"[0.0, 0.6977777777777772]",0.0,0.569066603978475,0.0001,0.0,0.2864963503649635,"[0.0, 0.572992700729927]",0.1,0.4460227272727273,"[0.0, 0.8920454545454546]",0.0,valid
0.6442894507410637,"[0.7345248474280732, 0.5540540540540541]",0.0,4.0,0.5770815999611564,0.0,[56],15.0,0.0,0.34699371821716996,"[0.0, 0.6939874364343399]",0.0,0.5770815999611564,0.0001,0.0,0.2905811623246493,"[0.0, 0.5811623246492986]",0.1,0.4305864884929473,"[0.0, 0.8611729769858946]",0.0,train
0.6483333333333334,"[0.7566666666666667, 0.54]",0.0,4.0,0.5685372948646545,0.0,[56],15.0,0.0,0.3459821428571425,"[0.0, 0.691964285714285]",0.0,0.5685372948646545,0.0001,0.0,0.2849264705882353,"[0.0, 0.5698529411764706]",0.1,0.4403409090909091,"[0.0, 0.8806818181818182]",0.0,valid
0.6458151700087185,"[0.7345248474280732, 0.5571054925893636]",0.0,4.0,0.5713430306185847,0.0,[56],16.0,0.0,0.34689572031344157,"[0.0, 0.6937914406268831]",0.0,0.5713430306185847,0.0001,0.0,0.2919837645865043,"[0.0, 0.5839675291730086]",0.1,0.42724573125463994,"[0.0, 0.8544914625092799]",0.0,train
0.6483333333333334,"[0.7566666666666667, 0.54]",0.0,4.0,0.569524089495341,0.0,[56],16.0,0.0,0.3452914798206276,"[0.0, 0.6905829596412552]",0.0,0.569524089495341,0.0001,0.0,0.2851851851851852,"[0.0, 0.5703703703703704]",0.1,0.4375,"[0.0, 0.875]",0.0,valid
0.6475588491717523,"[0.7345248474280732, 0.5605928509154315]",0.0,4.0,0.5744375508764515,0.0,[56],17.0,0.0,0.34946236559139754,"[0.0, 0.6989247311827951]",0.0,0.5744375508764515,0.0001,0.0,0.29235382308845576,"[0.0, 0.5847076461769115]",0.1,0.43429844097995546,"[0.0, 0.8685968819599109]",0.0,train
0.6566666666666667,"[0.7566666666666667, 0.5566666666666666]",0.0,4.0,0.5658342440923055,0.0,[56],17.0,0.0,0.35254988913525476,"[0.0, 0.7050997782705095]",0.0,0.5658342440923055,0.0001,0.0,0.28909090909090907,"[0.0, 0.5781818181818181]",0.1,0.45170454545454547,"[0.0, 0.9034090909090909]",0.0,valid
0.6431996512641673,"[0.7345248474280732, 0.5518744551002616]",0.0,4.0,0.5773960429689159,0.0,[56],18.0,0.0,0.34610778443113743,"[0.0, 0.6922155688622749]",0.0,0.5773960429689159,0.0001,0.0,0.29001505268439537,"[0.0, 0.5800301053687907]",0.1,0.429101707498144,"[0.0, 0.858203414996288]",0.0,train
0.6533333333333333,"[0.7566666666666667, 0.55]",0.0,4.0,0.5686484972635905,0.0,[56],18.0,0.0,0.349665924276169,"[0.0, 0.699331848552338]",0.0,0.5686484972635905,0.0001,0.0,0.2875457875457875,"[0.0, 0.575091575091575]",0.1,0.4460227272727273,"[0.0, 0.8920454545454546]",0.0,valid
0.6453792502179598,"[0.7345248474280732, 0.5562336530078466]",0.0,4.0,0.575625339280004,0.0,[56],19.0,0.0,0.3468712394705172,"[0.0, 0.6937424789410344]",0.0,0.575625339280004,0.0001,0.0,0.2916034395548811,"[0.0, 0.5832068791097622]",0.1,0.4279881217520416,"[0.0, 0.8559762435040832]",0.0,train
0.6466666666666667,"[0.7566666666666667, 0.5366666666666666]",0.0,4.0,0.5664992729822794,0.0,[56],19.0,0.0,0.3438202247191009,"[0.0, 0.6876404494382018]",0.0,0.5664992729822794,0.0001,0.0,0.2843866171003718,"[0.0, 0.5687732342007435]",0.1,0.4346590909090909,"[0.0, 0.8693181818181818]",0.0,valid
0.6447253705318221,"[0.7345248474280732, 0.5549258936355711]",0.0,4.0,0.5789990995241248,0.0,[56],20.0,0.0,0.3470182798921184,"[0.0, 0.6940365597842368]",0.0,0.5789990995241248,0.0001,0.0,0.29095477386934676,"[0.0, 0.5819095477386935]",0.1,0.4298440979955457,"[0.0, 0.8596881959910914]",0.0,train
0.6516666666666666,"[0.7566666666666667, 0.5466666666666666]",0.0,4.0,0.5656168460845947,0.0,[56],20.0,0.0,0.3502202643171804,"[0.0, 0.7004405286343608]",0.0,0.5656168460845947,0.0001,0.0,0.28597122302158273,"[0.0, 0.5719424460431655]",0.1,0.45170454545454547,"[0.0, 0.9034090909090909]",0.0,valid
0.6493025283347864,"[0.7345248474280732, 0.5640802092414996]",0.0,4.0,0.5764254305673682,0.0,[56],21.0,0.0,0.3507462686567161,"[0.0, 0.7014925373134322]",0.0,0.5764254305673682,0.0001,0.0,0.2933100349475786,"[0.0, 0.5866200698951572]",0.1,0.43615441722345955,"[0.0, 0.8723088344469191]",0.0,train
0.6483333333333334,"[0.7566666666666667, 0.54]",0.0,4.0,0.5690165559450785,0.0,[56],21.0,0.0,0.3459821428571425,"[0.0, 0.691964285714285]",0.0,0.5690165559450785,0.0001,0.0,0.2849264705882353,"[0.0, 0.5698529411764706]",0.1,0.4403409090909091,"[0.0, 0.8806818181818182]",0.0,valid
0.6414559721011334,"[0.7345248474280732, 0.5483870967741935]",0.0,4.0,0.5772348279538362,0.0,[56],22.0,0.0,0.345373134328358,"[0.0, 0.690746268656716]",0.0,0.5772348279538362,0.0001,0.0,0.2888167748377434,"[0.0, 0.5776335496754867]",0.1,0.42947290274684485,"[0.0, 0.8589458054936897]",0.0,train
0.64,"[0.7566666666666667, 0.5233333333333333]",0.0,4.0,0.5657235582669576,0.0,[56],22.0,0.0,0.3386004514672684,"[0.0, 0.6772009029345368]",0.0,0.5657235582669576,0.0001,0.0,0.2808988764044944,"[0.0, 0.5617977528089888]",0.1,0.42613636363636365,"[0.0, 0.8522727272727273]",0.0,valid
0.6508282476024412,"[0.7345248474280732, 0.567131647776809]",0.0,4.0,0.5736967688021453,0.0,[56],23.0,0.0,0.3516582013743649,"[0.0, 0.7033164027487298]",0.0,0.5736967688021453,0.0001,0.0,0.29425,"[0.0, 0.5885]",0.1,0.43689680772086115,"[0.0, 0.8737936154417223]",0.0,train
0.6466666666666667,"[0.7566666666666667, 0.5366666666666666]",0.0,4.0,0.5635222593943278,0.0,[56],23.0,0.0,0.3452115812917592,"[0.0, 0.6904231625835184]",0.0,0.5635222593943278,0.0001,0.0,0.2838827838827839,"[0.0, 0.5677655677655677]",0.1,0.4403409090909091,"[0.0, 0.8806818181818182]",0.0,valid
0.6473408892763731,"[0.7345248474280732, 0.560156931124673]",0.0,4.0,0.5747939063155133,0.0,[56],24.0,0.0,0.34962742175856903,"[0.0, 0.6992548435171381]",0.0,0.5747939063155133,0.0001,0.0,0.2920816733067729,"[0.0, 0.5841633466135459]",0.1,0.4354120267260579,"[0.0, 0.8708240534521158]",0.0,train
0.66,"[0.7566666666666667, 0.5633333333333334]",0.0,4.0,0.5646132032076517,0.0,[56],24.0,0.0,0.3547671840354764,"[0.0, 0.7095343680709528]",0.0,0.5646132032076517,0.0001,0.0,0.2909090909090909,"[0.0, 0.5818181818181818]",0.1,0.45454545454545453,"[0.0, 0.9090909090909091]",0.0,valid
0.6434176111595467,"[0.7345248474280732, 0.5523103748910201]",0.0,4.0,0.574393269808396,0.0,[56],25.0,0.0,0.34593459345934563,"[0.0, 0.6918691869186913]",0.0,0.574393269808396,0.0001,0.0,0.290281973816717,"[0.0, 0.580563947633434]",0.1,0.4279881217520416,"[0.0, 0.8559762435040832]",0.0,train
0.6516666666666666,"[0.7566666666666667, 0.5466666666666666]",0.0,4.0,0.5650361180305481,0.0,[56],25.0,0.0,0.3475336322869953,"[0.0, 0.6950672645739906]",0.0,0.5650361180305481,0.0001,0.0,0.28703703703703703,"[0.0, 0.5740740740740741]",0.1,0.4403409090909091,"[0.0, 0.8806818181818182]",0.0,valid
0.6460331299040976,"[0.7345248474280732, 0.557541412380122]",0.0,4.0,0.5741635923800261,0.0,[56],26.0,0.0,0.34800838574423454,"[0.0, 0.6960167714884691]",0.0,0.5741635923800261,0.0001,0.0,0.2916666666666667,"[0.0, 0.5833333333333334]",0.1,0.43132887899034894,"[0.0, 0.8626577579806979]",0.0,train
0.6516666666666666,"[0.7566666666666667, 0.5466666666666666]",0.0,4.0,0.5640275080998739,0.0,[56],26.0,0.0,0.34684684684684663,"[0.0, 0.6936936936936933]",0.0,0.5640275080998739,0.0001,0.0,0.2873134328358209,"[0.0, 0.5746268656716418]",0.1,0.4375,"[0.0, 0.875]",0.0,valid
0.6401482127288579,"[0.7345248474280732, 0.5457715780296426]",0.0,4.0,0.5751412407211636,0.0,[56],27.0,0.0,0.3441985645933011,"[0.0, 0.6883971291866022]",0.0,0.5751412407211636,0.0001,0.0,0.28818227341011515,"[0.0, 0.5763645468202303]",0.1,0.42724573125463994,"[0.0, 0.8544914625092799]",0.0,train
0.655,"[0.7566666666666667, 0.5533333333333333]",0.0,4.0,0.5660342772801717,0.0,[56],27.0,0.0,0.35111111111111076,"[0.0, 0.7022222222222215]",0.0,0.5660342772801717,0.0001,0.0,0.28832116788321166,"[0.0, 0.5766423357664233]",0.1,0.44886363636363635,"[0.0, 0.8977272727272727]",0.0,valid
0.6501743679163035,"[0.7345248474280732, 0.5658238884045336]",0.0,4.0,0.5744362499402917,0.0,[56],28.0,0.0,0.35054021608643426,"[0.0, 0.7010804321728685]",0.0,0.5744362499402917,0.0001,0.0,0.2942065491183879,"[0.0, 0.5884130982367758]",0.1,0.4335560504825538,"[0.0, 0.8671121009651076]",0.0,train
0.655,"[0.7566666666666667, 0.5533333333333333]",0.0,4.0,0.5637612740198771,0.0,[56],28.0,0.0,0.3524229074889865,"[0.0, 0.704845814977973]",0.0,0.5637612740198771,0.0001,0.0,0.28776978417266186,"[0.0, 0.5755395683453237]",0.1,0.45454545454545453,"[0.0, 0.9090909090909091]",0.0,valid
0.6495204882301657,"[0.7345248474280732, 0.5645161290322581]",0.0,4.0,0.575763111529143,0.0,[56],29.0,0.0,0.35058330840562346,"[0.0, 0.7011666168112469]",0.0,0.575763111529143,0.0001,0.0,0.2935871743486974,"[0.0, 0.5871743486973948]",0.1,0.4350408314773571,"[0.0, 0.8700816629547142]",0.0,train
0.6483333333333334,"[0.7566666666666667, 0.54]",0.0,4.0,0.5648147066434225,0.0,[56],29.0,0.0,0.3473451327433626,"[0.0, 0.6946902654867252]",0.0,0.5648147066434225,0.0001,0.0,0.28442028985507245,"[0.0, 0.5688405797101449]",0.1,0.4460227272727273,"[0.0, 0.8920454545454546]",0.0,valid
0.6429816913687881,"[0.7345248474280732, 0.551438535309503]",0.0,4.0,0.5738393742105236,0.0,[56],30.0,0.0,0.3460963206700566,"[0.0, 0.6921926413401132]",0.0,0.5738393742105236,0.0001,0.0,0.2898296593186373,"[0.0, 0.5796593186372746]",0.1,0.42947290274684485,"[0.0, 0.8589458054936897]",0.0,train
0.6533333333333333,"[0.7566666666666667, 0.55]",0.0,4.0,0.5626470843950907,0.0,[56],30.0,0.0,0.3483146067415728,"[0.0, 0.6966292134831455]",0.0,0.5626470843950907,0.0001,0.0,0.28810408921933084,"[0.0, 0.5762081784386617]",0.1,0.4403409090909091,"[0.0, 0.8806818181818182]",0.0,valid
0.6399302528334787,"[0.7345248474280732, 0.5453356582388841]",0.0,4.0,0.574885728566543,0.0,[56],31.0,0.0,0.3439090092786588,"[0.0, 0.6878180185573176]",0.0,0.574885728566543,0.0001,0.0,0.2881143430290873,"[0.0, 0.5762286860581746]",0.1,0.4265033407572383,"[0.0, 0.8530066815144766]",0.0,train
0.6533333333333333,"[0.7566666666666667, 0.55]",0.0,4.0,0.5606614549954733,0.0,[56],31.0,0.0,0.3489932885906037,"[0.0, 0.6979865771812074]",0.0,0.5606614549954733,0.0001,0.0,0.2878228782287823,"[0.0, 0.5756457564575646]",0.1,0.4431818181818182,"[0.0, 0.8863636363636364]",0.0,valid
0.6438535309503051,"[0.7345248474280732, 0.553182214472537]",0.0,4.0,0.5735797648844512,0.0,[56],32.0,0.0,0.3458646616541351,"[0.0, 0.6917293233082702]",0.0,0.5735797648844512,0.0001,0.0,0.29069767441860467,"[0.0, 0.5813953488372093]",0.1,0.4268745360059391,"[0.0, 0.8537490720118782]",0.0,train
0.6516666666666666,"[0.7566666666666667, 0.5466666666666666]",0.0,4.0,0.5607524712880453,0.0,[56],32.0,0.0,0.3488888888888886,"[0.0, 0.6977777777777772]",0.0,0.5607524712880453,0.0001,0.0,0.2864963503649635,"[0.0, 0.572992700729927]",0.1,0.4460227272727273,"[0.0, 0.8920454545454546]",0.0,valid
0.6482127288578902,"[0.7345248474280732, 0.5619006102877071]",0.0,4.0,0.5718105253965958,0.0,[56],33.0,0.0,0.35004476275738555,"[0.0, 0.7000895255147711]",0.0,0.5718105253965958,0.0001,0.0,0.2926646706586826,"[0.0, 0.5853293413173652]",0.1,0.4354120267260579,"[0.0, 0.8708240534521158]",0.0,train
0.65,"[0.7566666666666667, 0.5433333333333333]",0.0,4.0,0.5643681685129801,0.0,[56],33.0,0.0,0.347438752783964,"[0.0, 0.694877505567928]",0.0,0.5643681685129801,0.0001,0.0,0.2857142857142857,"[0.0, 0.5714285714285714]",0.1,0.4431818181818182,"[0.0, 0.8863636363636364]",0.0,valid
0.6445074106364429,"[0.7345248474280732, 0.5544899738448126]",0.0,4.0,0.5754907105280005,0.0,[56],34.0,0.0,0.3466386554621846,"[0.0, 0.6932773109243692]",0.0,0.5754907105280005,0.0001,0.0,0.29093198992443325,"[0.0, 0.5818639798488665]",0.1,0.4287305122494432,"[0.0, 0.8574610244988864]",0.0,train
0.6616666666666666,"[0.7566666666666667, 0.5666666666666667]",0.0,4.0,0.565456767876943,0.0,[56],34.0,0.0,0.3549107142857141,"[0.0, 0.7098214285714282]",0.0,0.565456767876943,0.0001,0.0,0.2922794117647059,"[0.0, 0.5845588235294118]",0.1,0.45170454545454547,"[0.0, 0.9034090909090909]",0.0,valid
0.6429816913687881,"[0.7345248474280732, 0.551438535309503]",0.0,4.0,0.5730984884759655,0.0,[56],35.0,0.0,0.34544908380895134,"[0.0, 0.6908981676179027]",0.0,0.5730984884759655,0.0001,0.0,0.29011099899091825,"[0.0, 0.5802219979818365]",0.1,0.4268745360059391,"[0.0, 0.8537490720118782]",0.0,train
0.6483333333333334,"[0.7566666666666667, 0.54]",0.0,4.0,0.5647471149762472,0.0,[56],35.0,0.0,0.3473451327433626,"[0.0, 0.6946902654867252]",0.0,0.5647471149762472,0.0001,0.0,0.28442028985507245,"[0.0, 0.5688405797101449]",0.1,0.4460227272727273,"[0.0, 0.8920454545454546]",0.0,valid
0.6410200523103748,"[0.7345248474280732, 0.5475152571926766]",0.0,4.0,0.5731155172638271,0.0,[56],36.0,0.0,0.3447966507177031,"[0.0, 0.6895933014354062]",0.0,0.5731155172638271,0.0001,0.0,0.2886830245368052,"[0.0, 0.5773660490736104]",0.1,0.4279881217520416,"[0.0, 0.8559762435040832]",0.0,train
0.6616666666666666,"[0.7566666666666667, 0.5666666666666667]",0.0,4.0,0.5615100661913554,0.0,[56],36.0,0.0,0.3549107142857141,"[0.0, 0.7098214285714282]",0.0,0.5615100661913554,0.0001,0.0,0.2922794117647059,"[0.0, 0.5845588235294118]",0.1,0.45170454545454547,"[0.0, 0.9034090909090909]",0.0,valid
0.6486486486486487,"[0.7345248474280732, 0.562772449869224]",0.0,4.0,0.5711197101551554,0.0,[56],37.0,0.0,0.3489002711660136,"[0.0, 0.6978005423320272]",0.0,0.5711197101551554,0.0001,0.0,0.2936105476673428,"[0.0, 0.5872210953346856]",0.1,0.4298440979955457,"[0.0, 0.8596881959910914]",0.0,train
0.655,"[0.7566666666666667, 0.5533333333333333]",0.0,4.0,0.5602494478225708,0.0,[56],37.0,0.0,0.3524229074889865,"[0.0, 0.704845814977973]",0.0,0.5602494478225708,0.0001,0.0,0.28776978417266186,"[0.0, 0.5755395683453237]",0.1,0.45454545454545453,"[0.0, 0.9090909090909091]",0.0,valid
0.6429816913687881,"[0.7345248474280732, 0.551438535309503]",0.0,4.0,0.5748150115427764,0.0,[56],38.0,0.0,0.34664679582712343,"[0.0, 0.6932935916542469]",0.0,0.5748150115427764,0.0001,0.0,0.2895916334661355,"[0.0, 0.579183266932271]",0.1,0.4317000742390497,"[0.0, 0.8634001484780994]",0.0,train
0.645,"[0.7566666666666667, 0.5333333333333333]",0.0,4.0,0.5627920627593994,0.0,[56],38.0,0.0,0.3437499999999997,"[0.0, 0.6874999999999994]",0.0,0.5627920627593994,0.0001,0.0,0.28308823529411764,"[0.0, 0.5661764705882353]",0.1,0.4375,"[0.0, 0.875]",0.0,valid
0.6510462074978204,"[0.7345248474280732, 0.5675675675675675]",0.0,4.0,0.5741656837256058,0.0,[56],39.0,0.0,0.3519402985074624,"[0.0, 0.7038805970149248]",0.0,0.5741656837256058,0.0001,0.0,0.2943085371942087,"[0.0, 0.5886170743884174]",0.1,0.4376391982182628,"[0.0, 0.8752783964365256]",0.0,train
0.655,"[0.7566666666666667, 0.5533333333333333]",0.0,4.0,0.5641480882962545,0.0,[56],39.0,0.0,0.35111111111111076,"[0.0, 0.7022222222222215]",0.0,0.5641480882962545,0.0001,0.0,0.28832116788321166,"[0.0, 0.5766423357664233]",0.1,0.44886363636363635,"[0.0, 0.8977272727272727]",0.0,valid
0.6462510897994769,"[0.7345248474280732, 0.5579773321708805]",0.0,4.0,0.5750415791635928,0.0,[56],40.0,0.0,0.34964412811387874,"[0.0, 0.6992882562277575]",0.0,0.5750415791635928,0.0001,0.0,0.2911111111111111,"[0.0, 0.5822222222222222]",0.1,0.4376391982182628,"[0.0, 0.8752783964365256]",0.0,train
0.6433333333333333,"[0.7566666666666667, 0.53]",0.0,4.0,0.562476376692454,0.0,[56],40.0,0.0,0.3415730337078649,"[0.0, 0.6831460674157298]",0.0,0.562476376692454,0.0001,0.0,0.2825278810408922,"[0.0, 0.5650557620817844]",0.1,0.4318181818181818,"[0.0, 0.8636363636363636]",0.0,valid
0.6510462074978204,"[0.7345248474280732, 0.5675675675675675]",0.0,4.0,0.5729906610820604,0.0,[56],41.0,0.0,0.3518518518518516,"[0.0, 0.7037037037037032]",0.0,0.5729906610820604,0.0001,0.0,0.2943528235882059,"[0.0, 0.5887056471764118]",0.1,0.437268002969562,"[0.0, 0.874536005939124]",0.0,train
0.6483333333333334,"[0.7566666666666667, 0.54]",0.0,4.0,0.566535492738088,0.0,[56],41.0,0.0,0.3473451327433626,"[0.0, 0.6946902654867252]",0.0,0.566535492738088,0.0001,0.0,0.28442028985507245,"[0.0, 0.5688405797101449]",0.1,0.4460227272727273,"[0.0, 0.8920454545454546]",0.0,valid
0.6490845684394071,"[0.7345248474280732, 0.5636442894507411]",0.0,4.0,0.5704514513845029,0.0,[56],42.0,0.0,0.3492923818127067,"[0.0, 0.6985847636254134]",0.0,0.5704514513845029,0.0001,0.0,0.2938196555217832,"[0.0, 0.5876393110435664]",0.1,0.4305864884929473,"[0.0, 0.8611729769858946]",0.0,train
0.6466666666666667,"[0.7566666666666667, 0.5366666666666666]",0.0,4.0,0.5628175338109335,0.0,[56],42.0,0.0,0.344519015659955,"[0.0, 0.68903803131991]",0.0,0.5628175338109335,0.0001,0.0,0.28413284132841327,"[0.0, 0.5682656826568265]",0.1,0.4375,"[0.0, 0.875]",0.0,valid
0.6438535309503051,"[0.7345248474280732, 0.553182214472537]",0.0,4.0,0.5739700094513271,0.0,[56],43.0,0.0,0.3467862481315394,"[0.0, 0.6935724962630788]",0.0,0.5739700094513271,0.0001,0.0,0.2902902902902903,"[0.0, 0.5805805805805806]",0.1,0.4305864884929473,"[0.0, 0.8611729769858946]",0.0,train
0.655,"[0.7566666666666667, 0.5533333333333333]",0.0,4.0,0.5615734457969666,0.0,[56],43.0,0.0,0.3504464285714283,"[0.0, 0.7008928571428567]",0.0,0.5615734457969666,0.0001,0.0,0.28860294117647056,"[0.0, 0.5772058823529411]",0.1,0.4460227272727273,"[0.0, 0.8920454545454546]",0.0,valid
0.6401482127288579,"[0.7345248474280732, 0.5457715780296426]",0.0,4.0,0.5723989139432493,0.0,[56],44.0,0.0,0.34429169157202605,"[0.0, 0.6885833831440521]",0.0,0.5723989139432493,0.0001,0.0,0.288144072036018,"[0.0, 0.576288144072036]",0.1,0.42761692650334077,"[0.0, 0.8552338530066815]",0.0,train
0.6516666666666666,"[0.7566666666666667, 0.5466666666666666]",0.0,4.0,0.5632140835126241,0.0,[56],44.0,0.0,0.3482142857142854,"[0.0, 0.6964285714285708]",0.0,0.5632140835126241,0.0001,0.0,0.2867647058823529,"[0.0, 0.5735294117647058]",0.1,0.4431818181818182,"[0.0, 0.8863636363636364]",0.0,valid
0.6462510897994769,"[0.7345248474280732, 0.5579773321708805]",0.0,4.0,0.5699371514113053,0.0,[56],45.0,0.0,0.34793041391721635,"[0.0, 0.6958608278344327]",0.0,0.5699371514113053,0.0001,0.0,0.291897332662305,"[0.0, 0.58379466532461]",0.1,0.4305864884929473,"[0.0, 0.8611729769858946]",0.0,train
0.6533333333333333,"[0.7566666666666667, 0.55]",0.0,4.0,0.5614832043647766,0.0,[56],45.0,0.0,0.3489932885906037,"[0.0, 0.6979865771812074]",0.0,0.5614832043647766,0.0001,0.0,0.2878228782287823,"[0.0, 0.5756457564575646]",0.1,0.4431818181818182,"[0.0, 0.8863636363636364]",0.0,valid
0.6477768090671316,"[0.7345248474280732, 0.5610287707061901]",0.0,4.0,0.5719737902931545,0.0,[56],46.0,0.0,0.34965661391460107,"[0.0, 0.6993132278292021]",0.0,0.5719737902931545,0.0001,0.0,0.29245754245754246,"[0.0, 0.5849150849150849]",0.1,0.4346696362286563,"[0.0, 0.8693392724573126]",0.0,train
0.6433333333333333,"[0.7566666666666667, 0.53]",0.0,4.0,0.560422956943512,0.0,[56],46.0,0.0,0.3408577878103835,"[0.0, 0.681715575620767]",0.0,0.560422956943512,0.0001,0.0,0.28277153558052437,"[0.0, 0.5655430711610487]",0.1,0.4289772727272727,"[0.0, 0.8579545454545454]",0.0,valid
0.6397122929380994,"[0.7345248474280732, 0.5448997384481256]",0.0,4.0,0.5728362902351047,0.0,[56],47.0,0.0,0.34361893349310935,"[0.0, 0.6872378669862187]",0.0,0.5728362902351047,0.0001,0.0,0.2880462079357107,"[0.0, 0.5760924158714213]",0.1,0.4257609502598367,"[0.0, 0.8515219005196734]",0.0,train
0.6516666666666666,"[0.7566666666666667, 0.5466666666666666]",0.0,4.0,0.5602055589358012,0.0,[56],47.0,0.0,0.3482142857142854,"[0.0, 0.6964285714285708]",0.0,0.5602055589358012,0.0001,0.0,0.2867647058823529,"[0.0, 0.5735294117647058]",0.1,0.4431818181818182,"[0.0, 0.8863636363636364]",0.0,valid
0.6445074106364429,"[0.7345248474280732, 0.5544899738448126]",0.0,4.0,0.5741657511047695,0.0,[56],48.0,0.0,0.34654654654654626,"[0.0, 0.6930930930930925]",0.0,0.5741657511047695,0.0001,0.0,0.2909732728189612,"[0.0, 0.5819465456379224]",0.1,0.42835931700074237,"[0.0, 0.8567186340014847]",0.0,train
0.6483333333333334,"[0.7566666666666667, 0.54]",0.0,4.0,0.5632234613100687,0.0,[56],48.0,0.0,0.34459459459459435,"[0.0, 0.6891891891891887]",0.0,0.5632234613100687,0.0001,0.0,0.28544776119402987,"[0.0, 0.5708955223880597]",0.1,0.4346590909090909,"[0.0, 0.8693181818181818]",0.0,valid
0.647994768962511,"[0.7345248474280732, 0.5614646904969486]",0.0,4.0,0.5733270385990972,0.0,[56],49.0,0.0,0.34903961584633825,"[0.0, 0.6980792316926765]",0.0,0.5733270385990972,0.0001,0.0,0.2929471032745592,"[0.0, 0.5858942065491184]",0.1,0.4317000742390497,"[0.0, 0.8634001484780994]",0.0,train
0.65,"[0.7566666666666667, 0.5433333333333333]",0.0,4.0,0.5630311568578085,0.0,[56],49.0,0.0,0.3467561521252794,"[0.0, 0.6935123042505588]",0.0,0.5630311568578085,0.0001,0.0,0.2859778597785978,"[0.0, 0.5719557195571956]",0.1,0.4403409090909091,"[0.0, 0.8806818181818182]",0.0,valid
0.6466870095902354,"[0.7345248474280732, 0.5588491717523976]",0.0,4.0,0.5721501656200575,0.0,[56],50.0,0.0,0.34722222222222193,"[0.0, 0.6944444444444439]",0.0,0.5721501656200575,0.0001,0.0,0.2926208651399491,"[0.0, 0.5852417302798982]",0.1,0.4268745360059391,"[0.0, 0.8537490720118782]",0.0,train
0.6583333333333334,"[0.7566666666666667, 0.56]",0.0,4.0,0.5601319869359335,0.0,[56],50.0,0.0,0.3526785714285712,"[0.0, 0.7053571428571423]",0.0,0.5601319869359335,0.0001,0.0,0.29044117647058826,"[0.0, 0.5808823529411765]",0.1,0.44886363636363635,"[0.0, 0.8977272727272727]",0.0,valid
0.6438535309503051,"[0.7345248474280732, 0.553182214472537]",0.0,4.0,0.5699875121531279,0.0,[56],51.0,0.0,0.3460498648242713,"[0.0, 0.6920997296485426]",0.0,0.5699875121531279,0.0001,0.0,0.29061553985872857,"[0.0, 0.5812310797174571]",0.1,0.42761692650334077,"[0.0, 0.8552338530066815]",0.0,train
0.655,"[0.7566666666666667, 0.5533333333333333]",0.0,4.0,0.5595076680183411,0.0,[56],51.0,0.0,0.35111111111111076,"[0.0, 0.7022222222222215]",0.0,0.5595076680183411,0.0001,0.0,0.28832116788321166,"[0.0, 0.5766423357664233]",0.1,0.44886363636363635,"[0.0, 0.8977272727272727]",0.0,valid
0.6427637314734089,"[0.7345248474280732, 0.5510026155187445]",0.0,4.0,0.5710217771322831,0.0,[56],52.0,0.0,0.3456235011990405,"[0.0, 0.691247002398081]",0.0,0.5710217771322831,0.0001,0.0,0.2898441427853193,"[0.0, 0.5796882855706386]",0.1,0.4279881217520416,"[0.0, 0.8559762435040832]",0.0,train
0.6516666666666666,"[0.7566666666666667, 0.5466666666666666]",0.0,4.0,0.5604487458864847,0.0,[56],52.0,0.0,0.3488888888888886,"[0.0, 0.6977777777777772]",0.0,0.5604487458864847,0.0001,0.0,0.2864963503649635,"[0.0, 0.572992700729927]",0.1,0.4460227272727273,"[0.0, 0.8920454545454546]",0.0,valid
0.6501743679163035,"[0.7345248474280732, 0.5658238884045336]",0.0,4.0,0.5697061186251433,0.0,[56],53.0,0.0,0.3500903070439491,"[0.0, 0.7001806140878982]",0.0,0.5697061186251433,0.0001,0.0,0.29443037974683545,"[0.0, 0.5888607594936709]",0.1,0.4317000742390497,"[0.0, 0.8634001484780994]",0.0,train
0.6616666666666666,"[0.7566666666666667, 0.5666666666666667]",0.0,4.0,0.5591663122177124,0.0,[56],53.0,0.0,0.3549107142857141,"[0.0, 0.7098214285714282]",0.0,0.5591663122177124,0.0001,0.0,0.2922794117647059,"[0.0, 0.5845588235294118]",0.1,0.45170454545454547,"[0.0, 0.9034090909090909]",0.0,valid
0.6438535309503051,"[0.7345248474280732, 0.553182214472537]",0.0,4.0,0.5691953016364056,0.0,[56],54.0,0.0,0.3457718928678902,"[0.0, 0.6915437857357803]",0.0,0.5691953016364056,0.0001,0.0,0.2907388663967611,"[0.0, 0.5814777327935222]",0.1,0.4265033407572383,"[0.0, 0.8530066815144766]",0.0,train
0.645,"[0.7566666666666667, 0.5333333333333333]",0.0,4.0,0.5604473352432251,0.0,[56],54.0,0.0,0.3437499999999997,"[0.0, 0.6874999999999994]",0.0,0.5604473352432251,0.0001,0.0,0.28308823529411764,"[0.0, 0.5661764705882353]",0.1,0.4375,"[0.0, 0.875]",0.0,valid
0.6445074106364429,"[0.7345248474280732, 0.5544899738448126]",0.0,4.0,0.57050178102825,0.0,[56],55.0,0.0,0.3466386554621846,"[0.0, 0.6932773109243692]",0.0,0.57050178102825,0.0001,0.0,0.29093198992443325,"[0.0, 0.5818639798488665]",0.1,0.4287305122494432,"[0.0, 0.8574610244988864]",0.0,train
0.6433333333333333,"[0.7566666666666667, 0.53]",0.0,4.0,0.5606391429901123,0.0,[56],55.0,0.0,0.3422818791946306,"[0.0, 0.6845637583892612]",0.0,0.5606391429901123,0.0001,0.0,0.2822878228782288,"[0.0, 0.5645756457564576]",0.1,0.4346590909090909,"[0.0, 0.8693181818181818]",0.0,valid
0.6477768090671316,"[0.7345248474280732, 0.5610287707061901]",0.0,4.0,0.5694353114003721,0.0,[56],56.0,0.0,0.3480229399335946,"[0.0, 0.6960458798671892]",0.0,0.5694353114003721,0.0001,0.0,0.29323499491353,"[0.0, 0.58646998982706]",0.1,0.4279881217520416,"[0.0, 0.8559762435040832]",0.0,train
0.6516666666666666,"[0.7566666666666667, 0.5466666666666666]",0.0,4.0,0.558864951133728,0.0,[56],56.0,0.0,0.34684684684684663,"[0.0, 0.6936936936936933]",0.0,0.558864951133728,0.0001,0.0,0.2873134328358209,"[0.0, 0.5746268656716418]",0.1,0.4375,"[0.0, 0.875]",0.0,valid
0.6405841325196164,"[0.7345248474280732, 0.5466434176111595]",0.0,4.0,0.5684832697329314,0.0,[56],57.0,0.0,0.34337349397590333,"[0.0, 0.6867469879518067]",0.0,0.5684832697329314,0.0001,0.0,0.28890015205271163,"[0.0, 0.5778003041054233]",0.1,0.42316258351893093,"[0.0, 0.8463251670378619]",0.0,train
0.655,"[0.7566666666666667, 0.5533333333333333]",0.0,4.0,0.5597069064776102,0.0,[56],57.0,0.0,0.35176991150442455,"[0.0, 0.7035398230088491]",0.0,0.5597069064776102,0.0001,0.0,0.28804347826086957,"[0.0, 0.5760869565217391]",0.1,0.45170454545454547,"[0.0, 0.9034090909090909]",0.0,valid
0.6447253705318221,"[0.7345248474280732, 0.5549258936355711]",0.0,4.0,0.5705386115157086,0.0,[56],58.0,0.0,0.34618861102741766,"[0.0, 0.6923772220548353]",0.0,0.5705386115157086,0.0001,0.0,0.29132860040567954,"[0.0, 0.5826572008113591]",0.1,0.4265033407572383,"[0.0, 0.8530066815144766]",0.0,train
0.6566666666666667,"[0.7566666666666667, 0.5566666666666666]",0.0,4.0,0.5572602351506551,0.0,[56],58.0,0.0,0.3512304250559282,"[0.0, 0.7024608501118564]",0.0,0.5572602351506551,0.0001,0.0,0.2896678966789668,"[0.0, 0.5793357933579336]",0.1,0.4460227272727273,"[0.0, 0.8920454545454546]",0.0,valid
0.6451612903225806,"[0.7345248474280732, 0.555797733217088]",0.0,4.0,0.5682951082354006,0.0,[56],59.0,0.0,0.3460259897249922,"[0.0, 0.6920519794499844]",0.0,0.5682951082354006,0.0001,0.0,0.2917940876656473,"[0.0, 0.5835881753312946]",0.1,0.425018559762435,"[0.0, 0.85003711952487]",0.0,train
0.65,"[0.7566666666666667, 0.5433333333333333]",0.0,4.0,0.5601638555526733,0.0,[56],59.0,0.0,0.3453724604966137,"[0.0, 0.6907449209932274]",0.0,0.5601638555526733,0.0001,0.0,0.28651685393258425,"[0.0, 0.5730337078651685]",0.1,0.4346590909090909,"[0.0, 0.8693181818181818]",0.0,valid
0.6410200523103748,"[0.7345248474280732, 0.5475152571926766]",0.0,4.0,0.5743771921033445,0.0,[56],60.0,0.0,0.3449820788530464,"[0.0, 0.6899641577060928]",0.0,0.5743771921033445,0.0001,0.0,0.2886056971514243,"[0.0, 0.5772113943028486]",0.1,0.4287305122494432,"[0.0, 0.8574610244988864]",0.0,train
0.65,"[0.7566666666666667, 0.5433333333333333]",0.0,4.0,0.5612775484720866,0.0,[56],60.0,0.0,0.34606741573033684,"[0.0, 0.6921348314606737]",0.0,0.5612775484720866,0.0001,0.0,0.2862453531598513,"[0.0, 0.5724907063197026]",0.1,0.4375,"[0.0, 0.875]",0.0,valid
0.6416739319965126,"[0.7345248474280732, 0.548823016564952]",0.0,4.0,0.5721117465392404,0.0,[56],61.0,0.0,0.3452914798206275,"[0.0, 0.690582959641255]",0.0,0.5721117465392404,0.0001,0.0,0.28903903903903905,"[0.0, 0.5780780780780781]",0.1,0.4287305122494432,"[0.0, 0.8574610244988864]",0.0,train
0.6416666666666666,"[0.7566666666666667, 0.5266666666666666]",0.0,4.0,0.5563376148541769,0.0,[56],61.0,0.0,0.34080717488789214,"[0.0, 0.6816143497757843]",0.0,0.5563376148541769,0.0001,0.0,0.2814814814814815,"[0.0, 0.562962962962963]",0.1,0.4318181818181818,"[0.0, 0.8636363636363636]",0.0,valid
0.6399302528334787,"[0.7345248474280732, 0.5453356582388841]",0.0,4.0,0.5769020811371182,0.0,[56],62.0,0.0,0.3438155136268341,"[0.0, 0.6876310272536682]",0.0,0.5769020811371182,0.0001,0.0,0.28815261044176704,"[0.0, 0.5763052208835341]",0.1,0.4261321455085375,"[0.0, 0.852264291017075]",0.0,train
0.655,"[0.7566666666666667, 0.5533333333333333]",0.0,4.0,0.557866116364797,0.0,[56],62.0,0.0,0.3484162895927599,"[0.0, 0.6968325791855198]",0.0,0.557866116364797,0.0001,0.0,0.2894736842105263,"[0.0, 0.5789473684210527]",0.1,0.4375,"[0.0, 0.875]",0.0,valid
0.6421098517872712,"[0.7345248474280732, 0.5496948561464691]",0.0,4.0,0.5655930379162664,0.0,[56],63.0,0.0,0.3445681613000298,"[0.0, 0.6891363226000596]",0.0,0.5655930379162664,0.0001,0.0,0.2897267206477733,"[0.0, 0.5794534412955465]",0.1,0.425018559762435,"[0.0, 0.85003711952487]",0.0,train
0.6483333333333334,"[0.7566666666666667, 0.54]",0.0,4.0,0.5597767035166422,0.0,[56],63.0,0.0,0.3459821428571425,"[0.0, 0.691964285714285]",0.0,0.5597767035166422,0.0001,0.0,0.2849264705882353,"[0.0, 0.5698529411764706]",0.1,0.4403409090909091,"[0.0, 0.8806818181818182]",0.0,valid
0.6405841325196164,"[0.7345248474280732, 0.5466434176111595]",0.0,4.0,0.5696899528088777,0.0,[56],64.0,0.0,0.34440454817474536,"[0.0, 0.6888090963494907]",0.0,0.5696899528088777,0.0001,0.0,0.28847117794486216,"[0.0, 0.5769423558897243]",0.1,0.42724573125463994,"[0.0, 0.8544914625092799]",0.0,train
0.6566666666666667,"[0.7566666666666667, 0.5566666666666666]",0.0,4.0,0.5555532574653625,0.0,[56],64.0,0.0,0.35254988913525476,"[0.0, 0.7050997782705095]",0.0,0.5555532574653625,0.0001,0.0,0.28909090909090907,"[0.0, 0.5781818181818181]",0.1,0.45170454545454547,"[0.0, 0.9034090909090909]",0.0,valid
0.6477768090671316,"[0.7345248474280732, 0.5610287707061901]",0.0,4.0,0.5704208716102268,0.0,[56],65.0,0.0,0.3490254872563715,"[0.0, 0.698050974512743]",0.0,0.5704208716102268,0.0001,0.0,0.29275653923541245,"[0.0, 0.5855130784708249]",0.1,0.43207126948775054,"[0.0, 0.8641425389755011]",0.0,train
0.6566666666666667,"[0.7566666666666667, 0.5566666666666666]",0.0,4.0,0.5553838213284811,0.0,[56],65.0,0.0,0.3532008830022072,"[0.0, 0.7064017660044144]",0.0,0.5553838213284811,0.0001,0.0,0.2888086642599278,"[0.0, 0.5776173285198556]",0.1,0.45454545454545453,"[0.0, 0.9090909090909091]",0.0,valid
0.647994768962511,"[0.7345248474280732, 0.5614646904969486]",0.0,4.0,0.5665817856788635,0.0,[56],66.0,0.0,0.3484026522001203,"[0.0, 0.6968053044002406]",0.0,0.5665817856788635,0.0001,0.0,0.2932521562658549,"[0.0, 0.5865043125317098]",0.1,0.429101707498144,"[0.0, 0.858203414996288]",0.0,train
0.6416666666666666,"[0.7566666666666667, 0.5266666666666666]",0.0,4.0,0.5622028112411499,0.0,[56],66.0,0.0,0.3415178571428569,"[0.0, 0.6830357142857137]",0.0,0.5622028112411499,0.0001,0.0,0.28125,"[0.0, 0.5625]",0.1,0.4346590909090909,"[0.0, 0.8693181818181818]",0.0,valid
0.6455972101133391,"[0.7345248474280732, 0.5566695727986051]",0.0,4.0,0.5691801128180131,0.0,[56],67.0,0.0,0.3479820627802688,"[0.0, 0.6959641255605375]",0.0,0.5691801128180131,0.0001,0.0,0.2912912912912913,"[0.0, 0.5825825825825826]",0.1,0.43207126948775054,"[0.0, 0.8641425389755011]",0.0,train
0.6583333333333334,"[0.7566666666666667, 0.56]",0.0,4.0,0.5595536231994629,0.0,[56],67.0,0.0,0.3526785714285712,"[0.0, 0.7053571428571423]",0.0,0.5595536231994629,0.0001,0.0,0.29044117647058826,"[0.0, 0.5808823529411765]",0.1,0.44886363636363635,"[0.0, 0.8977272727272727]",0.0,valid
0.6453792502179598,"[0.7345248474280732, 0.5562336530078466]",0.0,4.0,0.5722933515258457,0.0,[56],68.0,0.0,0.3475134811264227,"[0.0, 0.6950269622528454]",0.0,0.5722933515258457,0.0001,0.0,0.2913108990457057,"[0.0, 0.5826217980914113]",0.1,0.4305864884929473,"[0.0, 0.8611729769858946]",0.0,train
0.655,"[0.7566666666666667, 0.5533333333333333]",0.0,4.0,0.5565950473149618,0.0,[56],68.0,0.0,0.35176991150442455,"[0.0, 0.7035398230088491]",0.0,0.5565950473149618,0.0001,0.0,0.28804347826086957,"[0.0, 0.5760869565217391]",0.1,0.45170454545454547,"[0.0, 0.9034090909090909]",0.0,valid
0.6455972101133391,"[0.7345248474280732, 0.5566695727986051]",0.0,4.0,0.5714044389517411,0.0,[56],69.0,0.0,0.3479820627802688,"[0.0, 0.6959641255605375]",0.0,0.5714044389517411,0.0001,0.0,0.2912912912912913,"[0.0, 0.5825825825825826]",0.1,0.43207126948775054,"[0.0, 0.8641425389755011]",0.0,train
0.6416666666666666,"[0.7566666666666667, 0.5266666666666666]",0.0,4.0,0.5595793724060059,0.0,[56],69.0,0.0,0.34292035398230064,"[0.0, 0.6858407079646013]",0.0,0.5595793724060059,0.0001,0.0,0.2807971014492754,"[0.0, 0.5615942028985508]",0.1,0.4403409090909091,"[0.0, 0.8806818181818182]",0.0,valid
0.6434176111595467,"[0.7345248474280732, 0.5523103748910201]",0.0,4.0,0.572168987730275,0.0,[56],70.0,0.0,0.3455639097744358,"[0.0, 0.6911278195488716]",0.0,0.572168987730275,0.0001,0.0,0.2904448938321537,"[0.0, 0.5808897876643074]",0.1,0.4265033407572383,"[0.0, 0.8530066815144766]",0.0,train
0.65,"[0.7566666666666667, 0.5433333333333333]",0.0,4.0,0.5562078356742859,0.0,[56],70.0,0.0,0.3481152993348113,"[0.0, 0.6962305986696226]",0.0,0.5562078356742859,0.0001,0.0,0.28545454545454546,"[0.0, 0.5709090909090909]",0.1,0.4460227272727273,"[0.0, 0.8920454545454546]",0.0,valid
0.6569311246730601,"[0.7345248474280732, 0.5793374019180471]",0.0,4.0,0.569095114003057,0.0,[56],71.0,0.0,0.3558410516880786,"[0.0, 0.7116821033761572]",0.0,0.569095114003057,0.0001,0.0,0.29775,"[0.0, 0.5955]",0.1,0.4420935412026726,"[0.0, 0.8841870824053452]",0.0,train
0.65,"[0.7566666666666667, 0.5433333333333333]",0.0,4.0,0.5562785466512045,0.0,[56],71.0,0.0,0.347438752783964,"[0.0, 0.694877505567928]",0.0,0.5562785466512045,0.0001,0.0,0.2857142857142857,"[0.0, 0.5714285714285714]",0.1,0.4431818181818182,"[0.0, 0.8863636363636364]",0.0,valid
0.6499564080209241,"[0.7345248474280732, 0.565387968613775]",0.0,4.0,0.5659925445266392,0.0,[56],72.0,0.0,0.3503452416691682,"[0.0, 0.7006904833383364]",0.0,0.5659925445266392,0.0001,0.0,0.2941028225806452,"[0.0, 0.5882056451612904]",0.1,0.43318485523385303,"[0.0, 0.8663697104677061]",0.0,train
0.6533333333333333,"[0.7566666666666667, 0.55]",0.0,4.0,0.5532559752464294,0.0,[56],72.0,0.0,0.3483146067415728,"[0.0, 0.6966292134831455]",0.0,0.5532559752464294,0.0001,0.0,0.28810408921933084,"[0.0, 0.5762081784386617]",0.1,0.4403409090909091,"[0.0, 0.8806818181818182]",0.0,valid
0.6501743679163035,"[0.7345248474280732, 0.5658238884045336]",0.0,4.0,0.5704115681026293,0.0,[56],73.0,0.0,0.3503605769230767,"[0.0, 0.7007211538461534]",0.0,0.5704115681026293,0.0001,0.0,0.2942958101968703,"[0.0, 0.5885916203937406]",0.1,0.4328136599851522,"[0.0, 0.8656273199703044]",0.0,train
0.65,"[0.7566666666666667, 0.5433333333333333]",0.0,4.0,0.5579852859179179,0.0,[56],73.0,0.0,0.34606741573033684,"[0.0, 0.6921348314606737]",0.0,0.5579852859179179,0.0001,0.0,0.2862453531598513,"[0.0, 0.5724907063197026]",0.1,0.4375,"[0.0, 0.875]",0.0,valid
0.6477768090671316,"[0.7345248474280732, 0.5610287707061901]",0.0,4.0,0.5677950822788737,0.0,[56],74.0,0.0,0.35063779293978015,"[0.0, 0.7012755858795603]",0.0,0.5677950822788737,0.0001,0.0,0.29199604743083,"[0.0, 0.58399209486166]",0.1,0.43875278396436523,"[0.0, 0.8775055679287305]",0.0,train
0.6433333333333333,"[0.7566666666666667, 0.53]",0.0,4.0,0.5541865229606628,0.0,[56],74.0,0.0,0.3422818791946306,"[0.0, 0.6845637583892612]",0.0,0.5541865229606628,0.0001,0.0,0.2822878228782288,"[0.0, 0.5645756457564576]",0.1,0.4346590909090909,"[0.0, 0.8693181818181818]",0.0,valid
0.6462510897994769,"[0.7345248474280732, 0.5579773321708805]",0.0,4.0,0.5707452737766764,0.0,[56],75.0,0.0,0.3474729241877254,"[0.0, 0.6949458483754508]",0.0,0.5707452737766764,0.0001,0.0,0.2921092564491654,"[0.0, 0.5842185128983308]",0.1,0.4287305122494432,"[0.0, 0.8574610244988864]",0.0,train
0.6483333333333334,"[0.7566666666666667, 0.54]",0.0,4.0,0.5593207875887553,0.0,[56],75.0,0.0,0.3473451327433626,"[0.0, 0.6946902654867252]",0.0,0.5593207875887553,0.0001,0.0,0.28442028985507245,"[0.0, 0.5688405797101449]",0.1,0.4460227272727273,"[0.0, 0.8920454545454546]",0.0,valid
0.6532258064516129,"[0.7345248474280732, 0.5719267654751525]",0.0,4.0,0.5682281126146731,0.0,[56],76.0,0.0,0.35281774580335706,"[0.0, 0.7056354916067141]",0.0,0.5682281126146731,0.0001,0.0,0.29587732528909,"[0.0, 0.59175465057818]",0.1,0.43689680772086115,"[0.0, 0.8737936154417223]",0.0,train
0.6533333333333333,"[0.7566666666666667, 0.55]",0.0,4.0,0.5588063398996989,0.0,[56],76.0,0.0,0.3483146067415728,"[0.0, 0.6966292134831455]",0.0,0.5588063398996989,0.0001,0.0,0.28810408921933084,"[0.0, 0.5762081784386617]",0.1,0.4403409090909091,"[0.0, 0.8806818181818182]",0.0,valid
0.6466870095902354,"[0.7345248474280732, 0.5588491717523976]",0.0,4.0,0.5675090188565461,0.0,[56],77.0,0.0,0.34749849306811303,"[0.0, 0.6949969861362261]",0.0,0.5675090188565461,0.0001,0.0,0.29249112125824456,"[0.0, 0.5849822425164891]",0.1,0.4279881217520416,"[0.0, 0.8559762435040832]",0.0,train
0.6583333333333334,"[0.7566666666666667, 0.56]",0.0,4.0,0.5544310013453165,0.0,[56],77.0,0.0,0.3520179372197307,"[0.0, 0.7040358744394614]",0.0,0.5544310013453165,0.0001,0.0,0.29074074074074074,"[0.0, 0.5814814814814815]",0.1,0.4460227272727273,"[0.0, 0.8920454545454546]",0.0,valid
0.6458151700087185,"[0.7345248474280732, 0.5571054925893636]",0.0,4.0,0.5660006378007971,0.0,[56],78.0,0.0,0.34661835748792247,"[0.0, 0.6932367149758449]",0.0,0.5660006378007971,0.0001,0.0,0.2921119592875318,"[0.0, 0.5842239185750636]",0.1,0.4261321455085375,"[0.0, 0.852264291017075]",0.0,train
0.65,"[0.7566666666666667, 0.5433333333333333]",0.0,4.0,0.554288645585378,0.0,[56],78.0,0.0,0.34606741573033684,"[0.0, 0.6921348314606737]",0.0,0.554288645585378,0.0001,0.0,0.2862453531598513,"[0.0, 0.5724907063197026]",0.1,0.4375,"[0.0, 0.875]",0.0,valid
0.6488666085440279,"[0.7345248474280732, 0.5632083696599826]",0.0,4.0,0.567434997662254,0.0,[56],79.0,0.0,0.34999999999999976,"[0.0, 0.6999999999999995]",0.0,0.567434997662254,0.0001,0.0,0.29327646763672854,"[0.0, 0.5865529352734571]",0.1,0.43392724573125463,"[0.0, 0.8678544914625093]",0.0,train
0.6483333333333334,"[0.7566666666666667, 0.54]",0.0,4.0,0.5560109416643778,0.0,[56],79.0,0.0,0.3452914798206276,"[0.0, 0.6905829596412552]",0.0,0.5560109416643778,0.0001,0.0,0.2851851851851852,"[0.0, 0.5703703703703704]",0.1,0.4375,"[0.0, 0.875]",0.0,valid
0.6503923278116827,"[0.7345248474280732, 0.5662598081952921]",0.0,4.0,0.5676918548086415,0.0,[56],80.0,0.0,0.3505557224391707,"[0.0, 0.7011114448783414]",0.0,0.5676918548086415,0.0001,0.0,0.2943995963673057,"[0.0, 0.5887991927346115]",0.1,0.43318485523385303,"[0.0, 0.8663697104677061]",0.0,train
0.6433333333333333,"[0.7566666666666667, 0.53]",0.0,4.0,0.5562853813171387,0.0,[56],80.0,0.0,0.3429844097995543,"[0.0, 0.6859688195991086]",0.0,0.5562853813171387,0.0001,0.0,0.28205128205128205,"[0.0, 0.5641025641025641]",0.1,0.4375,"[0.0, 0.875]",0.0,valid
0.6477768090671316,"[0.7345248474280732, 0.5610287707061901]",0.0,4.0,0.5662066729172416,0.0,[56],81.0,0.0,0.3485714285714283,"[0.0, 0.6971428571428566]",0.0,0.5662066729172416,0.0001,0.0,0.2929726996966633,"[0.0, 0.5859453993933266]",0.1,0.43021529324424646,"[0.0, 0.8604305864884929]",0.0,train
0.6466666666666667,"[0.7566666666666667, 0.5366666666666666]",0.0,4.0,0.5568673213322958,0.0,[56],81.0,0.0,0.3438202247191009,"[0.0, 0.6876404494382018]",0.0,0.5568673213322958,0.0001,0.0,0.2843866171003718,"[0.0, 0.5687732342007435]",0.1,0.4346590909090909,"[0.0, 0.8693181818181818]",0.0,valid
0.6475588491717523,"[0.7345248474280732, 0.5605928509154315]",0.0,4.0,0.566891944926718,0.0,[56],82.0,0.0,0.34819277108433705,"[0.0, 0.6963855421686741]",0.0,0.566891944926718,0.0001,0.0,0.29295489102889,"[0.0, 0.58590978205778]",0.1,0.429101707498144,"[0.0, 0.858203414996288]",0.0,train
0.6583333333333334,"[0.7566666666666667, 0.56]",0.0,4.0,0.5547220706939697,0.0,[56],82.0,0.0,0.3520179372197307,"[0.0, 0.7040358744394614]",0.0,0.5547220706939697,0.0001,0.0,0.29074074074074074,"[0.0, 0.5814814814814815]",0.1,0.4460227272727273,"[0.0, 0.8920454545454546]",0.0,valid
0.6440714908456844,"[0.7345248474280732, 0.5536181342632955]",0.0,4.0,0.5664689255797345,0.0,[56],83.0,0.0,0.34559710494571744,"[0.0, 0.6911942098914349]",0.0,0.5664689255797345,0.0001,0.0,0.29101066531234127,"[0.0, 0.5820213306246825]",0.1,0.42538975501113585,"[0.0, 0.8507795100222717]",0.0,train
0.6516666666666666,"[0.7566666666666667, 0.5466666666666666]",0.0,4.0,0.5562508900960287,0.0,[56],83.0,0.0,0.34684684684684663,"[0.0, 0.6936936936936933]",0.0,0.5562508900960287,0.0001,0.0,0.2873134328358209,"[0.0, 0.5746268656716418]",0.1,0.4375,"[0.0, 0.875]",0.0,valid
0.6425457715780296,"[0.7345248474280732, 0.550566695727986]",0.0,4.0,0.5678263488023177,0.0,[56],84.0,0.0,0.3442127530976123,"[0.0, 0.6884255061952246]",0.0,0.5678263488023177,0.0001,0.0,0.2902650356778797,"[0.0, 0.5805300713557594]",0.1,0.42279138827023016,"[0.0, 0.8455827765404603]",0.0,train
0.6433333333333333,"[0.7566666666666667, 0.53]",0.0,4.0,0.5555179913838705,0.0,[56],84.0,0.0,0.3422818791946306,"[0.0, 0.6845637583892612]",0.0,0.5555179913838705,0.0001,0.0,0.2822878228782288,"[0.0, 0.5645756457564576]",0.1,0.4346590909090909,"[0.0, 0.8693181818181818]",0.0,valid
0.6517000871839582,"[0.7345248474280732, 0.5688753269398431]",0.0,4.0,0.5657994980397432,0.0,[56],85.0,0.0,0.35190176699610637,"[0.0, 0.7038035339922127]",0.0,0.5657994980397432,0.0001,0.0,0.294929718875502,"[0.0, 0.589859437751004]",0.1,0.43615441722345955,"[0.0, 0.8723088344469191]",0.0,train
0.6583333333333334,"[0.7566666666666667, 0.56]",0.0,4.0,0.5525510708491007,0.0,[56],85.0,0.0,0.3526785714285712,"[0.0, 0.7053571428571423]",0.0,0.5525510708491007,0.0001,0.0,0.29044117647058826,"[0.0, 0.5808823529411765]",0.1,0.44886363636363635,"[0.0, 0.8977272727272727]",0.0,valid
0.6458151700087185,"[0.7345248474280732, 0.5571054925893636]",0.0,4.0,0.5660102859787319,0.0,[56],86.0,0.0,0.3465256797583079,"[0.0, 0.6930513595166158]",0.0,0.5660102859787319,0.0001,0.0,0.2921548650025471,"[0.0, 0.5843097300050942]",0.1,0.4257609502598367,"[0.0, 0.8515219005196734]",0.0,train
0.65,"[0.7566666666666667, 0.5433333333333333]",0.0,4.0,0.5549777547518412,0.0,[56],86.0,0.0,0.3467561521252794,"[0.0, 0.6935123042505588]",0.0,0.5549777547518412,0.0001,0.0,0.2859778597785978,"[0.0, 0.5719557195571956]",0.1,0.4403409090909091,"[0.0, 0.8806818181818182]",0.0,valid
0.6449433304272014,"[0.7345248474280732, 0.5553618134263295]",0.0,4.0,0.568311870098114,0.0,[56],87.0,0.0,0.346478025285972,"[0.0, 0.692956050571944]",0.0,0.568311870098114,0.0001,0.0,0.2913924050632911,"[0.0, 0.5827848101265822]",0.1,0.42724573125463994,"[0.0, 0.8544914625092799]",0.0,train
0.6433333333333333,"[0.7566666666666667, 0.53]",0.0,4.0,0.5546742081642151,0.0,[56],87.0,0.0,0.3386727688787183,"[0.0, 0.6773455377574366]",0.0,0.5546742081642151,0.0001,0.0,0.2835249042145594,"[0.0, 0.5670498084291188]",0.1,0.42045454545454547,"[0.0, 0.8409090909090909]",0.0,valid
0.647994768962511,"[0.7345248474280732, 0.5614646904969486]",0.0,4.0,0.5689818677694901,0.0,[56],88.0,0.0,0.3486762936221417,"[0.0, 0.6973525872442834]",0.0,0.5689818677694901,0.0001,0.0,0.29312089023773397,"[0.0, 0.5862417804754679]",0.1,0.43021529324424646,"[0.0, 0.8604305864884929]",0.0,train
0.6466666666666667,"[0.7566666666666667, 0.5366666666666666]",0.0,4.0,0.5550437966982523,0.0,[56],88.0,0.0,0.34096109839816907,"[0.0, 0.6819221967963381]",0.0,0.5550437966982523,0.0001,0.0,0.28544061302681994,"[0.0, 0.5708812260536399]",0.1,0.42329545454545453,"[0.0, 0.8465909090909091]",0.0,valid
0.6499564080209241,"[0.7345248474280732, 0.565387968613775]",0.0,4.0,0.5688279271125793,0.0,[56],89.0,0.0,0.3503452416691682,"[0.0, 0.7006904833383364]",0.0,0.5688279271125793,0.0001,0.0,0.2941028225806452,"[0.0, 0.5882056451612904]",0.1,0.43318485523385303,"[0.0, 0.8663697104677061]",0.0,train
0.645,"[0.7566666666666667, 0.5333333333333333]",0.0,4.0,0.5547218521436056,0.0,[56],89.0,0.0,0.34018264840182616,"[0.0, 0.6803652968036523]",0.0,0.5547218521436056,0.0001,0.0,0.28435114503816794,"[0.0, 0.5687022900763359]",0.1,0.42329545454545453,"[0.0, 0.8465909090909091]",0.0,valid
0.6425457715780296,"[0.7345248474280732, 0.550566695727986]",0.0,4.0,0.5657523844553076,0.0,[56],90.0,0.0,0.3439297608234936,"[0.0, 0.6878595216469872]",0.0,0.5657523844553076,0.0001,0.0,0.2903885480572597,"[0.0, 0.5807770961145194]",0.1,0.4216778025241277,"[0.0, 0.8433556050482554]",0.0,train
0.6416666666666666,"[0.7566666666666667, 0.5266666666666666]",0.0,4.0,0.5545317133267721,0.0,[56],90.0,0.0,0.34080717488789214,"[0.0, 0.6816143497757843]",0.0,0.5545317133267721,0.0001,0.0,0.2814814814814815,"[0.0, 0.562962962962963]",0.1,0.4318181818181818,"[0.0, 0.8636363636363636]",0.0,valid
0.6466870095902354,"[0.7345248474280732, 0.5588491717523976]",0.0,4.0,0.568293149056642,0.0,[56],91.0,0.0,0.34786530366806945,"[0.0, 0.6957306073361389]",0.0,0.568293149056642,0.0001,0.0,0.29231935320869123,"[0.0, 0.5846387064173825]",0.1,0.42947290274684485,"[0.0, 0.8589458054936897]",0.0,train
0.6466666666666667,"[0.7566666666666667, 0.5366666666666666]",0.0,4.0,0.5534241795539856,0.0,[56],91.0,0.0,0.34657836644591583,"[0.0, 0.6931567328918317]",0.0,0.5534241795539856,0.0001,0.0,0.2833935018050541,"[0.0, 0.5667870036101083]",0.1,0.4460227272727273,"[0.0, 0.8920454545454546]",0.0,valid
0.6464690496948562,"[0.7345248474280732, 0.558413251961639]",0.0,4.0,0.5680040172908617,0.0,[56],92.0,0.0,0.3462822458270104,"[0.0, 0.6925644916540208]",0.0,0.5680040172908617,0.0001,0.0,0.29286447638603696,"[0.0, 0.5857289527720739]",0.1,0.42353377876763176,"[0.0, 0.8470675575352635]",0.0,train
0.6416666666666666,"[0.7566666666666667, 0.5266666666666666]",0.0,4.0,0.5566357374191284,0.0,[56],92.0,0.0,0.34009009009008984,"[0.0, 0.6801801801801797]",0.0,0.5566357374191284,0.0001,0.0,0.28171641791044777,"[0.0, 0.5634328358208955]",0.1,0.4289772727272727,"[0.0, 0.8579545454545454]",0.0,valid
0.6460331299040976,"[0.7345248474280732, 0.557541412380122]",0.0,4.0,0.5679323595503102,0.0,[56],93.0,0.0,0.3475518173625711,"[0.0, 0.6951036347251422]",0.0,0.5679323595503102,0.0001,0.0,0.2918768920282543,"[0.0, 0.5837537840565086]",0.1,0.42947290274684485,"[0.0, 0.8589458054936897]",0.0,train
0.6533333333333333,"[0.7566666666666667, 0.55]",0.0,4.0,0.5533592104911804,0.0,[56],93.0,0.0,0.3476297968397288,"[0.0, 0.6952595936794576]",0.0,0.5533592104911804,0.0001,0.0,0.2883895131086142,"[0.0, 0.5767790262172284]",0.1,0.4375,"[0.0, 0.875]",0.0,valid
0.643635571054926,"[0.7345248474280732, 0.5527462946817786]",0.0,4.0,0.5655365353045256,0.0,[56],94.0,0.0,0.344262295081967,"[0.0, 0.688524590163934]",0.0,0.5655365353045256,0.0001,0.0,0.29121725731895226,"[0.0, 0.5824345146379045]",0.1,0.4209354120267261,"[0.0, 0.8418708240534521]",0.0,train
0.6516666666666666,"[0.7566666666666667, 0.5466666666666666]",0.0,4.0,0.5537078380584717,0.0,[56],94.0,0.0,0.3454545454545452,"[0.0, 0.6909090909090904]",0.0,0.5537078380584717,0.0001,0.0,0.2878787878787879,"[0.0, 0.5757575757575758]",0.1,0.4318181818181818,"[0.0, 0.8636363636363636]",0.0,valid
0.6427637314734089,"[0.7345248474280732, 0.5510026155187445]",0.0,4.0,0.5653318659118984,0.0,[56],95.0,0.0,0.34459867229933583,"[0.0, 0.6891973445986717]",0.0,0.5653318659118984,0.0001,0.0,0.2902897813929842,"[0.0, 0.5805795627859685]",0.1,0.4239049740163326,"[0.0, 0.8478099480326652]",0.0,train
0.6383333333333334,"[0.7566666666666667, 0.52]",0.0,4.0,0.5559577147165934,0.0,[56],95.0,0.0,0.33783783783783755,"[0.0, 0.6756756756756751]",0.0,0.5559577147165934,0.0001,0.0,0.2798507462686567,"[0.0, 0.5597014925373134]",0.1,0.42613636363636365,"[0.0, 0.8522727272727273]",0.0,valid
0.6473408892763731,"[0.7345248474280732, 0.560156931124673]",0.0,4.0,0.5682839777158655,0.0,[56],96.0,0.0,0.3475370202478088,"[0.0, 0.6950740404956176]",0.0,0.5682839777158655,0.0001,0.0,0.2930682976554536,"[0.0, 0.5861365953109072]",0.1,0.4268745360059391,"[0.0, 0.8537490720118782]",0.0,train
0.6366666666666667,"[0.7566666666666667, 0.5166666666666667]",0.0,4.0,0.5515759189923605,0.0,[56],96.0,0.0,0.33634311512415327,"[0.0, 0.6726862302483065]",0.0,0.5515759189923605,0.0001,0.0,0.27902621722846443,"[0.0, 0.5580524344569289]",0.1,0.42329545454545453,"[0.0, 0.8465909090909091]",0.0,valid
0.6410200523103748,"[0.7345248474280732, 0.5475152571926766]",0.0,4.0,0.5638920172401096,0.0,[56],97.0,0.0,0.3427272727272725,"[0.0, 0.685454545454545]",0.0,0.5638920172401096,0.0001,0.0,0.28955453149001537,"[0.0, 0.5791090629800307]",0.1,0.4198218262806236,"[0.0, 0.8396436525612472]",0.0,train
0.6466666666666667,"[0.7566666666666667, 0.5366666666666666]",0.0,4.0,0.5522609154383341,0.0,[56],97.0,0.0,0.3424036281179135,"[0.0, 0.684807256235827]",0.0,0.5522609154383341,0.0001,0.0,0.2849056603773585,"[0.0, 0.569811320754717]",0.1,0.4289772727272727,"[0.0, 0.8579545454545454]",0.0,valid
0.6442894507410637,"[0.7345248474280732, 0.5540540540540541]",0.0,4.0,0.5661106213279392,0.0,[56],98.0,0.0,0.3445761166818594,"[0.0, 0.6891522333637188]",0.0,0.5661106213279392,0.0001,0.0,0.2916666666666667,"[0.0, 0.5833333333333334]",0.1,0.4209354120267261,"[0.0, 0.8418708240534521]",0.0,train
0.6516666666666666,"[0.7566666666666667, 0.5466666666666666]",0.0,4.0,0.5564822554588318,0.0,[56],98.0,0.0,0.3454545454545452,"[0.0, 0.6909090909090904]",0.0,0.5564822554588318,0.0001,0.0,0.2878787878787879,"[0.0, 0.5757575757575758]",0.1,0.4318181818181818,"[0.0, 0.8636363636363636]",0.0,valid
0.6421098517872712,"[0.7345248474280732, 0.5496948561464691]",0.0,4.0,0.56623934922011,0.0,[56],99.0,0.0,0.3435322629506207,"[0.0, 0.6870645259012415]",0.0,0.56623934922011,0.0001,0.0,0.2901740020470829,"[0.0, 0.5803480040941658]",0.1,0.4209354120267261,"[0.0, 0.8418708240534521]",0.0,train
0.645,"[0.7566666666666667, 0.5333333333333333]",0.0,4.0,0.5542235175768534,0.0,[56],99.0,0.0,0.34162895927601783,"[0.0, 0.6832579185520357]",0.0,0.5542235175768534,0.0001,0.0,0.28383458646616544,"[0.0, 0.5676691729323309]",0.1,0.4289772727272727,"[0.0, 0.8579545454545454]",0.0,valid
0.6477768090671316,"[0.7345248474280732, 0.5610287707061901]",0.0,4.0,0.5687832910081615,0.0,[56],100.0,0.0,0.3482062104311122,"[0.0, 0.6964124208622244]",0.0,0.5687832910081615,0.0001,0.0,0.29314720812182743,"[0.0, 0.5862944162436549]",0.1,0.4287305122494432,"[0.0, 0.8574610244988864]",0.0,train
0.645,"[0.7566666666666667, 0.5333333333333333]",0.0,4.0,0.5532922546068827,0.0,[56],100.0,0.0,0.3430493273542598,"[0.0, 0.6860986547085196]",0.0,0.5532922546068827,0.0001,0.0,0.2833333333333333,"[0.0, 0.5666666666666667]",0.1,0.4346590909090909,"[0.0, 0.8693181818181818]",0.0,valid
0.6434176111595467,"[0.7345248474280732, 0.5523103748910201]",0.0,4.0,0.5677761461423791,0.0,[56],101.0,0.0,0.3433018004272197,"[0.0, 0.6866036008544394]",0.0,0.5677761461423791,0.0001,0.0,0.2914507772020725,"[0.0, 0.582901554404145]",0.1,0.41759465478841873,"[0.0, 0.8351893095768375]",0.0,train
0.6433333333333333,"[0.7566666666666667, 0.53]",0.0,4.0,0.5559310913085938,0.0,[56],101.0,0.0,0.3401360544217684,"[0.0, 0.6802721088435368]",0.0,0.5559310913085938,0.0001,0.0,0.2830188679245283,"[0.0, 0.5660377358490566]",0.1,0.42613636363636365,"[0.0, 0.8522727272727273]",0.0,valid
0.6438535309503051,"[0.7345248474280732, 0.553182214472537]",0.0,4.0,0.5643852093945378,0.0,[56],102.0,0.0,0.34530636884998467,"[0.0, 0.6906127376999693]",0.0,0.5643852093945378,0.0001,0.0,0.29094608341810785,"[0.0, 0.5818921668362157]",0.1,0.42464736451373425,"[0.0, 0.8492947290274685]",0.0,train
0.6416666666666666,"[0.7566666666666667, 0.5266666666666666]",0.0,4.0,0.5552677710851034,0.0,[56],102.0,0.0,0.33936651583710375,"[0.0, 0.6787330316742075]",0.0,0.5552677710851034,0.0001,0.0,0.2819548872180451,"[0.0, 0.5639097744360902]",0.1,0.42613636363636365,"[0.0, 0.8522727272727273]",0.0,valid
0.6434176111595467,"[0.7345248474280732, 0.5523103748910201]",0.0,4.0,0.5653552749882573,0.0,[56],103.0,0.0,0.34453527096578845,"[0.0, 0.6890705419315769]",0.0,0.5653552749882573,0.0001,0.0,0.2908997955010225,"[0.0, 0.581799591002045]",0.1,0.42242019302152933,"[0.0, 0.8448403860430587]",0.0,train
0.6416666666666666,"[0.7566666666666667, 0.5266666666666666]",0.0,4.0,0.5531867543856303,0.0,[56],103.0,0.0,0.33936651583710375,"[0.0, 0.6787330316742075]",0.0,0.5531867543856303,0.0001,0.0,0.2819548872180451,"[0.0, 0.5639097744360902]",0.1,0.42613636363636365,"[0.0, 0.8522727272727273]",0.0,valid
0.6455972101133391,"[0.7345248474280732, 0.5566695727986051]",0.0,4.0,0.5641558559044547,0.0,[56],104.0,0.0,0.34679120216932785,"[0.0, 0.6935824043386557]",0.0,0.5641558559044547,0.0001,0.0,0.29183569979716023,"[0.0, 0.5836713995943205]",0.1,0.42724573125463994,"[0.0, 0.8544914625092799]",0.0,train
0.6466666666666667,"[0.7566666666666667, 0.5366666666666666]",0.0,4.0,0.5514835715293884,0.0,[56],104.0,0.0,0.3438202247191009,"[0.0, 0.6876404494382018]",0.0,0.5514835715293884,0.0001,0.0,0.2843866171003718,"[0.0, 0.5687732342007435]",0.1,0.4346590909090909,"[0.0, 0.8693181818181818]",0.0,valid
0.6471229293809939,"[0.7345248474280732, 0.5597210113339146]",0.0,4.0,0.5663506362749182,0.0,[56],105.0,0.0,0.34779987944544877,"[0.0, 0.6955997588908975]",0.0,0.5663506362749182,0.0001,0.0,0.29274479959411465,"[0.0, 0.5854895991882293]",0.1,0.42835931700074237,"[0.0, 0.8567186340014847]",0.0,train
0.645,"[0.7566666666666667, 0.5333333333333333]",0.0,4.0,0.5519684354464213,0.0,[56],105.0,0.0,0.3437499999999997,"[0.0, 0.6874999999999994]",0.0,0.5519684354464213,0.0001,0.0,0.28308823529411764,"[0.0, 0.5661764705882353]",0.1,0.4375,"[0.0, 0.875]",0.0,valid
0.6482127288578902,"[0.7345248474280732, 0.5619006102877071]",0.0,4.0,0.5636123522468235,0.0,[56],106.0,0.0,0.34703196347031934,"[0.0, 0.6940639269406387]",0.0,0.5636123522468235,0.0001,0.0,0.29411764705882354,"[0.0, 0.5882352941176471]",0.1,0.42316258351893093,"[0.0, 0.8463251670378619]",0.0,train
0.655,"[0.7566666666666667, 0.5533333333333333]",0.0,4.0,0.5521366794904073,0.0,[56],106.0,0.0,0.3484162895927599,"[0.0, 0.6968325791855198]",0.0,0.5521366794904073,0.0001,0.0,0.2894736842105263,"[0.0, 0.5789473684210527]",0.1,0.4375,"[0.0, 0.875]",0.0,valid
0.6486486486486487,"[0.7345248474280732, 0.562772449869224]",0.0,4.0,0.5685420476871988,0.0,[56],107.0,0.0,0.3487179487179484,"[0.0, 0.6974358974358968]",0.0,0.5685420476871988,0.0001,0.0,0.2936991869918699,"[0.0, 0.5873983739837398]",0.1,0.429101707498144,"[0.0, 0.858203414996288]",0.0,train
0.6416666666666666,"[0.7566666666666667, 0.5266666666666666]",0.0,4.0,0.5492766300837199,0.0,[56],107.0,0.0,0.33863636363636335,"[0.0, 0.6772727272727267]",0.0,0.5492766300837199,0.0001,0.0,0.2821969696969697,"[0.0, 0.5643939393939394]",0.1,0.42329545454545453,"[0.0, 0.8465909090909091]",0.0,valid
0.6449433304272014,"[0.7345248474280732, 0.5553618134263295]",0.0,4.0,0.5656766502753549,0.0,[56],108.0,0.0,0.34620024125452326,"[0.0, 0.6924004825090465]",0.0,0.5656766502753549,0.0001,0.0,0.2915185373285932,"[0.0, 0.5830370746571863]",0.1,0.4261321455085375,"[0.0, 0.852264291017075]",0.0,train
0.655,"[0.7566666666666667, 0.5533333333333333]",0.0,4.0,0.5514151851336161,0.0,[56],108.0,0.0,0.345622119815668,"[0.0, 0.691244239631336]",0.0,0.5514151851336161,0.0001,0.0,0.29069767441860467,"[0.0, 0.5813953488372093]",0.1,0.42613636363636365,"[0.0, 0.8522727272727273]",0.0,valid
0.6495204882301657,"[0.7345248474280732, 0.5645161290322581]",0.0,4.0,0.5651673130367113,0.0,[56],109.0,0.0,0.3484066767830043,"[0.0, 0.6968133535660086]",0.0,0.5651673130367113,0.0001,0.0,0.2946611909650924,"[0.0, 0.5893223819301848]",0.1,0.4261321455085375,"[0.0, 0.852264291017075]",0.0,train
0.655,"[0.7566666666666667, 0.5533333333333333]",0.0,4.0,0.5506314039230347,0.0,[56],109.0,0.0,0.3484162895927599,"[0.0, 0.6968325791855198]",0.0,0.5506314039230347,0.0001,0.0,0.2894736842105263,"[0.0, 0.5789473684210527]",0.1,0.4375,"[0.0, 0.875]",0.0,valid
0.6486486486486487,"[0.7345248474280732, 0.562772449869224]",0.0,4.0,0.5632472375164861,0.0,[56],110.0,0.0,0.3485351857444877,"[0.0, 0.6970703714889754]",0.0,0.5632472375164861,0.0001,0.0,0.29378818737270873,"[0.0, 0.5875763747454175]",0.1,0.42835931700074237,"[0.0, 0.8567186340014847]",0.0,train
0.645,"[0.7566666666666667, 0.5333333333333333]",0.0,4.0,0.5520013769467672,0.0,[56],110.0,0.0,0.34162895927601783,"[0.0, 0.6832579185520357]",0.0,0.5520013769467672,0.0001,0.0,0.28383458646616544,"[0.0, 0.5676691729323309]",0.1,0.4289772727272727,"[0.0, 0.8579545454545454]",0.0,valid
0.6506102877070619,"[0.7345248474280732, 0.5666957279860506]",0.0,4.0,0.5640995372896609,0.0,[56],111.0,0.0,0.34993961352656977,"[0.0, 0.6998792270531395]",0.0,0.5640995372896609,0.0001,0.0,0.29491094147582697,"[0.0, 0.5898218829516539]",0.1,0.43021529324424646,"[0.0, 0.8604305864884929]",0.0,train
0.6416666666666666,"[0.7566666666666667, 0.5266666666666666]",0.0,4.0,0.553367018699646,0.0,[56],111.0,0.0,0.33936651583710375,"[0.0, 0.6787330316742075]",0.0,0.553367018699646,0.0001,0.0,0.2819548872180451,"[0.0, 0.5639097744360902]",0.1,0.42613636363636365,"[0.0, 0.8522727272727273]",0.0,valid
0.6390584132519617,"[0.7345248474280732, 0.54359197907585]",0.0,4.0,0.5658416411151057,0.0,[56],112.0,0.0,0.34054218702406314,"[0.0, 0.6810843740481263]",0.0,0.5658416411151057,0.0001,0.0,0.2887396694214876,"[0.0, 0.5774793388429752]",0.1,0.414996288047513,"[0.0, 0.829992576095026]",0.0,train
0.65,"[0.7566666666666667, 0.5433333333333333]",0.0,4.0,0.5526909033457438,0.0,[56],112.0,0.0,0.34324942791761986,"[0.0, 0.6864988558352397]",0.0,0.5526909033457438,0.0001,0.0,0.28735632183908044,"[0.0, 0.5747126436781609]",0.1,0.42613636363636365,"[0.0, 0.8522727272727273]",0.0,valid
0.6403661726242371,"[0.7345248474280732, 0.546207497820401]",0.0,4.0,0.5671297674593718,0.0,[56],113.0,0.0,0.3423205089366856,"[0.0, 0.6846410178733712]",0.0,0.5671297674593718,0.0001,0.0,0.28915046059365407,"[0.0, 0.5783009211873081]",0.1,0.4194506310319228,"[0.0, 0.8389012620638456]",0.0,train
0.6416666666666666,"[0.7566666666666667, 0.5266666666666666]",0.0,4.0,0.5526148875554403,0.0,[56],113.0,0.0,0.33863636363636335,"[0.0, 0.6772727272727267]",0.0,0.5526148875554403,0.0001,0.0,0.2821969696969697,"[0.0, 0.5643939393939394]",0.1,0.42329545454545453,"[0.0, 0.8465909090909091]",0.0,valid
0.6425457715780296,"[0.7345248474280732, 0.550566695727986]",0.0,4.0,0.5642055765442227,0.0,[56],114.0,0.0,0.34374052743255507,"[0.0, 0.6874810548651101]",0.0,0.5642055765442227,0.0001,0.0,0.29047131147540983,"[0.0, 0.5809426229508197]",0.1,0.4209354120267261,"[0.0, 0.8418708240534521]",0.0,train
0.6483333333333334,"[0.7566666666666667, 0.54]",0.0,4.0,0.5539478858311971,0.0,[56],114.0,0.0,0.3431818181818179,"[0.0, 0.6863636363636358]",0.0,0.5539478858311971,0.0001,0.0,0.2859848484848485,"[0.0, 0.571969696969697]",0.1,0.4289772727272727,"[0.0, 0.8579545454545454]",0.0,valid
0.6423278116826504,"[0.7345248474280732, 0.5501307759372276]",0.0,4.0,0.5634767257648966,0.0,[56],115.0,0.0,0.3432563791008503,"[0.0, 0.6865127582017005]",0.0,0.5634767257648966,0.0001,0.0,0.29048843187660667,"[0.0, 0.5809768637532133]",0.1,0.4194506310319228,"[0.0, 0.8389012620638456]",0.0,train
0.6416666666666666,"[0.7566666666666667, 0.5266666666666666]",0.0,4.0,0.5497040947278341,0.0,[56],115.0,0.0,0.33715596330275205,"[0.0, 0.6743119266055041]",0.0,0.5497040947278341,0.0001,0.0,0.2826923076923077,"[0.0, 0.5653846153846154]",0.1,0.41761363636363635,"[0.0, 0.8352272727272727]",0.0,valid
0.6418918918918919,"[0.7345248474280732, 0.5492589363557105]",0.0,4.0,0.5664444928583892,0.0,[56],116.0,0.0,0.3426658551430308,"[0.0, 0.6853317102860615]",0.0,0.5664444928583892,0.0001,0.0,0.29035585353274884,"[0.0, 0.5807117070654977]",0.1,0.4179658500371195,"[0.0, 0.835931700074239]",0.0,train
0.635,"[0.7566666666666667, 0.5133333333333333]",0.0,4.0,0.5510359605153402,0.0,[56],116.0,0.0,0.33101851851851827,"[0.0, 0.6620370370370365]",0.0,0.5510359605153402,0.0001,0.0,0.279296875,"[0.0, 0.55859375]",0.1,0.40625,"[0.0, 0.8125]",0.0,valid
0.6405841325196164,"[0.7345248474280732, 0.5466434176111595]",0.0,4.0,0.5639391541481018,0.0,[56],117.0,0.0,0.3422330097087376,"[0.0, 0.6844660194174752]",0.0,0.5639391541481018,0.0001,0.0,0.28937916880451514,"[0.0, 0.5787583376090303]",0.1,0.41870824053452116,"[0.0, 0.8374164810690423]",0.0,train
0.6366666666666667,"[0.7566666666666667, 0.5166666666666667]",0.0,4.0,0.5515937010447184,0.0,[56],117.0,0.0,0.33485193621867854,"[0.0, 0.6697038724373571]",0.0,0.5515937010447184,0.0001,0.0,0.279467680608365,"[0.0, 0.55893536121673]",0.1,0.41761363636363635,"[0.0, 0.8352272727272727]",0.0,valid
0.6434176111595467,"[0.7345248474280732, 0.5523103748910201]",0.0,4.0,0.5666389491247095,0.0,[56],118.0,0.0,0.34453527096578845,"[0.0, 0.6890705419315769]",0.0,0.5666389491247095,0.0001,0.0,0.2908997955010225,"[0.0, 0.581799591002045]",0.1,0.42242019302152933,"[0.0, 0.8448403860430587]",0.0,train
0.645,"[0.7566666666666667, 0.5333333333333333]",0.0,4.0,0.5483493208885193,0.0,[56],118.0,0.0,0.34018264840182616,"[0.0, 0.6803652968036523]",0.0,0.5483493208885193,0.0001,0.0,0.28435114503816794,"[0.0, 0.5687022900763359]",0.1,0.42329545454545453,"[0.0, 0.8465909090909091]",0.0,valid
0.6462510897994769,"[0.7345248474280732, 0.5579773321708805]",0.0,4.0,0.5632364309352377,0.0,[56],119.0,0.0,0.34645669291338554,"[0.0, 0.6929133858267711]",0.0,0.5632364309352377,0.0001,0.0,0.2925831202046036,"[0.0, 0.5851662404092072]",0.1,0.42464736451373425,"[0.0, 0.8492947290274685]",0.0,train
0.6433333333333333,"[0.7566666666666667, 0.53]",0.0,4.0,0.5505506793657938,0.0,[56],119.0,0.0,0.3386727688787183,"[0.0, 0.6773455377574366]",0.0,0.5505506793657938,0.0001,0.0,0.2835249042145594,"[0.0, 0.5670498084291188]",0.1,0.42045454545454547,"[0.0, 0.8409090909090909]",0.0,valid
0.6464690496948562,"[0.7345248474280732, 0.558413251961639]",0.0,4.0,0.5638988717742588,0.0,[56],120.0,0.0,0.3452490070271919,"[0.0, 0.6904980140543838]",0.0,0.5638988717742588,0.0001,0.0,0.29335410176531673,"[0.0, 0.5867082035306335]",0.1,0.4194506310319228,"[0.0, 0.8389012620638456]",0.0,train
0.64,"[0.7566666666666667, 0.5233333333333333]",0.0,4.0,0.551747183005015,0.0,[56],120.0,0.0,0.33638443935926743,"[0.0, 0.6727688787185349]",0.0,0.551747183005015,0.0001,0.0,0.28160919540229884,"[0.0, 0.5632183908045977]",0.1,0.41761363636363635,"[0.0, 0.8352272727272727]",0.0,valid
0.6375326939843069,"[0.7345248474280732, 0.5405405405405406]",0.0,4.0,0.5626171490420466,0.0,[56],121.0,0.0,0.3373456790123454,"[0.0, 0.6746913580246908]",0.0,0.5626171490420466,0.0001,0.0,0.28869519281563655,"[0.0, 0.5773903856312731]",0.1,0.40571640682999255,"[0.0, 0.8114328136599851]",0.0,train
0.6333333333333333,"[0.7566666666666667, 0.51]",0.0,4.0,0.5526312987009684,0.0,[56],121.0,0.0,0.3325740318906603,"[0.0, 0.6651480637813206]",0.0,0.5526312987009684,0.0001,0.0,0.27756653992395436,"[0.0, 0.5551330798479087]",0.1,0.4147727272727273,"[0.0, 0.8295454545454546]",0.0,valid
0.6460331299040976,"[0.7345248474280732, 0.557541412380122]",0.0,4.0,0.5636400502661,0.0,[56],122.0,0.0,0.34532154830844225,"[0.0, 0.6906430966168845]",0.0,0.5636400502661,0.0001,0.0,0.29291623578076526,"[0.0, 0.5858324715615305]",0.1,0.42056421677802525,"[0.0, 0.8411284335560505]",0.0,train
0.6366666666666667,"[0.7566666666666667, 0.5166666666666667]",0.0,4.0,0.5510981678962708,0.0,[56],122.0,0.0,0.3356009070294782,"[0.0, 0.6712018140589564]",0.0,0.5510981678962708,0.0001,0.0,0.2792452830188679,"[0.0, 0.5584905660377358]",0.1,0.42045454545454547,"[0.0, 0.8409090909090909]",0.0,valid
0.6460331299040976,"[0.7345248474280732, 0.557541412380122]",0.0,4.0,0.5637692031653031,0.0,[56],123.0,0.0,0.3463518013926731,"[0.0, 0.6927036027853462]",0.0,0.5637692031653031,0.0001,0.0,0.29243353783231085,"[0.0, 0.5848670756646217]",0.1,0.42464736451373425,"[0.0, 0.8492947290274685]",0.0,train
0.6416666666666666,"[0.7566666666666667, 0.5266666666666666]",0.0,4.0,0.5489730834960938,0.0,[56],123.0,0.0,0.3348837209302323,"[0.0, 0.6697674418604646]",0.0,0.5489730834960938,0.0001,0.0,0.28346456692913385,"[0.0, 0.5669291338582677]",0.1,0.4090909090909091,"[0.0, 0.8181818181818182]",0.0,valid
0.6497384481255448,"[0.7345248474280732, 0.5649520488230165]",0.0,4.0,0.5609178750411324,0.0,[56],124.0,0.0,0.34740061162079483,"[0.0, 0.6948012232415897]",0.0,0.5609178750411324,0.0001,0.0,0.2953718148725949,"[0.0, 0.5907436297451898]",0.1,0.4216778025241277,"[0.0, 0.8433556050482554]",0.0,train
0.645,"[0.7566666666666667, 0.5333333333333333]",0.0,4.0,0.5492965777715048,0.0,[56],124.0,0.0,0.33944954128440336,"[0.0, 0.6788990825688067]",0.0,0.5492965777715048,0.0001,0.0,0.2846153846153846,"[0.0, 0.5692307692307692]",0.1,0.42045454545454547,"[0.0, 0.8409090909090909]",0.0,valid
0.6462510897994769,"[0.7345248474280732, 0.5579773321708805]",0.0,4.0,0.5606341647065204,0.0,[56],125.0,0.0,0.3460837887067392,"[0.0, 0.6921675774134785]",0.0,0.5606341647065204,0.0001,0.0,0.29275808936825887,"[0.0, 0.5855161787365177]",0.1,0.42316258351893093,"[0.0, 0.8463251670378619]",0.0,train
0.6366666666666667,"[0.7566666666666667, 0.5166666666666667]",0.0,4.0,0.5502297282218933,0.0,[56],125.0,0.0,0.33256351039260945,"[0.0, 0.6651270207852189]",0.0,0.5502297282218933,0.0001,0.0,0.2801556420233463,"[0.0, 0.5603112840466926]",0.1,0.4090909090909091,"[0.0, 0.8181818181818182]",0.0,valid
0.6462510897994769,"[0.7345248474280732, 0.5579773321708805]",0.0,4.0,0.5647169325662695,0.0,[56],126.0,0.0,0.34589665653495416,"[0.0, 0.6917933130699083]",0.0,0.5647169325662695,0.0001,0.0,0.2928461142563047,"[0.0, 0.5856922285126094]",0.1,0.42242019302152933,"[0.0, 0.8448403860430587]",0.0,train
0.645,"[0.7566666666666667, 0.5333333333333333]",0.0,4.0,0.5480913718541464,0.0,[56],126.0,0.0,0.33944954128440336,"[0.0, 0.6788990825688067]",0.0,0.5480913718541464,0.0001,0.0,0.2846153846153846,"[0.0, 0.5692307692307692]",0.1,0.42045454545454547,"[0.0, 0.8409090909090909]",0.0,valid
0.6429816913687881,"[0.7345248474280732, 0.551438535309503]",0.0,4.0,0.5597695656444716,0.0,[56],127.0,0.0,0.3404651162790695,"[0.0, 0.680930232558139]",0.0,0.5597695656444716,0.0001,0.0,0.29233226837060705,"[0.0, 0.5846645367412141]",0.1,0.40757238307349664,"[0.0, 0.8151447661469933]",0.0,train
0.6416666666666666,"[0.7566666666666667, 0.5266666666666666]",0.0,4.0,0.5517246723175049,0.0,[56],127.0,0.0,0.33789954337899514,"[0.0, 0.6757990867579903]",0.0,0.5517246723175049,0.0001,0.0,0.2824427480916031,"[0.0, 0.5648854961832062]",0.1,0.42045454545454547,"[0.0, 0.8409090909090909]",0.0,valid
0.6455972101133391,"[0.7345248474280732, 0.5566695727986051]",0.0,4.0,0.5616656489994215,0.0,[56],128.0,0.0,0.3436827543805715,"[0.0, 0.687365508761143]",0.0,0.5616656489994215,0.0001,0.0,0.2932843651626443,"[0.0, 0.5865687303252886]",0.1,0.414996288047513,"[0.0, 0.829992576095026]",0.0,train
0.6466666666666667,"[0.7566666666666667, 0.5366666666666666]",0.0,4.0,0.5515216986338297,0.0,[56],128.0,0.0,0.3379953379953377,"[0.0, 0.6759906759906754]",0.0,0.5515216986338297,0.0001,0.0,0.2865612648221344,"[0.0, 0.5731225296442688]",0.1,0.4119318181818182,"[0.0, 0.8238636363636364]",0.0,valid
0.6471229293809939,"[0.7345248474280732, 0.5597210113339146]",0.0,4.0,0.5625274103620778,0.0,[56],129.0,0.0,0.3433622828784116,"[0.0, 0.6867245657568232]",0.0,0.5625274103620778,0.0001,0.0,0.29488545551411827,"[0.0, 0.5897709110282365]",0.1,0.410913140311804,"[0.0, 0.821826280623608]",0.0,train
0.6333333333333333,"[0.7566666666666667, 0.51]",0.0,4.0,0.5488163034121195,0.0,[56],129.0,0.0,0.32946635730858437,"[0.0, 0.6589327146171687]",0.0,0.5488163034121195,0.0001,0.0,0.2784313725490196,"[0.0, 0.5568627450980392]",0.1,0.4034090909090909,"[0.0, 0.8068181818181818]",0.0,valid
0.6438535309503051,"[0.7345248474280732, 0.553182214472537]",0.0,4.0,0.5624587276707524,0.0,[56],130.0,0.0,0.3349436392914651,"[0.0, 0.6698872785829302]",0.0,0.5624587276707524,0.0001,0.0,0.29579067121729236,"[0.0, 0.5915813424345847]",0.1,0.3860430586488493,"[0.0, 0.7720861172976986]",0.0,train
0.65,"[0.7566666666666667, 0.5433333333333333]",0.0,4.0,0.5504137674967448,0.0,[56],130.0,0.0,0.3425287356321836,"[0.0, 0.6850574712643672]",0.0,0.5504137674967448,0.0001,0.0,0.2876447876447876,"[0.0, 0.5752895752895753]",0.1,0.42329545454545453,"[0.0, 0.8465909090909091]",0.0,valid
0.6349171752397559,"[0.7345248474280732, 0.5353095030514385]",0.0,4.0,0.563563725222712,0.0,[56],131.0,0.0,0.3329153605015671,"[0.0, 0.6658307210031342]",0.0,0.563563725222712,0.0001,0.0,0.28811720021703746,"[0.0, 0.5762344004340749]",0.1,0.39420935412026725,"[0.0, 0.7884187082405345]",0.0,train
0.6416666666666666,"[0.7566666666666667, 0.5266666666666666]",0.0,4.0,0.5528766910235087,0.0,[56],131.0,0.0,0.33789954337899514,"[0.0, 0.6757990867579903]",0.0,0.5528766910235087,0.0001,0.0,0.2824427480916031,"[0.0, 0.5648854961832062]",0.1,0.42045454545454547,"[0.0, 0.8409090909090909]",0.0,valid
0.6442894507410637,"[0.7345248474280732, 0.5540540540540541]",0.0,4.0,0.5612774206244427,0.0,[56],132.0,0.0,0.3386944181646166,"[0.0, 0.6773888363292332]",0.0,0.5612774206244427,0.0001,0.0,0.2944078947368421,"[0.0, 0.5888157894736842]",0.1,0.3986636971046771,"[0.0, 0.7973273942093542]",0.0,train
0.65,"[0.7566666666666667, 0.5433333333333333]",0.0,4.0,0.5509114464124044,0.0,[56],132.0,0.0,0.3446712018140587,"[0.0, 0.6893424036281174]",0.0,0.5509114464124044,0.0001,0.0,0.28679245283018867,"[0.0, 0.5735849056603773]",0.1,0.4318181818181818,"[0.0, 0.8636363636363636]",0.0,valid
0.6375326939843069,"[0.7345248474280732, 0.5405405405405406]",0.0,4.0,0.5628729047982589,0.0,[56],133.0,0.0,0.3302190721649482,"[0.0, 0.6604381443298964]",0.0,0.5628729047982589,0.0001,0.0,0.2916903813318156,"[0.0, 0.5833807626636311]",0.1,0.38047512991833704,"[0.0, 0.7609502598366741]",0.0,train
0.63,"[0.7566666666666667, 0.5033333333333333]",0.0,4.0,0.5483398040135702,0.0,[56],133.0,0.0,0.3263403263403261,"[0.0, 0.6526806526806522]",0.0,0.5483398040135702,0.0001,0.0,0.2766798418972332,"[0.0, 0.5533596837944664]",0.1,0.3977272727272727,"[0.0, 0.7954545454545454]",0.0,valid
0.6397122929380994,"[0.7345248474280732, 0.5448997384481256]",0.0,4.0,0.5609923549320387,0.0,[56],134.0,0.0,0.3298565840938719,"[0.0, 0.6597131681877438]",0.0,0.5609923549320387,0.0001,0.0,0.2940151074956421,"[0.0, 0.5880302149912842]",0.1,0.37564959168522644,"[0.0, 0.7512991833704529]",0.0,train
0.6416666666666666,"[0.7566666666666667, 0.5266666666666666]",0.0,4.0,0.5507689317067465,0.0,[56],134.0,0.0,0.3356481481481479,"[0.0, 0.6712962962962958]",0.0,0.5507689317067465,0.0001,0.0,0.283203125,"[0.0, 0.56640625]",0.1,0.4119318181818182,"[0.0, 0.8238636363636364]",0.0,valid
0.6377506538796862,"[0.7345248474280732, 0.5409764603312991]",0.0,4.0,0.5643459791722505,0.0,[56],135.0,0.0,0.3322714240203884,"[0.0, 0.6645428480407768]",0.0,0.5643459791722505,0.0001,0.0,0.291015625,"[0.0, 0.58203125]",0.1,0.38715664439495173,"[0.0, 0.7743132887899035]",0.0,train
0.635,"[0.7566666666666667, 0.5133333333333333]",0.0,4.0,0.5516044100125631,0.0,[56],135.0,0.0,0.3317972350230412,"[0.0, 0.6635944700460824]",0.0,0.5516044100125631,0.0001,0.0,0.27906976744186046,"[0.0, 0.5581395348837209]",0.1,0.4090909090909091,"[0.0, 0.8181818181818182]",0.0,valid
0.6421098517872712,"[0.7345248474280732, 0.5496948561464691]",0.0,4.0,0.564129228177278,0.0,[56],136.0,0.0,0.33974557865342825,"[0.0, 0.6794911573068565]",0.0,0.564129228177278,0.0001,0.0,0.2918443496801706,"[0.0, 0.5836886993603412]",0.1,0.4064587973273942,"[0.0, 0.8129175946547884]",0.0,train
0.6383333333333334,"[0.7566666666666667, 0.52]",0.0,4.0,0.5489997069040934,0.0,[56],136.0,0.0,0.3325581395348835,"[0.0, 0.665116279069767]",0.0,0.5489997069040934,0.0001,0.0,0.281496062992126,"[0.0, 0.562992125984252]",0.1,0.40625,"[0.0, 0.8125]",0.0,valid
0.6388404533565823,"[0.7345248474280732, 0.5431560592850916]",0.0,4.0,0.5635685143263444,0.0,[56],137.0,0.0,0.3278580814717474,"[0.0, 0.6557161629434948]",0.0,0.5635685143263444,0.0001,0.0,0.2940483205657042,"[0.0, 0.5880966411314084]",0.1,0.370452858203415,"[0.0, 0.74090571640683]",0.0,train
0.6466666666666667,"[0.7566666666666667, 0.5366666666666666]",0.0,4.0,0.5485276182492574,0.0,[56],137.0,0.0,0.3372365339578452,"[0.0, 0.6744730679156904]",0.0,0.5485276182492574,0.0001,0.0,0.2868525896414343,"[0.0, 0.5737051792828686]",0.1,0.4090909090909091,"[0.0, 0.8181818181818182]",0.0,valid
0.6399302528334787,"[0.7345248474280732, 0.5453356582388841]",0.0,4.0,0.5620355087777843,0.0,[56],138.0,0.0,0.33106575963718793,"[0.0, 0.6621315192743759]",0.0,0.5620355087777843,0.0001,0.0,0.29367816091954024,"[0.0, 0.5873563218390805]",0.1,0.3793615441722346,"[0.0, 0.7587230883444692]",0.0,train
0.6483333333333334,"[0.7566666666666667, 0.54]",0.0,4.0,0.5473634401957194,0.0,[56],138.0,0.0,0.34174311926605483,"[0.0, 0.6834862385321097]",0.0,0.5473634401957194,0.0001,0.0,0.2865384615384615,"[0.0, 0.573076923076923]",0.1,0.42329545454545453,"[0.0, 0.8465909090909091]",0.0,valid
0.6392763731473409,"[0.7345248474280732, 0.5440278988666085]",0.0,4.0,0.5630323213079701,0.0,[56],139.0,0.0,0.3288612565445024,"[0.0, 0.6577225130890048]",0.0,0.5630323213079701,0.0001,0.0,0.294031597425395,"[0.0, 0.58806319485079]",0.1,0.3730512249443207,"[0.0, 0.7461024498886414]",0.0,train
0.645,"[0.7566666666666667, 0.5333333333333333]",0.0,4.0,0.550119161605835,0.0,[56],139.0,0.0,0.3372093023255811,"[0.0, 0.6744186046511622]",0.0,0.550119161605835,0.0001,0.0,0.2854330708661417,"[0.0, 0.5708661417322834]",0.1,0.4119318181818182,"[0.0, 0.8238636363636364]",0.0,valid
0.6325196163905842,"[0.7345248474280732, 0.530514385353095]",0.0,4.0,0.5604745201442553,0.0,[56],140.0,0.0,0.31702344546381217,"[0.0, 0.6340468909276243]",0.0,0.5604745201442553,0.0001,0.0,0.29229323308270677,"[0.0, 0.5845864661654135]",0.1,0.3463251670378619,"[0.0, 0.6926503340757239]",0.0,train
0.6433333333333333,"[0.7566666666666667, 0.53]",0.0,4.0,0.5459569891293844,0.0,[56],140.0,0.0,0.336426914153132,"[0.0, 0.672853828306264]",0.0,0.5459569891293844,0.0001,0.0,0.28431372549019607,"[0.0, 0.5686274509803921]",0.1,0.4119318181818182,"[0.0, 0.8238636363636364]",0.0,valid
0.6290322580645161,"[0.7345248474280732, 0.523539668700959]",0.0,4.0,0.5611337164173955,0.0,[56],141.0,0.0,0.31443123938879425,"[0.0, 0.6288624787775885]",0.0,0.5611337164173955,0.0001,0.0,0.2897371714643304,"[0.0, 0.5794743429286608]",0.1,0.3437268002969562,"[0.0, 0.6874536005939124]",0.0,train
0.6316666666666667,"[0.7566666666666667, 0.5066666666666667]",0.0,4.0,0.5487504601478577,0.0,[56],141.0,0.0,0.32629107981220634,"[0.0, 0.6525821596244127]",0.0,0.5487504601478577,0.0001,0.0,0.278,"[0.0, 0.556]",0.1,0.39488636363636365,"[0.0, 0.7897727272727273]",0.0,valid
0.6277244986922406,"[0.7345248474280732, 0.520924149956408]",0.0,4.0,0.5616475784260294,0.0,[56],142.0,0.0,0.3071253071253069,"[0.0, 0.6142506142506138]",0.0,0.5616475784260294,0.0001,0.0,0.29127829560585883,"[0.0, 0.5825565912117177]",0.1,0.32479584261321454,"[0.0, 0.6495916852264291]",0.0,train
0.6333333333333333,"[0.7566666666666667, 0.51]",0.0,4.0,0.5504335363705953,0.0,[56],142.0,0.0,0.3286713286713284,"[0.0, 0.6573426573426568]",0.0,0.5504335363705953,0.0001,0.0,0.27865612648221344,"[0.0, 0.5573122529644269]",0.1,0.4005681818181818,"[0.0, 0.8011363636363636]",0.0,valid
0.6294681778552746,"[0.7345248474280732, 0.5244115082824761]",0.0,4.0,0.5591858651327051,0.0,[56],143.0,0.0,0.30919902063658594,"[0.0, 0.6183980412731719]",0.0,0.5591858651327051,0.0001,0.0,0.2923280423280423,"[0.0, 0.5846560846560847]",0.1,0.3281365998515219,"[0.0, 0.6562731997030438]",0.0,train
0.6516666666666666,"[0.7566666666666667, 0.5466666666666666]",0.0,4.0,0.5456372300783793,0.0,[56],143.0,0.0,0.34186046511627877,"[0.0, 0.6837209302325575]",0.0,0.5456372300783793,0.0001,0.0,0.28937007874015747,"[0.0, 0.5787401574803149]",0.1,0.41761363636363635,"[0.0, 0.8352272727272727]",0.0,valid
0.6327375762859634,"[0.7345248474280732, 0.5309503051438536]",0.0,4.0,0.56392407676448,0.0,[56],144.0,0.0,0.31461061337008933,"[0.0, 0.6292212267401787]",0.0,0.56392407676448,0.0001,0.0,0.2935691318327974,"[0.0, 0.5871382636655949]",0.1,0.3389012620638456,"[0.0, 0.6778025241276912]",0.0,train
0.6233333333333333,"[0.7566666666666667, 0.49]",0.0,4.0,0.547085165977478,0.0,[56],144.0,0.0,0.3199999999999998,"[0.0, 0.6399999999999996]",0.0,0.547085165977478,0.0001,0.0,0.27309236947791166,"[0.0, 0.5461847389558233]",0.1,0.38636363636363635,"[0.0, 0.7727272727272727]",0.0,valid
0.6251089799476897,"[0.7345248474280732, 0.515693112467306]",0.0,4.0,0.5624629336854686,0.0,[56],145.0,0.0,0.29264650989175034,"[0.0, 0.5852930197835007]",0.0,0.5624629336854686,0.0001,0.0,0.29429429429429427,"[0.0, 0.5885885885885885]",0.1,0.29101707498144025,"[0.0, 0.5820341499628805]",0.0,train
0.645,"[0.7566666666666667, 0.5333333333333333]",0.0,4.0,0.5450748006502787,0.0,[56],145.0,0.0,0.33490566037735825,"[0.0, 0.6698113207547165]",0.0,0.5450748006502787,0.0001,0.0,0.2862903225806452,"[0.0, 0.5725806451612904]",0.1,0.4034090909090909,"[0.0, 0.8068181818181818]",0.0,valid
0.6176983435047951,"[0.7345248474280732, 0.500871839581517]",0.0,4.0,0.5593156348104062,0.0,[56],146.0,0.0,0.29354489722322363,"[0.0, 0.5870897944464473]",0.0,0.5593156348104062,0.0001,0.0,0.28541374474053294,"[0.0, 0.5708274894810659]",0.1,0.3021529324424647,"[0.0, 0.6043058648849294]",0.0,train
0.6383333333333334,"[0.7566666666666667, 0.52]",0.0,4.0,0.5465386708577474,0.0,[56],146.0,0.0,0.33333333333333304,"[0.0, 0.6666666666666661]",0.0,0.5465386708577474,0.0001,0.0,0.28125,"[0.0, 0.5625]",0.1,0.4090909090909091,"[0.0, 0.8181818181818182]",0.0,valid
0.6161726242371404,"[0.7345248474280732, 0.4978204010462075]",0.0,4.0,0.5620941649312559,0.0,[56],147.0,0.0,0.26867469879518047,"[0.0, 0.5373493975903609]",0.0,0.5620941649312559,0.0001,0.0,0.2926509186351706,"[0.0, 0.5853018372703412]",0.1,0.24832962138084633,"[0.0, 0.49665924276169265]",0.0,train
0.6366666666666667,"[0.7566666666666667, 0.5166666666666667]",0.0,4.0,0.546899418036143,0.0,[56],147.0,0.0,0.33021077283372335,"[0.0, 0.6604215456674467]",0.0,0.546899418036143,0.0001,0.0,0.28087649402390436,"[0.0, 0.5617529880478087]",0.1,0.4005681818181818,"[0.0, 0.8011363636363636]",0.0,valid
0.6307759372275501,"[0.7345248474280732, 0.527027027027027]",0.0,4.0,0.5585000774134761,0.0,[56],148.0,0.0,0.30645736710667115,"[0.0, 0.6129147342133423]",0.0,0.5585000774134761,0.0001,0.0,0.29498626373626374,"[0.0, 0.5899725274725275]",0.1,0.3188567186340015,"[0.0, 0.637713437268003]",0.0,train
0.64,"[0.7566666666666667, 0.5233333333333333]",0.0,4.0,0.5488913059234619,0.0,[56],148.0,0.0,0.32853717026378865,"[0.0, 0.6570743405275773]",0.0,0.5488913059234619,0.0001,0.0,0.2842323651452282,"[0.0, 0.5684647302904564]",0.1,0.38920454545454547,"[0.0, 0.7784090909090909]",0.0,valid
0.6248910200523103,"[0.7345248474280732, 0.5152571926765476]",0.0,4.0,0.5600877896599148,0.0,[56],149.0,0.0,0.2914478619654911,"[0.0, 0.5828957239309822]",0.0,0.5600877896599148,0.0001,0.0,0.29454131918119786,"[0.0, 0.5890826383623957]",0.1,0.2884187082405345,"[0.0, 0.576837416481069]",0.0,train
0.63,"[0.7566666666666667, 0.5033333333333333]",0.0,4.0,0.5464665492375692,0.0,[56],149.0,0.0,0.322195704057279,"[0.0, 0.644391408114558]",0.0,0.5464665492375692,0.0001,0.0,0.2777777777777778,"[0.0, 0.5555555555555556]",0.1,0.3835227272727273,"[0.0, 0.7670454545454546]",0.0,valid
0.6172624237140366,"[0.7345248474280732, 0.5]",0.0,4.0,0.5590445865755496,0.0,[56],150.0,0.0,0.2627223831195694,"[0.0, 0.5254447662391388]",0.0,0.5590445865755496,0.0001,0.0,0.2967289719626168,"[0.0, 0.5934579439252337]",0.1,0.23570898292501857,"[0.0, 0.47141796585003715]",0.0,train
0.625,"[0.7566666666666667, 0.49333333333333335]",0.0,4.0,0.5473805665969849,0.0,[56],150.0,0.0,0.31990521327014193,"[0.0, 0.6398104265402839]",0.0,0.5473805665969849,0.0001,0.0,0.27439024390243905,"[0.0, 0.5487804878048781]",0.1,0.3835227272727273,"[0.0, 0.7670454545454546]",0.0,valid
0.6244551002615519,"[0.7345248474280732, 0.5143853530950305]",0.0,4.0,0.5631572630094446,0.0,[56],151.0,0.0,0.28560431100846784,"[0.0, 0.5712086220169357]",0.0,0.5631572630094446,0.0001,0.0,0.2965627498001599,"[0.0, 0.5931254996003198]",0.1,0.27542687453600595,"[0.0, 0.5508537490720119]",0.0,train
0.6433333333333333,"[0.7566666666666667, 0.53]",0.0,4.0,0.5455233852068583,0.0,[56],151.0,0.0,0.33411764705882324,"[0.0, 0.6682352941176465]",0.0,0.5455233852068583,0.0001,0.0,0.285140562248996,"[0.0, 0.570281124497992]",0.1,0.4034090909090909,"[0.0, 0.8068181818181818]",0.0,valid
0.6163905841325196,"[0.7345248474280732, 0.49825632083696597]",0.0,4.0,0.5608341875283614,0.0,[56],152.0,0.0,0.26287597857437134,"[0.0, 0.5257519571487427]",0.0,0.5608341875283614,0.0001,0.0,0.2953703703703704,"[0.0, 0.5907407407407408]",0.1,0.236822568671121,"[0.0, 0.473645137342242]",0.0,train
0.64,"[0.7566666666666667, 0.5233333333333333]",0.0,4.0,0.5465238491694132,0.0,[56],152.0,0.0,0.3293556085918851,"[0.0, 0.6587112171837702]",0.0,0.5465238491694132,0.0001,0.0,0.2839506172839506,"[0.0, 0.5679012345679012]",0.1,0.39204545454545453,"[0.0, 0.7840909090909091]",0.0,valid
0.6024411508282476,"[0.7345248474280732, 0.47035745422842196]",0.0,4.0,0.5609623297401096,0.0,[56],153.0,0.0,0.22818791946308703,"[0.0, 0.45637583892617406]",0.0,0.5609623297401096,0.0001,0.0,0.28716216216216217,"[0.0, 0.5743243243243243]",0.1,0.18930957683741648,"[0.0, 0.37861915367483295]",0.0,train
0.6433333333333333,"[0.7566666666666667, 0.53]",0.0,4.0,0.5426145593325297,0.0,[56],153.0,0.0,0.3309352517985609,"[0.0, 0.6618705035971219]",0.0,0.5426145593325297,0.0001,0.0,0.2863070539419087,"[0.0, 0.5726141078838174]",0.1,0.39204545454545453,"[0.0, 0.7840909090909091]",0.0,valid
0.6087619877942458,"[0.7345248474280732, 0.48299912816041846]",0.0,4.0,0.5611473632895428,0.0,[56],154.0,0.0,0.23830538393645165,"[0.0, 0.4766107678729033]",0.0,0.5611473632895428,0.0001,0.0,0.29379760609357997,"[0.0, 0.5875952121871599]",0.1,0.20044543429844097,"[0.0, 0.40089086859688194]",0.0,train
0.6383333333333334,"[0.7566666666666667, 0.52]",0.0,4.0,0.5468460917472839,0.0,[56],154.0,0.0,0.3285714285714283,"[0.0, 0.6571428571428566]",0.0,0.5468460917472839,0.0001,0.0,0.2827868852459016,"[0.0, 0.5655737704918032]",0.1,0.39204545454545453,"[0.0, 0.7840909090909091]",0.0,valid
0.5993897122929381,"[0.7345248474280732, 0.46425457715780294]",0.0,4.0,0.5598449370135432,0.0,[56],155.0,0.0,0.19412643106022875,"[0.0, 0.3882528621204575]",0.0,0.5598449370135432,0.0001,0.0,0.2945619335347432,"[0.0, 0.5891238670694864]",0.1,0.1447661469933185,"[0.0, 0.289532293986637]",0.0,train
0.645,"[0.7566666666666667, 0.5333333333333333]",0.0,4.0,0.5426076253255209,0.0,[56],155.0,0.0,0.3341232227488149,"[0.0, 0.6682464454976298]",0.0,0.5426076253255209,0.0001,0.0,0.2865853658536585,"[0.0, 0.573170731707317]",0.1,0.4005681818181818,"[0.0, 0.8011363636363636]",0.0,valid
0.6041848299912815,"[0.7345248474280732, 0.47384481255448996]",0.0,4.0,0.5615624604017838,0.0,[56],156.0,0.0,0.21411653244907605,"[0.0, 0.4282330648981521]",0.0,0.5615624604017838,0.0001,0.0,0.29581151832460734,"[0.0, 0.5916230366492147]",0.1,0.16778025241276912,"[0.0, 0.33556050482553823]",0.0,train
0.65,"[0.7566666666666667, 0.5433333333333333]",0.0,4.0,0.5457354187965393,0.0,[56],156.0,0.0,0.33651551312649136,"[0.0, 0.6730310262529827]",0.0,0.5457354187965393,0.0001,0.0,0.29012345679012347,"[0.0, 0.5802469135802469]",0.1,0.4005681818181818,"[0.0, 0.8011363636363636]",0.0,valid
0.6054925893635571,"[0.7345248474280732, 0.476460331299041]",0.0,4.0,0.562618499216826,0.0,[56],157.0,0.0,0.22938260477692632,"[0.0, 0.45876520955385264]",0.0,0.562618499216826,0.0001,0.0,0.2918577981651376,"[0.0, 0.5837155963302753]",0.1,0.18893838158871568,"[0.0, 0.37787676317743135]",0.0,train
0.6416666666666666,"[0.7566666666666667, 0.5266666666666666]",0.0,4.0,0.5458272496859232,0.0,[56],157.0,0.0,0.32932692307692285,"[0.0, 0.6586538461538457]",0.0,0.5458272496859232,0.0001,0.0,0.28541666666666665,"[0.0, 0.5708333333333333]",0.1,0.38920454545454547,"[0.0, 0.7784090909090909]",0.0,valid
0.5982999128160418,"[0.7345248474280732, 0.46207497820401044]",0.0,4.0,0.5605483677076257,0.0,[56],158.0,0.0,0.18775303643724675,"[0.0, 0.3755060728744935]",0.0,0.5605483677076257,0.0001,0.0,0.294912559618442,"[0.0, 0.589825119236884]",0.1,0.13771343726800298,"[0.0, 0.27542687453600595]",0.0,train
0.6366666666666667,"[0.7566666666666667, 0.5166666666666667]",0.0,4.0,0.5462703704833984,0.0,[56],158.0,0.0,0.32779097387173367,"[0.0, 0.6555819477434673]",0.0,0.5462703704833984,0.0001,0.0,0.2816326530612245,"[0.0, 0.563265306122449]",0.1,0.39204545454545453,"[0.0, 0.7840909090909091]",0.0,valid
0.6011333914559721,"[0.7345248474280732, 0.46774193548387094]",0.0,4.0,0.5594597821650298,0.0,[56],159.0,0.0,0.17578332448220904,"[0.0, 0.3515666489644181]",0.0,0.5594597821650298,0.0001,0.0,0.3087686567164179,"[0.0, 0.6175373134328358]",0.1,0.1228656273199703,"[0.0, 0.2457312546399406]",0.0,train
0.6216666666666667,"[0.7566666666666667, 0.4866666666666667]",0.0,4.0,0.5494506557782491,0.0,[56],159.0,0.0,0.31578947368421023,"[0.0, 0.6315789473684205]",0.0,0.5494506557782491,0.0001,0.0,0.2727272727272727,"[0.0, 0.5454545454545454]",0.1,0.375,"[0.0, 0.75]",0.0,valid
0.592414995640802,"[0.7345248474280732, 0.45030514385353093]",0.0,4.0,0.5613643371540568,0.0,[56],160.0,0.0,0.17583547557840593,"[0.0, 0.35167095115681185]",0.0,0.5613643371540568,0.0001,0.0,0.28595317725752506,"[0.0, 0.5719063545150501]",0.1,0.12694877505567928,"[0.0, 0.25389755011135856]",0.0,train
0.6316666666666667,"[0.7566666666666667, 0.5066666666666667]",0.0,4.0,0.5464284221331278,0.0,[56],160.0,0.0,0.32547169811320725,"[0.0, 0.6509433962264145]",0.0,0.5464284221331278,0.0001,0.0,0.2782258064516129,"[0.0, 0.5564516129032258]",0.1,0.39204545454545453,"[0.0, 0.7840909090909091]",0.0,valid
0.5926329555361813,"[0.7345248474280732, 0.45074106364428945]",0.0,4.0,0.5592864103939222,0.0,[56],161.0,0.0,0.16129032258064496,"[0.0, 0.3225806451612899]",0.0,0.5592864103939222,0.0001,0.0,0.29239766081871343,"[0.0, 0.5847953216374269]",0.1,0.111358574610245,"[0.0, 0.22271714922049]",0.0,train
0.635,"[0.7566666666666667, 0.5133333333333333]",0.0,4.0,0.5473382870356241,0.0,[56],161.0,0.0,0.3228155339805822,"[0.0, 0.6456310679611644]",0.0,0.5473382870356241,0.0001,0.0,0.2817796610169492,"[0.0, 0.5635593220338984]",0.1,0.3778409090909091,"[0.0, 0.7556818181818182]",0.0,valid
0.5863121185701831,"[0.7345248474280732, 0.43809938971229295]",0.0,4.0,0.5620573784994043,0.0,[56],162.0,0.0,0.1228788765359858,"[0.0, 0.2457577530719716]",0.0,0.5620573784994043,0.0001,0.0,0.2900552486187845,"[0.0, 0.580110497237569]",0.1,0.0779510022271715,"[0.0, 0.155902004454343]",0.0,train
0.6283333333333334,"[0.7566666666666667, 0.5]",0.0,4.0,0.54547647635142,0.0,[56],162.0,0.0,0.31971153846153816,"[0.0, 0.6394230769230763]",0.0,0.54547647635142,0.0001,0.0,0.27708333333333335,"[0.0, 0.5541666666666667]",0.1,0.3778409090909091,"[0.0, 0.7556818181818182]",0.0,valid
0.5937227550130776,"[0.7345248474280732, 0.45292066259808195]",0.0,4.0,0.5599425305490908,0.0,[56],163.0,0.0,0.14647887323943645,"[0.0, 0.2929577464788729]",0.0,0.5599425305490908,0.0001,0.0,0.3037383177570093,"[0.0, 0.6074766355140186]",0.1,0.09651076466221233,"[0.0, 0.19302152932442465]",0.0,train
0.625,"[0.7566666666666667, 0.49333333333333335]",0.0,4.0,0.5433742006619772,0.0,[56],163.0,0.0,0.31642512077294654,"[0.0, 0.6328502415458931]",0.0,0.5433742006619772,0.0001,0.0,0.27521008403361347,"[0.0, 0.5504201680672269]",0.1,0.3721590909090909,"[0.0, 0.7443181818181818]",0.0,valid
0.6013513513513513,"[0.7345248474280732, 0.46817785527462946]",0.0,4.0,0.5579213992409084,0.0,[56],164.0,0.0,0.17860906217070582,"[0.0, 0.35721812434141165]",0.0,0.5579213992409084,0.0001,0.0,0.3076225045372051,"[0.0, 0.6152450090744102]",0.1,0.12583518930957685,"[0.0, 0.2516703786191537]",0.0,train
0.62,"[0.7566666666666667, 0.48333333333333334]",0.0,4.0,0.5460497339566549,0.0,[56],164.0,0.0,0.3114355231143549,"[0.0, 0.6228710462287098]",0.0,0.5460497339566549,0.0001,0.0,0.2723404255319149,"[0.0, 0.5446808510638298]",0.1,0.36363636363636365,"[0.0, 0.7272727272727273]",0.0,valid
0.5887096774193549,"[0.7345248474280732, 0.44289450741063646]",0.0,4.0,0.5577655382778334,0.0,[56],165.0,0.0,0.11084043848964664,"[0.0, 0.22168087697929328]",0.0,0.5577655382778334,0.0001,0.0,0.30847457627118646,"[0.0, 0.6169491525423729]",0.1,0.06755753526354863,"[0.0, 0.13511507052709726]",0.0,train
0.645,"[0.7566666666666667, 0.5333333333333333]",0.0,4.0,0.5446827212969462,0.0,[56],165.0,0.0,0.33253588516746385,"[0.0, 0.6650717703349277]",0.0,0.5446827212969462,0.0001,0.0,0.2871900826446281,"[0.0, 0.5743801652892562]",0.1,0.39488636363636365,"[0.0, 0.7897727272727273]",0.0,valid
0.5802092414995641,"[0.7345248474280732, 0.4258936355710549]",0.0,4.0,0.5585934934408768,0.0,[56],166.0,0.0,0.07869481765834921,"[0.0, 0.15738963531669842]",0.0,0.5585934934408768,0.0001,0.0,0.2847222222222222,"[0.0, 0.5694444444444444]",0.1,0.045657015590200446,"[0.0, 0.09131403118040089]",0.0,train
0.6133333333333333,"[0.7566666666666667, 0.47]",0.0,4.0,0.5475849707921346,0.0,[56],166.0,0.0,0.3037037037037035,"[0.0, 0.607407407407407]",0.0,0.5475849707921346,0.0001,0.0,0.2685589519650655,"[0.0, 0.537117903930131]",0.1,0.3494318181818182,"[0.0, 0.6988636363636364]",0.0,valid
0.5985178727114211,"[0.7345248474280732, 0.46251089799476897]",0.0,4.0,0.5580755653588668,0.0,[56],167.0,0.0,0.16366612111292944,"[0.0, 0.3273322422258589]",0.0,0.5580755653588668,0.0001,0.0,0.30864197530864196,"[0.0, 0.6172839506172839]",0.1,0.111358574610245,"[0.0, 0.22271714922049]",0.0,train
0.6416666666666666,"[0.7566666666666667, 0.5266666666666666]",0.0,4.0,0.5434567530949911,0.0,[56],167.0,0.0,0.3251231527093593,"[0.0, 0.6502463054187186]",0.0,0.5434567530949911,0.0001,0.0,0.28695652173913044,"[0.0, 0.5739130434782609]",0.1,0.375,"[0.0, 0.75]",0.0,valid
0.5821708805579773,"[0.7345248474280732, 0.42981691368788144]",0.0,4.0,0.5606714227925176,0.0,[56],168.0,0.0,0.06048387096774185,"[0.0, 0.1209677419354837]",0.0,0.5606714227925176,0.0001,0.0,0.3191489361702128,"[0.0, 0.6382978723404256]",0.1,0.0334075723830735,"[0.0, 0.066815144766147]",0.0,train
0.64,"[0.7566666666666667, 0.5233333333333333]",0.0,4.0,0.5434954563776652,0.0,[56],168.0,0.0,0.32853717026378865,"[0.0, 0.6570743405275773]",0.0,0.5434954563776652,0.0001,0.0,0.2842323651452282,"[0.0, 0.5684647302904564]",0.1,0.38920454545454547,"[0.0, 0.7784090909090909]",0.0,valid
0.5823888404533566,"[0.7345248474280732, 0.4302528334786399]",0.0,4.0,0.5596411798311316,0.0,[56],169.0,0.0,0.0993255671367258,"[0.0, 0.1986511342734516]",0.0,0.5596411798311316,0.0001,0.0,0.2852112676056338,"[0.0, 0.5704225352112676]",0.1,0.060133630289532294,"[0.0, 0.12026726057906459]",0.0,train
0.6383333333333334,"[0.7566666666666667, 0.52]",0.0,4.0,0.5475221077601115,0.0,[56],169.0,0.0,0.3252427184466017,"[0.0, 0.6504854368932034]",0.0,0.5475221077601115,0.0001,0.0,0.2838983050847458,"[0.0, 0.5677966101694916]",0.1,0.3806818181818182,"[0.0, 0.7613636363636364]",0.0,valid
0.5769398430688754,"[0.7345248474280732, 0.41935483870967744]",0.0,4.0,0.5607033527415731,0.0,[56],170.0,0.0,0.0394190871369294,"[0.0, 0.0788381742738588]",0.0,0.5607033527415731,0.0001,0.0,0.2878787878787879,"[0.0, 0.5757575757575758]",0.1,0.021158129175946547,"[0.0, 0.042316258351893093]",0.0,train
0.6283333333333334,"[0.7566666666666667, 0.5]",0.0,4.0,0.54402095079422,0.0,[56],170.0,0.0,0.314356435643564,"[0.0, 0.628712871287128]",0.0,0.54402095079422,0.0001,0.0,0.27850877192982454,"[0.0, 0.5570175438596491]",0.1,0.36079545454545453,"[0.0, 0.7215909090909091]",0.0,valid
0.5817349607672189,"[0.7345248474280732, 0.42894507410636445]",0.0,4.0,0.5593295848887899,0.0,[56],171.0,0.0,0.09215442092154408,"[0.0, 0.18430884184308816]",0.0,0.5593295848887899,0.0001,0.0,0.2857142857142857,"[0.0, 0.5714285714285714]",0.1,0.05493689680772086,"[0.0, 0.10987379361544172]",0.0,train
0.64,"[0.7566666666666667, 0.5233333333333333]",0.0,4.0,0.5479832092920939,0.0,[56],171.0,0.0,0.32771084337349377,"[0.0, 0.6554216867469875]",0.0,0.5479832092920939,0.0001,0.0,0.28451882845188287,"[0.0, 0.5690376569037657]",0.1,0.38636363636363635,"[0.0, 0.7727272727272727]",0.0,valid
0.5791194420226679,"[0.7345248474280732, 0.4237140366172624]",0.0,4.0,0.5560339533764384,0.0,[56],172.0,0.0,0.05518169582772536,"[0.0, 0.11036339165545073]",0.0,0.5560339533764384,0.0001,0.0,0.2949640287769784,"[0.0, 0.5899280575539568]",0.1,0.030438010393466965,"[0.0, 0.06087602078693393]",0.0,train
0.6116666666666667,"[0.7566666666666667, 0.4666666666666667]",0.0,4.0,0.5459320942560831,0.0,[56],172.0,0.0,0.3029556650246303,"[0.0, 0.6059113300492606]",0.0,0.5459320942560831,0.0001,0.0,0.2673913043478261,"[0.0, 0.5347826086956522]",0.1,0.3494318181818182,"[0.0, 0.6988636363636364]",0.0,valid
0.5797733217088056,"[0.7345248474280732, 0.42502179598953793]",0.0,4.0,0.5584802446158036,0.0,[56],173.0,0.0,0.04422944022114714,"[0.0, 0.08845888044229427]",0.0,0.5584802446158036,0.0001,0.0,0.32,"[0.0, 0.64]",0.1,0.023756495916852263,"[0.0, 0.047512991833704527]",0.0,train
0.6283333333333334,"[0.7566666666666667, 0.5]",0.0,4.0,0.5445935626824697,0.0,[56],173.0,0.0,0.3152709359605908,"[0.0, 0.6305418719211816]",0.0,0.5445935626824697,0.0001,0.0,0.2782608695652174,"[0.0, 0.5565217391304348]",0.1,0.36363636363636365,"[0.0, 0.7272727272727273]",0.0,valid
0.5802092414995641,"[0.7345248474280732, 0.4258936355710549]",0.0,4.0,0.5606024135713992,0.0,[56],174.0,0.0,0.06477197620621272,"[0.0, 0.12954395241242544]",0.0,0.5606024135713992,0.0001,0.0,0.29518072289156627,"[0.0, 0.5903614457831325]",0.1,0.03637713437268003,"[0.0, 0.07275426874536006]",0.0,train
0.6133333333333333,"[0.7566666666666667, 0.47]",0.0,4.0,0.5450826287269592,0.0,[56],174.0,0.0,0.3037037037037035,"[0.0, 0.607407407407407]",0.0,0.5450826287269592,0.0001,0.0,0.2685589519650655,"[0.0, 0.537117903930131]",0.1,0.3494318181818182,"[0.0, 0.6988636363636364]",0.0,valid
0.5745422842197035,"[0.7345248474280732, 0.4145597210113339]",0.0,4.0,0.5615091725536014,0.0,[56],175.0,0.0,0.022064056939501742,"[0.0, 0.044128113879003485]",0.0,0.5615091725536014,0.0001,0.0,0.2672413793103448,"[0.0, 0.5344827586206896]",0.1,0.011507052709725315,"[0.0, 0.02301410541945063]",0.0,train
0.6266666666666667,"[0.7566666666666667, 0.49666666666666665]",0.0,4.0,0.5449530680974325,0.0,[56],175.0,0.0,0.3163017031630168,"[0.0, 0.6326034063260336]",0.0,0.5449530680974325,0.0001,0.0,0.2765957446808511,"[0.0, 0.5531914893617021]",0.1,0.3693181818181818,"[0.0, 0.7386363636363636]",0.0,valid
0.5769398430688754,"[0.7345248474280732, 0.41935483870967744]",0.0,4.0,0.559367809606635,0.0,[56],176.0,0.0,0.022238163558106136,"[0.0, 0.04447632711621227]",0.0,0.559367809606635,0.0001,0.0,0.32978723404255317,"[0.0, 0.6595744680851063]",0.1,0.011507052709725315,"[0.0, 0.02301410541945063]",0.0,train
0.6216666666666667,"[0.7566666666666667, 0.4866666666666667]",0.0,4.0,0.5419833660125732,0.0,[56],176.0,0.0,0.3094059405940591,"[0.0, 0.6188118811881183]",0.0,0.5419833660125732,0.0001,0.0,0.2741228070175439,"[0.0, 0.5482456140350878]",0.1,0.35511363636363635,"[0.0, 0.7102272727272727]",0.0,valid
0.5786835222319093,"[0.7345248474280732, 0.42284219703574544]",0.0,4.0,0.5600529520407967,0.0,[56],177.0,0.0,0.05209742895805134,"[0.0, 0.10419485791610268]",0.0,0.5600529520407967,0.0001,0.0,0.29389312977099236,"[0.0, 0.5877862595419847]",0.1,0.02858203414996288,"[0.0, 0.05716406829992576]",0.0,train
0.6316666666666667,"[0.7566666666666667, 0.5066666666666667]",0.0,4.0,0.5428133408228556,0.0,[56],177.0,0.0,0.3195121951219509,"[0.0, 0.6390243902439018]",0.0,0.5428133408228556,0.0001,0.0,0.2799145299145299,"[0.0, 0.5598290598290598]",0.1,0.3721590909090909,"[0.0, 0.7443181818181818]",0.0,valid
0.5793374019180471,"[0.7345248474280732, 0.42414995640802095]",0.0,4.0,0.5600385873214059,0.0,[56],178.0,0.0,0.04227304227304221,"[0.0, 0.08454608454608442]",0.0,0.5600385873214059,0.0001,0.0,0.3177083333333333,"[0.0, 0.6354166666666666]",0.1,0.022642910170749816,"[0.0, 0.04528582034149963]",0.0,train
0.645,"[0.7566666666666667, 0.5333333333333333]",0.0,4.0,0.542974849541982,0.0,[56],178.0,0.0,0.3300970873786405,"[0.0, 0.660194174757281]",0.0,0.542974849541982,0.0001,0.0,0.288135593220339,"[0.0, 0.576271186440678]",0.1,0.38636363636363635,"[0.0, 0.7727272727272727]",0.0,valid
0.5760680034873583,"[0.7345248474280732, 0.4176111595466434]",0.0,4.0,0.5596448416295259,0.0,[56],179.0,0.0,0.022174535050071494,"[0.0, 0.04434907010014299]",0.0,0.5596448416295259,0.0001,0.0,0.30392156862745096,"[0.0, 0.6078431372549019]",0.1,0.011507052709725315,"[0.0, 0.02301410541945063]",0.0,train
0.6266666666666667,"[0.7566666666666667, 0.49666666666666665]",0.0,4.0,0.5431041320164999,0.0,[56],179.0,0.0,0.3098236775818637,"[0.0, 0.6196473551637274]",0.0,0.5431041320164999,0.0001,0.0,0.27828054298642535,"[0.0, 0.5565610859728507]",0.1,0.3494318181818182,"[0.0, 0.6988636363636364]",0.0,valid
0.5730165649520488,"[0.7345248474280732, 0.4115082824760244]",0.0,4.0,0.55879538214725,0.0,[56],180.0,0.0,0.019230769230769194,"[0.0, 0.03846153846153839]",0.0,0.55879538214725,0.0001,0.0,0.23684210526315788,"[0.0, 0.47368421052631576]",0.1,0.01002227171492205,"[0.0, 0.0200445434298441]",0.0,train
0.635,"[0.7566666666666667, 0.5133333333333333]",0.0,4.0,0.5416561961174011,0.0,[56],180.0,0.0,0.3201970443349751,"[0.0, 0.6403940886699502]",0.0,0.5416561961174011,0.0001,0.0,0.2826086956521739,"[0.0, 0.5652173913043478]",0.1,0.3693181818181818,"[0.0, 0.7386363636363636]",0.0,valid
0.576721883173496,"[0.7345248474280732, 0.4189189189189189]",0.0,4.0,0.5551207428393157,0.0,[56],181.0,0.0,0.026969481902058157,"[0.0, 0.053938963804116315]",0.0,0.5551207428393157,0.0001,0.0,0.3064516129032258,"[0.0, 0.6129032258064516]",0.1,0.014105419450631032,"[0.0, 0.028210838901262063]",0.0,train
0.625,"[0.7566666666666667, 0.49333333333333335]",0.0,4.0,0.5420383016268412,0.0,[56],181.0,0.0,0.315533980582524,"[0.0, 0.631067961165048]",0.0,0.5420383016268412,0.0001,0.0,0.2754237288135593,"[0.0, 0.5508474576271186]",0.1,0.3693181818181818,"[0.0, 0.7386363636363636]",0.0,valid
0.576721883173496,"[0.7345248474280732, 0.4189189189189189]",0.0,4.0,0.5591360615647357,0.0,[56],182.0,0.0,0.02426837972876513,"[0.0, 0.04853675945753026]",0.0,0.5591360615647357,0.0001,0.0,0.3148148148148148,"[0.0, 0.6296296296296297]",0.1,0.012620638455827766,"[0.0, 0.025241276911655532]",0.0,train
0.6383333333333334,"[0.7566666666666667, 0.52]",0.0,4.0,0.5403722127278646,0.0,[56],182.0,0.0,0.31999999999999973,"[0.0, 0.6399999999999995]",0.0,0.5403722127278646,0.0001,0.0,0.2857142857142857,"[0.0, 0.5714285714285714]",0.1,0.36363636363636365,"[0.0, 0.7272727272727273]",0.0,valid
0.5719267654751525,"[0.7345248474280732, 0.4093286835222319]",0.0,4.0,0.5574602873429008,0.0,[56],183.0,0.0,0.01984408221119769,"[0.0, 0.03968816442239538]",0.0,0.5574602873429008,0.0001,0.0,0.21875,"[0.0, 0.4375]",0.1,0.010393466963622866,"[0.0, 0.020786933927245732]",0.0,train
0.6266666666666667,"[0.7566666666666667, 0.49666666666666665]",0.0,4.0,0.5435731410980225,0.0,[56],183.0,0.0,0.31358024691358,"[0.0, 0.62716049382716]",0.0,0.5435731410980225,0.0001,0.0,0.27729257641921395,"[0.0, 0.5545851528384279]",0.1,0.36079545454545453,"[0.0, 0.7215909090909091]",0.0,valid
0.5745422842197035,"[0.7345248474280732, 0.4145597210113339]",0.0,4.0,0.5565417668093806,0.0,[56],184.0,0.0,0.008058608058608046,"[0.0, 0.01611721611721609]",0.0,0.5565417668093806,0.0001,0.0,0.3055555555555556,"[0.0, 0.6111111111111112]",0.1,0.004083147735708983,"[0.0, 0.008166295471417966]",0.0,train
0.625,"[0.7566666666666667, 0.49333333333333335]",0.0,4.0,0.5425250927607218,0.0,[56],184.0,0.0,0.3071065989847713,"[0.0, 0.6142131979695425]",0.0,0.5425250927607218,0.0001,0.0,0.2775229357798165,"[0.0, 0.555045871559633]",0.1,0.34375,"[0.0, 0.6875]",0.0,valid
0.5765039232781168,"[0.7345248474280732, 0.4184829991281604]",0.0,4.0,0.5610787635264189,0.0,[56],185.0,0.0,0.010279001468428771,"[0.0, 0.020558002936857542]",0.0,0.5610787635264189,0.0001,0.0,0.4666666666666666,"[0.0, 0.9333333333333332]",0.1,0.005196733481811433,"[0.0, 0.010393466963622866]",0.0,train
0.64,"[0.7566666666666667, 0.5233333333333333]",0.0,4.0,0.5433280865351359,0.0,[56],185.0,0.0,0.32258064516129004,"[0.0, 0.6451612903225801]",0.0,0.5433280865351359,0.0001,0.0,0.28634361233480177,"[0.0, 0.5726872246696035]",0.1,0.3693181818181818,"[0.0, 0.7386363636363636]",0.0,valid
0.5738884045335658,"[0.7345248474280732, 0.4132519616390584]",0.0,4.0,0.5574833258338596,0.0,[56],186.0,0.0,0.021337126600284452,"[0.0, 0.042674253200568904]",0.0,0.5574833258338596,0.0001,0.0,0.2542372881355932,"[0.0, 0.5084745762711864]",0.1,0.011135857461024499,"[0.0, 0.022271714922048998]",0.0,train
0.63,"[0.7566666666666667, 0.5033333333333333]",0.0,4.0,0.5400857329368591,0.0,[56],186.0,0.0,0.3064935064935062,"[0.0, 0.6129870129870124]",0.0,0.5400857329368591,0.0001,0.0,0.2822966507177033,"[0.0, 0.5645933014354066]",0.1,0.3352272727272727,"[0.0, 0.6704545454545454]",0.0,valid
0.5745422842197035,"[0.7345248474280732, 0.4145597210113339]",0.0,4.0,0.5593885908956113,0.0,[56],187.0,0.0,0.006612784717119755,"[0.0, 0.01322556943423951]",0.0,0.5593885908956113,0.0001,0.0,0.3214285714285714,"[0.0, 0.6428571428571428]",0.1,0.0033407572383073497,"[0.0, 0.0066815144766146995]",0.0,train
0.6433333333333333,"[0.7566666666666667, 0.53]",0.0,4.0,0.5433863202730814,0.0,[56],187.0,0.0,0.32330827067669143,"[0.0, 0.6466165413533829]",0.0,0.5433863202730814,0.0001,0.0,0.289237668161435,"[0.0, 0.57847533632287]",0.1,0.3664772727272727,"[0.0, 0.7329545454545454]",0.0,valid
0.5760680034873583,"[0.7345248474280732, 0.4176111595466434]",0.0,4.0,0.5589937127154806,0.0,[56],188.0,0.0,0.024216524216524177,"[0.0, 0.048433048433048353]",0.0,0.5589937127154806,0.0001,0.0,0.2982456140350877,"[0.0, 0.5964912280701754]",0.1,0.012620638455827766,"[0.0, 0.025241276911655532]",0.0,train
0.62,"[0.7566666666666667, 0.48333333333333334]",0.0,4.0,0.544661819934845,0.0,[56],188.0,0.0,0.306733167082294,"[0.0, 0.613466334164588]",0.0,0.544661819934845,0.0001,0.0,0.2733333333333333,"[0.0, 0.5466666666666666]",0.1,0.3494318181818182,"[0.0, 0.6988636363636364]",0.0,valid
0.5743243243243243,"[0.7345248474280732, 0.4141238012205754]",0.0,4.0,0.5557247270708499,0.0,[56],189.0,0.0,0.00442477876106194,"[0.0, 0.00884955752212388]",0.0,0.5557247270708499,0.0001,0.0,0.33333333333333326,"[0.0, 0.6666666666666665]",0.1,0.0022271714922048997,"[0.0, 0.004454342984409799]",0.0,train
0.625,"[0.7566666666666667, 0.49333333333333335]",0.0,4.0,0.5418250958124796,0.0,[56],189.0,0.0,0.3099999999999997,"[0.0, 0.6199999999999994]",0.0,0.5418250958124796,0.0001,0.0,0.2767857142857143,"[0.0, 0.5535714285714286]",0.1,0.3522727272727273,"[0.0, 0.7045454545454546]",0.0,valid
0.574106364428945,"[0.7345248474280732, 0.41368788142981694]",0.0,4.0,0.5582272462222887,0.0,[56],190.0,0.0,0.00515084621044885,"[0.0, 0.0103016924208977]",0.0,0.5582272462222887,0.0001,0.0,0.29166666666666663,"[0.0, 0.5833333333333333]",0.1,0.0025983667409057165,"[0.0, 0.005196733481811433]",0.0,train
0.635,"[0.7566666666666667, 0.5133333333333333]",0.0,4.0,0.543918251991272,0.0,[56],190.0,0.0,0.3165829145728641,"[0.0, 0.6331658291457282]",0.0,0.543918251991272,0.0001,0.0,0.28378378378378377,"[0.0, 0.5675675675675675]",0.1,0.35795454545454547,"[0.0, 0.7159090909090909]",0.0,valid
0.5747602441150828,"[0.7345248474280732, 0.4149956408020924]",0.0,4.0,0.5597525057585343,0.0,[56],191.0,0.0,0.008784773060029269,"[0.0, 0.017569546120058538]",0.0,0.5597525057585343,0.0001,0.0,0.3157894736842105,"[0.0, 0.631578947368421]",0.1,0.004454342984409799,"[0.0, 0.008908685968819599]",0.0,train
0.6216666666666667,"[0.7566666666666667, 0.4866666666666667]",0.0,4.0,0.5450177192687988,0.0,[56],191.0,0.0,0.30653266331658263,"[0.0, 0.6130653266331653]",0.0,0.5450177192687988,0.0001,0.0,0.2747747747747748,"[0.0, 0.5495495495495496]",0.1,0.3465909090909091,"[0.0, 0.6931818181818182]",0.0,valid
0.5745422842197035,"[0.7345248474280732, 0.4145597210113339]",0.0,4.0,0.5584672015646229,0.0,[56],192.0,0.0,0.005158437730287392,"[0.0, 0.010316875460574785]",0.0,0.5584672015646229,0.0001,0.0,0.3499999999999999,"[0.0, 0.6999999999999998]",0.1,0.0025983667409057165,"[0.0, 0.005196733481811433]",0.0,train
0.6033333333333334,"[0.7566666666666667, 0.45]",0.0,4.0,0.5430577596028646,0.0,[56],192.0,0.0,0.2868217054263563,"[0.0, 0.5736434108527126]",0.0,0.5430577596028646,0.0001,0.0,0.26303317535545023,"[0.0, 0.5260663507109005]",0.1,0.3153409090909091,"[0.0, 0.6306818181818182]",0.0,valid
0.5749782040104621,"[0.7345248474280732, 0.4154315605928509]",0.0,4.0,0.5552639961242676,0.0,[56],193.0,0.0,0.007347538574577505,"[0.0, 0.01469507714915501]",0.0,0.5552639961242676,0.0001,0.0,0.3571428571428571,"[0.0, 0.7142857142857142]",0.1,0.003711952487008166,"[0.0, 0.007423904974016332]",0.0,train
0.62,"[0.7566666666666667, 0.48333333333333334]",0.0,4.0,0.5426318943500519,0.0,[56],193.0,0.0,0.30077120822622083,"[0.0, 0.6015424164524417]",0.0,0.5426318943500519,0.0001,0.0,0.2746478873239437,"[0.0, 0.5492957746478874]",0.1,0.33238636363636365,"[0.0, 0.6647727272727273]",0.0,valid
0.5734524847428073,"[0.7345248474280732, 0.41238012205754143]",0.0,4.0,0.5556553472643313,0.0,[56],194.0,0.0,0.00513950073421438,"[0.0, 0.01027900146842876]",0.0,0.5556553472643313,0.0001,0.0,0.2333333333333333,"[0.0, 0.4666666666666666]",0.1,0.0025983667409057165,"[0.0, 0.005196733481811433]",0.0,train
0.62,"[0.7566666666666667, 0.48333333333333334]",0.0,4.0,0.5407184163729349,0.0,[56],194.0,0.0,0.30077120822622083,"[0.0, 0.6015424164524417]",0.0,0.5407184163729349,0.0001,0.0,0.2746478873239437,"[0.0, 0.5492957746478874]",0.1,0.33238636363636365,"[0.0, 0.6647727272727273]",0.0,valid
0.5745422842197035,"[0.7345248474280732, 0.4145597210113339]",0.0,4.0,0.557353543198627,0.0,[56],195.0,0.0,0.005158437730287392,"[0.0, 0.010316875460574785]",0.0,0.557353543198627,0.0001,0.0,0.3499999999999999,"[0.0, 0.6999999999999998]",0.1,0.0025983667409057165,"[0.0, 0.005196733481811433]",0.0,train
0.6233333333333333,"[0.7566666666666667, 0.49]",0.0,4.0,0.5412256518999735,0.0,[56],195.0,0.0,0.3043478260869562,"[0.0, 0.6086956521739124]",0.0,0.5412256518999735,0.0001,0.0,0.27674418604651163,"[0.0, 0.5534883720930233]",0.1,0.3380681818181818,"[0.0, 0.6761363636363636]",0.0,valid
0.5730165649520488,"[0.7345248474280732, 0.4115082824760244]",0.0,4.0,0.558798813301584,0.0,[56],196.0,0.0,0.002945508100147267,"[0.0, 0.005891016200294534]",0.0,0.558798813301584,0.0001,0.0,0.1818181818181818,"[0.0, 0.3636363636363636]",0.1,0.0014847809948032665,"[0.0, 0.002969561989606533]",0.0,train
0.6216666666666667,"[0.7566666666666667, 0.4866666666666667]",0.0,4.0,0.5432858268419901,0.0,[56],196.0,0.0,0.30357142857142827,"[0.0, 0.6071428571428565]",0.0,0.5432858268419901,0.0001,0.0,0.27546296296296297,"[0.0, 0.5509259259259259]",0.1,0.3380681818181818,"[0.0, 0.6761363636363636]",0.0,valid
0.5747602441150828,"[0.7345248474280732, 0.4149956408020924]",0.0,4.0,0.5594162707743437,0.0,[56],197.0,0.0,0.007342143906020547,"[0.0, 0.014684287812041095]",0.0,0.5594162707743437,0.0001,0.0,0.3333333333333333,"[0.0, 0.6666666666666666]",0.1,0.003711952487008166,"[0.0, 0.007423904974016332]",0.0,train
0.6266666666666667,"[0.7566666666666667, 0.49666666666666665]",0.0,4.0,0.5430532097816467,0.0,[56],197.0,0.0,0.30287206266318517,"[0.0, 0.6057441253263703]",0.0,0.5430532097816467,0.0001,0.0,0.28019323671497587,"[0.0, 0.5603864734299517]",0.1,0.32954545454545453,"[0.0, 0.6590909090909091]",0.0,valid
0.5730165649520488,"[0.7345248474280732, 0.4115082824760244]",0.0,4.0,0.5570037287214528,0.0,[56],198.0,0.0,0.004405286343612324,"[0.0, 0.008810572687224648]",0.0,0.5570037287214528,0.0001,0.0,0.19999999999999998,"[0.0, 0.39999999999999997]",0.1,0.0022271714922048997,"[0.0, 0.004454342984409799]",0.0,train
0.6283333333333334,"[0.7566666666666667, 0.5]",0.0,4.0,0.5425942738850912,0.0,[56],198.0,0.0,0.3046874999999997,"[0.0, 0.6093749999999994]",0.0,0.5425942738850912,0.0001,0.0,0.28125,"[0.0, 0.5625]",0.1,0.33238636363636365,"[0.0, 0.6647727272727273]",0.0,valid
0.5745422842197035,"[0.7345248474280732, 0.4145597210113339]",0.0,4.0,0.5550602026607679,0.0,[56],199.0,0.0,0.004428044280442798,"[0.0, 0.008856088560885596]",0.0,0.5550602026607679,0.0001,0.0,0.37499999999999994,"[0.0, 0.7499999999999999]",0.1,0.0022271714922048997,"[0.0, 0.004454342984409799]",0.0,train
0.6266666666666667,"[0.7566666666666667, 0.49666666666666665]",0.0,4.0,0.5423523187637329,0.0,[56],199.0,0.0,0.3007915567282319,"[0.0, 0.6015831134564638]",0.0,0.5423523187637329,0.0001,0.0,0.28078817733990147,"[0.0, 0.5615763546798029]",0.1,0.32386363636363635,"[0.0, 0.6477272727272727]",0.0,valid
0.574106364428945,"[0.7345248474280732, 0.41368788142981694]",0.0,4.0,0.557830071967581,0.0,[56],200.0,0.0,0.002956393200295635,"[0.0, 0.00591278640059127]",0.0,0.557830071967581,0.0001,0.0,0.33333333333333326,"[0.0, 0.6666666666666665]",0.1,0.0014847809948032665,"[0.0, 0.002969561989606533]",0.0,train
0.6133333333333333,"[0.7566666666666667, 0.47]",0.0,4.0,0.5406908392906189,0.0,[56],200.0,0.0,0.29023746701846936,"[0.0, 0.5804749340369387]",0.0,0.5406908392906189,0.0001,0.0,0.270935960591133,"[0.0, 0.541871921182266]",0.1,0.3125,"[0.0, 0.625]",0.0,valid
0.574106364428945,"[0.7345248474280732, 0.41368788142981694]",0.0,4.0,0.5579286735990773,0.0,[56],201.0,0.0,0.005878030859662003,"[0.0, 0.011756061719324007]",0.0,0.5579286735990773,0.0001,0.0,0.2857142857142857,"[0.0, 0.5714285714285714]",0.1,0.002969561989606533,"[0.0, 0.005939123979213066]",0.0,train
0.6133333333333333,"[0.7566666666666667, 0.47]",0.0,4.0,0.5405641794204712,0.0,[56],201.0,0.0,0.28799999999999976,"[0.0, 0.5759999999999995]",0.0,0.5405641794204712,0.0001,0.0,0.271356783919598,"[0.0, 0.542713567839196]",0.1,0.3068181818181818,"[0.0, 0.6136363636363636]",0.0,valid
0.5760680034873583,"[0.7345248474280732, 0.4176111595466434]",0.0,4.0,0.5549676858860514,0.0,[56],202.0,0.0,0.010980966325036588,"[0.0, 0.021961932650073176]",0.0,0.5549676858860514,0.0001,0.0,0.39473684210526316,"[0.0, 0.7894736842105263]",0.1,0.005567928730512249,"[0.0, 0.011135857461024499]",0.0,train
0.5983333333333334,"[0.7566666666666667, 0.44]",0.0,4.0,0.5416738390922546,0.0,[56],202.0,0.0,0.28010471204188453,"[0.0, 0.5602094240837691]",0.0,0.5416738390922546,0.0001,0.0,0.25970873786407767,"[0.0, 0.5194174757281553]",0.1,0.3039772727272727,"[0.0, 0.6079545454545454]",0.0,valid
0.574106364428945,"[0.7345248474280732, 0.41368788142981694]",0.0,4.0,0.5597741629766382,0.0,[56],203.0,0.0,0.0036900369003689975,"[0.0, 0.007380073800737995]",0.0,0.5597741629766382,0.0001,0.0,0.31249999999999994,"[0.0, 0.6249999999999999]",0.1,0.001855976243504083,"[0.0, 0.003711952487008166]",0.0,train
0.61,"[0.7566666666666667, 0.4633333333333333]",0.0,4.0,0.5427106817563375,0.0,[56],203.0,0.0,0.28533333333333305,"[0.0, 0.5706666666666661]",0.0,0.5427106817563375,0.0001,0.0,0.26884422110552764,"[0.0, 0.5376884422110553]",0.1,0.3039772727272727,"[0.0, 0.6079545454545454]",0.0,valid
0.574106364428945,"[0.7345248474280732, 0.41368788142981694]",0.0,4.0,0.5570171527240587,0.0,[56],204.0,0.0,0.0036900369003689975,"[0.0, 0.007380073800737995]",0.0,0.5570171527240587,0.0001,0.0,0.31249999999999994,"[0.0, 0.6249999999999999]",0.1,0.001855976243504083,"[0.0, 0.003711952487008166]",0.0,train
0.6283333333333334,"[0.7566666666666667, 0.5]",0.0,4.0,0.5408631563186646,0.0,[56],204.0,0.0,0.29946524064171093,"[0.0, 0.5989304812834219]",0.0,0.5408631563186646,0.0001,0.0,0.2828282828282828,"[0.0, 0.5656565656565656]",0.1,0.3181818181818182,"[0.0, 0.6363636363636364]",0.0,valid
0.574106364428945,"[0.7345248474280732, 0.41368788142981694]",0.0,4.0,0.5547119586364083,0.0,[56],205.0,0.0,0.005878030859662003,"[0.0, 0.011756061719324007]",0.0,0.5547119586364083,0.0001,0.0,0.2857142857142857,"[0.0, 0.5714285714285714]",0.1,0.002969561989606533,"[0.0, 0.005939123979213066]",0.0,train
0.6033333333333334,"[0.7566666666666667, 0.45]",0.0,4.0,0.5405349135398865,0.0,[56],205.0,0.0,0.28116710875331535,"[0.0, 0.5623342175066307]",0.0,0.5405349135398865,0.0001,0.0,0.263681592039801,"[0.0, 0.527363184079602]",0.1,0.30113636363636365,"[0.0, 0.6022727272727273]",0.0,valid
0.574106364428945,"[0.7345248474280732, 0.41368788142981694]",0.0,4.0,0.5571636609409166,0.0,[56],206.0,0.0,0.004421518054532048,"[0.0, 0.008843036109064097]",0.0,0.5571636609409166,0.0001,0.0,0.29999999999999993,"[0.0, 0.5999999999999999]",0.1,0.0022271714922048997,"[0.0, 0.004454342984409799]",0.0,train
0.62,"[0.7566666666666667, 0.48333333333333334]",0.0,4.0,0.54146409034729,0.0,[56],206.0,0.0,0.289972899728997,"[0.0, 0.579945799457994]",0.0,0.54146409034729,0.0001,0.0,0.2772020725388601,"[0.0, 0.5544041450777202]",0.1,0.3039772727272727,"[0.0, 0.6079545454545454]",0.0,valid
0.5743243243243243,"[0.7345248474280732, 0.4141238012205754]",0.0,4.0,0.5543337671653085,0.0,[56],207.0,0.0,0.005154639175257723,"[0.0, 0.010309278350515446]",0.0,0.5543337671653085,0.0001,0.0,0.3181818181818181,"[0.0, 0.6363636363636362]",0.1,0.0025983667409057165,"[0.0, 0.005196733481811433]",0.0,train
0.6233333333333333,"[0.7566666666666667, 0.49]",0.0,4.0,0.5408032536506653,0.0,[56],207.0,0.0,0.29490616621983884,"[0.0, 0.5898123324396777]",0.0,0.5408032536506653,0.0001,0.0,0.27918781725888325,"[0.0, 0.5583756345177665]",0.1,0.3125,"[0.0, 0.625]",0.0,valid
0.5743243243243243,"[0.7345248474280732, 0.4141238012205754]",0.0,4.0,0.5569855104322019,0.0,[56],208.0,0.0,0.00442477876106194,"[0.0, 0.00884955752212388]",0.0,0.5569855104322019,0.0001,0.0,0.33333333333333326,"[0.0, 0.6666666666666665]",0.1,0.0022271714922048997,"[0.0, 0.004454342984409799]",0.0,train
0.61,"[0.7566666666666667, 0.4633333333333333]",0.0,4.0,0.5415571331977844,0.0,[56],208.0,0.0,0.2794520547945203,"[0.0, 0.5589041095890406]",0.0,0.5415571331977844,0.0001,0.0,0.2698412698412698,"[0.0, 0.5396825396825397]",0.1,0.2897727272727273,"[0.0, 0.5795454545454546]",0.0,valid
0.5732345248474281,"[0.7345248474280732, 0.4119442022667829]",0.0,4.0,0.5561868859374005,0.0,[56],209.0,0.0,0.0014781966001478153,"[0.0, 0.0029563932002956306]",0.0,0.5561868859374005,0.0001,0.0,0.16666666666666663,"[0.0, 0.33333333333333326]",0.1,0.0007423904974016332,"[0.0, 0.0014847809948032665]",0.0,train
0.6083333333333334,"[0.7566666666666667, 0.46]",0.0,4.0,0.5425669550895691,0.0,[56],209.0,0.0,0.2774725274725272,"[0.0, 0.5549450549450544]",0.0,0.5425669550895691,0.0001,0.0,0.26861702127659576,"[0.0, 0.5372340425531915]",0.1,0.2869318181818182,"[0.0, 0.5738636363636364]",0.0,valid
0.574106364428945,"[0.7345248474280732, 0.41368788142981694]",0.0,4.0,0.5544091126193171,0.0,[56],210.0,0.0,0.002956393200295635,"[0.0, 0.00591278640059127]",0.0,0.5544091126193171,0.0001,0.0,0.33333333333333326,"[0.0, 0.6666666666666665]",0.1,0.0014847809948032665,"[0.0, 0.002969561989606533]",0.0,train
0.6116666666666667,"[0.7566666666666667, 0.4666666666666667]",0.0,4.0,0.5429025292396545,0.0,[56],210.0,0.0,0.27401129943502794,"[0.0, 0.5480225988700559]",0.0,0.5429025292396545,0.0001,0.0,0.27247191011235955,"[0.0, 0.5449438202247191]",0.1,0.2755681818181818,"[0.0, 0.5511363636363636]",0.0,valid
0.5727986050566696,"[0.7345248474280732, 0.4110723626852659]",0.0,4.0,0.5596338044042173,0.0,[56],211.0,0.0,0.0022107590272660202,"[0.0, 0.0044215180545320405]",0.0,0.5596338044042173,0.0001,0.0,0.14999999999999997,"[0.0, 0.29999999999999993]",0.1,0.0011135857461024498,"[0.0, 0.0022271714922048997]",0.0,train
0.6066666666666667,"[0.7566666666666667, 0.45666666666666667]",0.0,4.0,0.5367244084676107,0.0,[56],211.0,0.0,0.27548209366391163,"[0.0, 0.5509641873278233]",0.0,0.5367244084676107,0.0001,0.0,0.26737967914438504,"[0.0, 0.5347593582887701]",0.1,0.2840909090909091,"[0.0, 0.5681818181818182]",0.0,valid
0.574106364428945,"[0.7345248474280732, 0.41368788142981694]",0.0,4.0,0.5549246513325236,0.0,[56],212.0,0.0,0.004421518054532048,"[0.0, 0.008843036109064097]",0.0,0.5549246513325236,0.0001,0.0,0.29999999999999993,"[0.0, 0.5999999999999999]",0.1,0.0022271714922048997,"[0.0, 0.004454342984409799]",0.0,train
0.6333333333333333,"[0.7566666666666667, 0.51]",0.0,4.0,0.5360798239707947,0.0,[56],212.0,0.0,0.2975206611570245,"[0.0, 0.595041322314049]",0.0,0.5360798239707947,0.0001,0.0,0.2887700534759358,"[0.0, 0.5775401069518716]",0.1,0.3068181818181818,"[0.0, 0.6136363636363636]",0.0,valid
0.5743243243243243,"[0.7345248474280732, 0.4141238012205754]",0.0,4.0,0.5563462894895802,0.0,[56],213.0,0.0,0.00442477876106194,"[0.0, 0.00884955752212388]",0.0,0.5563462894895802,0.0001,0.0,0.33333333333333326,"[0.0, 0.6666666666666665]",0.1,0.0022271714922048997,"[0.0, 0.004454342984409799]",0.0,train
0.61,"[0.7566666666666667, 0.4633333333333333]",0.0,4.0,0.543588399887085,0.0,[56],213.0,0.0,0.2909090909090907,"[0.0, 0.5818181818181813]",0.0,0.543588399887085,0.0001,0.0,0.2679425837320574,"[0.0, 0.5358851674641149]",0.1,0.3181818181818182,"[0.0, 0.6363636363636364]",0.0,valid
0.5734524847428073,"[0.7345248474280732, 0.41238012205754143]",0.0,4.0,0.5576568375463071,0.0,[56],214.0,0.0,0.0014792899408283986,"[0.0, 0.0029585798816567973]",0.0,0.5576568375463071,0.0001,0.0,0.19999999999999996,"[0.0, 0.3999999999999999]",0.1,0.0007423904974016332,"[0.0, 0.0014847809948032665]",0.0,train
0.625,"[0.7566666666666667, 0.49333333333333335]",0.0,4.0,0.5398175915082296,0.0,[56],214.0,0.0,0.2934782608695649,"[0.0, 0.5869565217391298]",0.0,0.5398175915082296,0.0001,0.0,0.28125,"[0.0, 0.5625]",0.1,0.3068181818181818,"[0.0, 0.6136363636363636]",0.0,valid
0.5734524847428073,"[0.7345248474280732, 0.41238012205754143]",0.0,4.0,0.5566320989442908,0.0,[56],215.0,0.0,0.003681885125184086,"[0.0, 0.007363770250368172]",0.0,0.5566320989442908,0.0001,0.0,0.22727272727272724,"[0.0, 0.4545454545454545]",0.1,0.001855976243504083,"[0.0, 0.003711952487008166]",0.0,train
0.63,"[0.7566666666666667, 0.5033333333333333]",0.0,4.0,0.5389070908228556,0.0,[56],215.0,0.0,0.30026809651474506,"[0.0, 0.6005361930294901]",0.0,0.5389070908228556,0.0001,0.0,0.28426395939086296,"[0.0, 0.5685279187817259]",0.1,0.3181818181818182,"[0.0, 0.6363636363636364]",0.0,valid
0.5743243243243243,"[0.7345248474280732, 0.4141238012205754]",0.0,4.0,0.5549524685610896,0.0,[56],216.0,0.0,0.00442477876106194,"[0.0, 0.00884955752212388]",0.0,0.5549524685610896,0.0001,0.0,0.33333333333333326,"[0.0, 0.6666666666666665]",0.1,0.0022271714922048997,"[0.0, 0.004454342984409799]",0.0,train
0.6333333333333333,"[0.7566666666666667, 0.51]",0.0,4.0,0.5413695971171061,0.0,[56],216.0,0.0,0.30294906166219815,"[0.0, 0.6058981233243963]",0.0,0.5413695971171061,0.0001,0.0,0.2868020304568528,"[0.0, 0.5736040609137056]",0.1,0.3210227272727273,"[0.0, 0.6420454545454546]",0.0,valid
0.5745422842197035,"[0.7345248474280732, 0.4145597210113339]",0.0,4.0,0.5575587619905886,0.0,[56],217.0,0.0,0.004428044280442798,"[0.0, 0.008856088560885596]",0.0,0.5575587619905886,0.0001,0.0,0.37499999999999994,"[0.0, 0.7499999999999999]",0.1,0.0022271714922048997,"[0.0, 0.004454342984409799]",0.0,train
0.6116666666666667,"[0.7566666666666667, 0.4666666666666667]",0.0,4.0,0.5434680581092834,0.0,[56],217.0,0.0,0.27011494252873536,"[0.0, 0.5402298850574707]",0.0,0.5434680581092834,0.0001,0.0,0.27325581395348836,"[0.0, 0.5465116279069767]",0.1,0.26704545454545453,"[0.0, 0.5340909090909091]",0.0,valid
0.5738884045335658,"[0.7345248474280732, 0.4132519616390584]",0.0,4.0,0.5559224693671517,0.0,[56],218.0,0.0,0.0022189349112425997,"[0.0, 0.004437869822485199]",0.0,0.5559224693671517,0.0001,0.0,0.29999999999999993,"[0.0, 0.5999999999999999]",0.1,0.0011135857461024498,"[0.0, 0.0022271714922048997]",0.0,train
0.6283333333333334,"[0.7566666666666667, 0.5]",0.0,4.0,0.5418839454650879,0.0,[56],218.0,0.0,0.2905027932960891,"[0.0, 0.5810055865921782]",0.0,0.5418839454650879,0.0001,0.0,0.2857142857142857,"[0.0, 0.5714285714285714]",0.1,0.29545454545454547,"[0.0, 0.5909090909090909]",0.0,valid
0.5747602441150828,"[0.7345248474280732, 0.4149956408020924]",0.0,4.0,0.5564268360967222,0.0,[56],219.0,0.0,0.004431314623338252,"[0.0, 0.008862629246676504]",0.0,0.5564268360967222,0.0001,0.0,0.4285714285714285,"[0.0, 0.857142857142857]",0.1,0.0022271714922048997,"[0.0, 0.004454342984409799]",0.0,train
0.615,"[0.7566666666666667, 0.47333333333333333]",0.0,4.0,0.5397573709487915,0.0,[56],219.0,0.0,0.27428571428571397,"[0.0, 0.5485714285714279]",0.0,0.5397573709487915,0.0001,0.0,0.27586206896551724,"[0.0, 0.5517241379310345]",0.1,0.2727272727272727,"[0.0, 0.5454545454545454]",0.0,valid
0.5749782040104621,"[0.7345248474280732, 0.4154315605928509]",0.0,4.0,0.5541709065437317,0.0,[56],220.0,0.0,0.008070432868672034,"[0.0, 0.01614086573734407]",0.0,0.5541709065437317,0.0001,0.0,0.34375,"[0.0, 0.6875]",0.1,0.004083147735708983,"[0.0, 0.008166295471417966]",0.0,train
0.605,"[0.7566666666666667, 0.4533333333333333]",0.0,4.0,0.5404192010561625,0.0,[56],220.0,0.0,0.26704545454545425,"[0.0, 0.5340909090909085]",0.0,0.5404192010561625,0.0001,0.0,0.26704545454545453,"[0.0, 0.5340909090909091]",0.1,0.26704545454545453,"[0.0, 0.5340909090909091]",0.0,valid
0.5749782040104621,"[0.7345248474280732, 0.4154315605928509]",0.0,4.0,0.5560800640479379,0.0,[56],221.0,0.0,0.005166051660516599,"[0.0, 0.010332103321033199]",0.0,0.5560800640479379,0.0001,0.0,0.4374999999999999,"[0.0, 0.8749999999999998]",0.1,0.0025983667409057165,"[0.0, 0.005196733481811433]",0.0,train
0.595,"[0.7566666666666667, 0.43333333333333335]",0.0,4.0,0.5422528584798177,0.0,[56],221.0,0.0,0.2612359550561795,"[0.0, 0.522471910112359]",0.0,0.5422528584798177,0.0001,0.0,0.25833333333333336,"[0.0, 0.5166666666666667]",0.1,0.26420454545454547,"[0.0, 0.5284090909090909]",0.0,valid
0.5738884045335658,"[0.7345248474280732, 0.4132519616390584]",0.0,4.0,0.5548195320626964,0.0,[56],222.0,0.0,0.005147058823529403,"[0.0, 0.010294117647058806]",0.0,0.5548195320626964,0.0001,0.0,0.2692307692307692,"[0.0, 0.5384615384615384]",0.1,0.0025983667409057165,"[0.0, 0.005196733481811433]",0.0,train
0.6133333333333333,"[0.7566666666666667, 0.47]",0.0,4.0,0.539774497350057,0.0,[56],222.0,0.0,0.27605633802816876,"[0.0, 0.5521126760563375]",0.0,0.539774497350057,0.0001,0.0,0.2737430167597765,"[0.0, 0.547486033519553]",0.1,0.2784090909090909,"[0.0, 0.5568181818181818]",0.0,valid
0.5727986050566696,"[0.7345248474280732, 0.4110723626852659]",0.0,4.0,0.5551605691080508,0.0,[56],223.0,0.0,0.0022107590272660202,"[0.0, 0.0044215180545320405]",0.0,0.5551605691080508,0.0001,0.0,0.14999999999999997,"[0.0, 0.29999999999999993]",0.1,0.0011135857461024498,"[0.0, 0.0022271714922048997]",0.0,train
0.6066666666666667,"[0.7566666666666667, 0.45666666666666667]",0.0,4.0,0.5418348709742228,0.0,[56],223.0,0.0,0.26912181303116123,"[0.0, 0.5382436260623225]",0.0,0.5418348709742228,0.0001,0.0,0.268361581920904,"[0.0, 0.536723163841808]",0.1,0.26988636363636365,"[0.0, 0.5397727272727273]",0.0,valid
0.5736704446381866,"[0.7345248474280732, 0.4128160418482999]",0.0,4.0,0.554807380489681,0.0,[56],224.0,0.0,0.0022172949002217247,"[0.0, 0.0044345898004434494]",0.0,0.554807380489681,0.0001,0.0,0.24999999999999997,"[0.0, 0.49999999999999994]",0.1,0.0011135857461024498,"[0.0, 0.0022271714922048997]",0.0,train
0.6016666666666667,"[0.7566666666666667, 0.44666666666666666]",0.0,4.0,0.5415467023849487,0.0,[56],224.0,0.0,0.25443786982248495,"[0.0, 0.5088757396449699]",0.0,0.5415467023849487,0.0001,0.0,0.2654320987654321,"[0.0, 0.5308641975308642]",0.1,0.24431818181818182,"[0.0, 0.48863636363636365]",0.0,valid
0.5743243243243243,"[0.7345248474280732, 0.4141238012205754]",0.0,4.0,0.5557946692342344,0.0,[56],225.0,0.0,0.0029585798816568008,"[0.0, 0.0059171597633136015]",0.0,0.5557946692342344,0.0001,0.0,0.3999999999999999,"[0.0, 0.7999999999999998]",0.1,0.0014847809948032665,"[0.0, 0.002969561989606533]",0.0,train
0.61,"[0.7566666666666667, 0.4633333333333333]",0.0,4.0,0.5381255149841309,0.0,[56],225.0,0.0,0.2666666666666664,"[0.0, 0.5333333333333328]",0.0,0.5381255149841309,0.0001,0.0,0.27218934911242604,"[0.0, 0.5443786982248521]",0.1,0.26136363636363635,"[0.0, 0.5227272727272727]",0.0,valid
0.574106364428945,"[0.7345248474280732, 0.41368788142981694]",0.0,4.0,0.557183791761813,0.0,[56],226.0,0.0,0.0022205773501110257,"[0.0, 0.0044411547002220515]",0.0,0.557183791761813,0.0001,0.0,0.37499999999999994,"[0.0, 0.7499999999999999]",0.1,0.0011135857461024498,"[0.0, 0.0022271714922048997]",0.0,train
0.625,"[0.7566666666666667, 0.49333333333333335]",0.0,4.0,0.536146879196167,0.0,[56],226.0,0.0,0.28160919540229856,"[0.0, 0.5632183908045971]",0.0,0.536146879196167,0.0001,0.0,0.28488372093023256,"[0.0, 0.5697674418604651]",0.1,0.2784090909090909,"[0.0, 0.5568181818181818]",0.0,valid
0.5745422842197035,"[0.7345248474280732, 0.4145597210113339]",0.0,4.0,0.5545698171076567,0.0,[56],227.0,0.0,0.0029607698001480344,"[0.0, 0.005921539600296069]",0.0,0.5545698171076567,0.0001,0.0,0.4999999999999999,"[0.0, 0.9999999999999998]",0.1,0.0014847809948032665,"[0.0, 0.002969561989606533]",0.0,train
0.62,"[0.7566666666666667, 0.48333333333333334]",0.0,4.0,0.5379040241241455,0.0,[56],227.0,0.0,0.280453257790368,"[0.0, 0.560906515580736]",0.0,0.5379040241241455,0.0001,0.0,0.2796610169491525,"[0.0, 0.559322033898305]",0.1,0.28125,"[0.0, 0.5625]",0.0,valid
0.5730165649520488,"[0.7345248474280732, 0.4115082824760244]",0.0,4.0,0.5551964951598126,0.0,[56],228.0,0.0,0.0014771048744460806,"[0.0, 0.002954209748892161]",0.0,0.5551964951598126,0.0001,0.0,0.14285714285714285,"[0.0, 0.2857142857142857]",0.1,0.0007423904974016332,"[0.0, 0.0014847809948032665]",0.0,train
0.6233333333333333,"[0.7566666666666667, 0.49]",0.0,4.0,0.5410776336987814,0.0,[56],228.0,0.0,0.28450704225352086,"[0.0, 0.5690140845070417]",0.0,0.5410776336987814,0.0001,0.0,0.28212290502793297,"[0.0, 0.5642458100558659]",0.1,0.2869318181818182,"[0.0, 0.5738636363636364]",0.0,valid
0.5745422842197035,"[0.7345248474280732, 0.4145597210113339]",0.0,4.0,0.5557743595994037,0.0,[56],229.0,0.0,0.004428044280442798,"[0.0, 0.008856088560885596]",0.0,0.5557743595994037,0.0001,0.0,0.37499999999999994,"[0.0, 0.7499999999999999]",0.1,0.0022271714922048997,"[0.0, 0.004454342984409799]",0.0,train
0.6216666666666667,"[0.7566666666666667, 0.4866666666666667]",0.0,4.0,0.5398947596549988,0.0,[56],229.0,0.0,0.2799999999999997,"[0.0, 0.5599999999999994]",0.0,0.5398947596549988,0.0001,0.0,0.28160919540229884,"[0.0, 0.5632183908045977]",0.1,0.2784090909090909,"[0.0, 0.5568181818181818]",0.0,valid
0.5747602441150828,"[0.7345248474280732, 0.4149956408020924]",0.0,4.0,0.5539357817691305,0.0,[56],230.0,0.0,0.0036982248520710014,"[0.0, 0.007396449704142003]",0.0,0.5539357817691305,0.0001,0.0,0.4999999999999999,"[0.0, 0.9999999999999998]",0.1,0.001855976243504083,"[0.0, 0.003711952487008166]",0.0,train
0.6133333333333333,"[0.7566666666666667, 0.47]",0.0,4.0,0.5400005380312601,0.0,[56],230.0,0.0,0.2626865671641789,"[0.0, 0.5253731343283577]",0.0,0.5400005380312601,0.0001,0.0,0.27672955974842767,"[0.0, 0.5534591194968553]",0.1,0.25,"[0.0, 0.5]",0.0,valid
0.5743243243243243,"[0.7345248474280732, 0.4141238012205754]",0.0,4.0,0.5548612138499385,0.0,[56],231.0,0.0,0.003692762186115209,"[0.0, 0.007385524372230418]",0.0,0.5548612138499385,0.0001,0.0,0.3571428571428571,"[0.0, 0.7142857142857142]",0.1,0.001855976243504083,"[0.0, 0.003711952487008166]",0.0,train
0.6033333333333334,"[0.7566666666666667, 0.45]",0.0,4.0,0.5399208664894104,0.0,[56],231.0,0.0,0.24924012158054681,"[0.0, 0.49848024316109363]",0.0,0.5399208664894104,0.0001,0.0,0.2679738562091503,"[0.0, 0.5359477124183006]",0.1,0.23295454545454544,"[0.0, 0.4659090909090909]",0.0,valid
0.5738884045335658,"[0.7345248474280732, 0.4132519616390584]",0.0,4.0,0.5561133182567098,0.0,[56],232.0,0.0,0.0022189349112425997,"[0.0, 0.004437869822485199]",0.0,0.5561133182567098,0.0001,0.0,0.29999999999999993,"[0.0, 0.5999999999999999]",0.1,0.0011135857461024498,"[0.0, 0.0022271714922048997]",0.0,train
0.6066666666666667,"[0.7566666666666667, 0.45666666666666667]",0.0,4.0,0.5394130150477091,0.0,[56],232.0,0.0,0.25816023738872373,"[0.0, 0.5163204747774475]",0.0,0.5394130150477091,0.0001,0.0,0.2701863354037267,"[0.0, 0.5403726708074534]",0.1,0.2471590909090909,"[0.0, 0.4943181818181818]",0.0,valid
0.5738884045335658,"[0.7345248474280732, 0.4132519616390584]",0.0,4.0,0.5527693577434706,0.0,[56],233.0,0.0,0.003687315634218282,"[0.0, 0.007374631268436564]",0.0,0.5527693577434706,0.0001,0.0,0.27777777777777773,"[0.0, 0.5555555555555555]",0.1,0.001855976243504083,"[0.0, 0.003711952487008166]",0.0,train
0.6016666666666667,"[0.7566666666666667, 0.44666666666666666]",0.0,4.0,0.5392894148826599,0.0,[56],233.0,0.0,0.2484848484848482,"[0.0, 0.4969696969696964]",0.0,0.5392894148826599,0.0001,0.0,0.2662337662337662,"[0.0, 0.5324675324675324]",0.1,0.23295454545454544,"[0.0, 0.4659090909090909]",0.0,valid
0.5738884045335658,"[0.7345248474280732, 0.4132519616390584]",0.0,4.0,0.5570092719534169,0.0,[56],234.0,0.0,0.0029542097488921663,"[0.0, 0.005908419497784333]",0.0,0.5570092719534169,0.0001,0.0,0.2857142857142857,"[0.0, 0.5714285714285714]",0.1,0.0014847809948032665,"[0.0, 0.002969561989606533]",0.0,train
0.615,"[0.7566666666666667, 0.47333333333333333]",0.0,4.0,0.54011470079422,0.0,[56],234.0,0.0,0.26204819277108404,"[0.0, 0.5240963855421681]",0.0,0.54011470079422,0.0001,0.0,0.27884615384615385,"[0.0, 0.5576923076923077]",0.1,0.2471590909090909,"[0.0, 0.4943181818181818]",0.0,valid
0.574106364428945,"[0.7345248474280732, 0.41368788142981694]",0.0,4.0,0.5568320517954619,0.0,[56],235.0,0.0,0.002956393200295635,"[0.0, 0.00591278640059127]",0.0,0.5568320517954619,0.0001,0.0,0.33333333333333326,"[0.0, 0.6666666666666665]",0.1,0.0014847809948032665,"[0.0, 0.002969561989606533]",0.0,train
0.6116666666666667,"[0.7566666666666667, 0.4666666666666667]",0.0,4.0,0.5380298495292664,0.0,[56],235.0,0.0,0.25757575757575735,"[0.0, 0.5151515151515147]",0.0,0.5380298495292664,0.0001,0.0,0.275974025974026,"[0.0, 0.551948051948052]",0.1,0.24147727272727273,"[0.0, 0.48295454545454547]",0.0,valid
0.5736704446381866,"[0.7345248474280732, 0.4128160418482999]",0.0,4.0,0.5520465322162794,0.0,[56],236.0,0.0,0.0007412898443291311,"[0.0, 0.0014825796886582623]",0.0,0.5520465322162794,0.0001,0.0,0.2499999999999999,"[0.0, 0.4999999999999998]",0.1,0.0003711952487008166,"[0.0, 0.0007423904974016332]",0.0,train
0.6316666666666667,"[0.7566666666666667, 0.5066666666666667]",0.0,4.0,0.5369825760523478,0.0,[56],236.0,0.0,0.2730061349693249,"[0.0, 0.5460122699386498]",0.0,0.5369825760523478,0.0001,0.0,0.2966666666666667,"[0.0, 0.5933333333333334]",0.1,0.2528409090909091,"[0.0, 0.5056818181818182]",0.0,valid
0.5727986050566696,"[0.7345248474280732, 0.4110723626852659]",0.0,4.0,0.5549650425496309,0.0,[56],237.0,0.0,0.0014760147601475956,"[0.0, 0.002952029520295191]",0.0,0.5549650425496309,0.0001,0.0,0.12499999999999997,"[0.0, 0.24999999999999994]",0.1,0.0007423904974016332,"[0.0, 0.0014847809948032665]",0.0,train
0.5900000000000001,"[0.7566666666666667, 0.42333333333333334]",0.0,4.0,0.5395048459370931,0.0,[56],237.0,0.0,0.2354740061162077,"[0.0, 0.4709480122324154]",0.0,0.5395048459370931,0.0001,0.0,0.25496688741721857,"[0.0, 0.5099337748344371]",0.1,0.21875,"[0.0, 0.4375]",0.0,valid
0.5747602441150828,"[0.7345248474280732, 0.4149956408020924]",0.0,4.0,0.5564518830050593,0.0,[56],238.0,0.0,0.0036982248520710014,"[0.0, 0.007396449704142003]",0.0,0.5564518830050593,0.0001,0.0,0.4999999999999999,"[0.0, 0.9999999999999998]",0.1,0.001855976243504083,"[0.0, 0.003711952487008166]",0.0,train
0.625,"[0.7566666666666667, 0.49333333333333335]",0.0,4.0,0.5371251702308655,0.0,[56],238.0,0.0,0.27245508982035904,"[0.0, 0.5449101796407181]",0.0,0.5371251702308655,0.0001,0.0,0.2879746835443038,"[0.0, 0.5759493670886076]",0.1,0.2585227272727273,"[0.0, 0.5170454545454546]",0.0,valid
0.574106364428945,"[0.7345248474280732, 0.41368788142981694]",0.0,4.0,0.5574537774790889,0.0,[56],239.0,0.0,0.002956393200295635,"[0.0, 0.00591278640059127]",0.0,0.5574537774790889,0.0001,0.0,0.33333333333333326,"[0.0, 0.6666666666666665]",0.1,0.0014847809948032665,"[0.0, 0.002969561989606533]",0.0,train
0.615,"[0.7566666666666667, 0.47333333333333333]",0.0,4.0,0.5396373470624288,0.0,[56],239.0,0.0,0.2690058479532161,"[0.0, 0.5380116959064322]",0.0,0.5396373470624288,0.0001,0.0,0.27710843373493976,"[0.0, 0.5542168674698795]",0.1,0.26136363636363635,"[0.0, 0.5227272727272727]",0.0,valid
0.5743243243243243,"[0.7345248474280732, 0.4141238012205754]",0.0,4.0,0.5526058362877887,0.0,[56],240.0,0.0,0.0029585798816568008,"[0.0, 0.0059171597633136015]",0.0,0.5526058362877887,0.0001,0.0,0.3999999999999999,"[0.0, 0.7999999999999998]",0.1,0.0014847809948032665,"[0.0, 0.002969561989606533]",0.0,train
0.595,"[0.7566666666666667, 0.43333333333333335]",0.0,4.0,0.5407786170641581,0.0,[56],240.0,0.0,0.24242424242424215,"[0.0, 0.4848484848484843]",0.0,0.5407786170641581,0.0001,0.0,0.2597402597402597,"[0.0, 0.5194805194805194]",0.1,0.22727272727272727,"[0.0, 0.45454545454545453]",0.0,valid
0.5738884045335658,"[0.7345248474280732, 0.4132519616390584]",0.0,4.0,0.5561919937963071,0.0,[56],241.0,0.0,0.001481481481481479,"[0.0, 0.002962962962962958]",0.0,0.5561919937963071,0.0001,0.0,0.33333333333333326,"[0.0, 0.6666666666666665]",0.1,0.0007423904974016332,"[0.0, 0.0014847809948032665]",0.0,train
0.6016666666666667,"[0.7566666666666667, 0.44666666666666666]",0.0,4.0,0.5410386621952057,0.0,[56],241.0,0.0,0.24062499999999976,"[0.0, 0.4812499999999995]",0.0,0.5410386621952057,0.0001,0.0,0.2673611111111111,"[0.0, 0.5347222222222222]",0.1,0.21875,"[0.0, 0.4375]",0.0,valid
0.5747602441150828,"[0.7345248474280732, 0.4149956408020924]",0.0,4.0,0.5541930742885756,0.0,[56],242.0,0.0,0.0036982248520710014,"[0.0, 0.007396449704142003]",0.0,0.5541930742885756,0.0001,0.0,0.4999999999999999,"[0.0, 0.9999999999999998]",0.1,0.001855976243504083,"[0.0, 0.003711952487008166]",0.0,train
0.605,"[0.7566666666666667, 0.4533333333333333]",0.0,4.0,0.5375720461209615,0.0,[56],242.0,0.0,0.242138364779874,"[0.0, 0.484276729559748]",0.0,0.5375720461209615,0.0001,0.0,0.2711267605633803,"[0.0, 0.5422535211267606]",0.1,0.21875,"[0.0, 0.4375]",0.0,valid
0.5738884045335658,"[0.7345248474280732, 0.4132519616390584]",0.0,4.0,0.5535426398982173,0.0,[56],243.0,0.0,0.001481481481481479,"[0.0, 0.002962962962962958]",0.0,0.5535426398982173,0.0001,0.0,0.33333333333333326,"[0.0, 0.6666666666666665]",0.1,0.0007423904974016332,"[0.0, 0.0014847809948032665]",0.0,train
0.6133333333333333,"[0.7566666666666667, 0.47]",0.0,4.0,0.535500685373942,0.0,[56],243.0,0.0,0.24761904761904732,"[0.0, 0.49523809523809464]",0.0,0.535500685373942,0.0001,0.0,0.2805755395683453,"[0.0, 0.5611510791366906]",0.1,0.2215909090909091,"[0.0, 0.4431818181818182]",0.0,valid
0.5738884045335658,"[0.7345248474280732, 0.4132519616390584]",0.0,4.0,0.5546924601430478,0.0,[56],244.0,0.0,0.001481481481481479,"[0.0, 0.002962962962962958]",0.0,0.5546924601430478,0.0001,0.0,0.33333333333333326,"[0.0, 0.6666666666666665]",0.1,0.0007423904974016332,"[0.0, 0.0014847809948032665]",0.0,train
0.5983333333333334,"[0.7566666666666667, 0.44]",0.0,4.0,0.5382205148537954,0.0,[56],244.0,0.0,0.23417721518987317,"[0.0, 0.46835443037974633]",0.0,0.5382205148537954,0.0001,0.0,0.2642857142857143,"[0.0, 0.5285714285714286]",0.1,0.21022727272727273,"[0.0, 0.42045454545454547]",0.0,valid
0.5730165649520488,"[0.7345248474280732, 0.4115082824760244]",0.0,4.0,0.5535818597544795,0.0,[56],245.0,0.0,0.0014771048744460806,"[0.0, 0.002954209748892161]",0.0,0.5535818597544795,0.0001,0.0,0.14285714285714285,"[0.0, 0.2857142857142857]",0.1,0.0007423904974016332,"[0.0, 0.0014847809948032665]",0.0,train
0.6033333333333334,"[0.7566666666666667, 0.45]",0.0,4.0,0.5361568729082743,0.0,[56],245.0,0.0,0.2295081967213112,"[0.0, 0.4590163934426224]",0.0,0.5361568729082743,0.0001,0.0,0.2713178294573643,"[0.0, 0.5426356589147286]",0.1,0.19886363636363635,"[0.0, 0.3977272727272727]",0.0,valid
0.5738884045335658,"[0.7345248474280732, 0.4132519616390584]",0.0,4.0,0.5530180360959924,0.0,[56],246.0,0.0,0.0022189349112425997,"[0.0, 0.004437869822485199]",0.0,0.5530180360959924,0.0001,0.0,0.29999999999999993,"[0.0, 0.5999999999999999]",0.1,0.0011135857461024498,"[0.0, 0.0022271714922048997]",0.0,train
0.6083333333333334,"[0.7566666666666667, 0.46]",0.0,4.0,0.5383603374163309,0.0,[56],246.0,0.0,0.24528301886792425,"[0.0, 0.4905660377358485]",0.0,0.5383603374163309,0.0001,0.0,0.2746478873239437,"[0.0, 0.5492957746478874]",0.1,0.2215909090909091,"[0.0, 0.4431818181818182]",0.0,valid
0.5730165649520488,"[0.7345248474280732, 0.4115082824760244]",0.0,4.0,0.556130606195201,0.0,[56],247.0,0.0,0.0022123893805309665,"[0.0, 0.004424778761061933]",0.0,0.556130606195201,0.0001,0.0,0.16666666666666663,"[0.0, 0.33333333333333326]",0.1,0.0011135857461024498,"[0.0, 0.0022271714922048997]",0.0,train
0.595,"[0.7566666666666667, 0.43333333333333335]",0.0,4.0,0.5396635333697001,0.0,[56],247.0,0.0,0.22929936305732462,"[0.0, 0.45859872611464925]",0.0,0.5396635333697001,0.0001,0.0,0.2608695652173913,"[0.0, 0.5217391304347826]",0.1,0.20454545454545456,"[0.0, 0.4090909090909091]",0.0,valid
0.5743243243243243,"[0.7345248474280732, 0.4141238012205754]",0.0,4.0,0.5549771682075832,0.0,[56],248.0,0.0,0.002222222222222219,"[0.0, 0.004444444444444438]",0.0,0.5549771682075832,0.0001,0.0,0.49999999999999983,"[0.0, 0.9999999999999997]",0.1,0.0011135857461024498,"[0.0, 0.0022271714922048997]",0.0,train
0.6133333333333333,"[0.7566666666666667, 0.47]",0.0,4.0,0.5379302501678467,0.0,[56],248.0,0.0,0.24761904761904732,"[0.0, 0.49523809523809464]",0.0,0.5379302501678467,0.0001,0.0,0.2805755395683453,"[0.0, 0.5611510791366906]",0.1,0.2215909090909091,"[0.0, 0.4431818181818182]",0.0,valid
0.5734524847428073,"[0.7345248474280732, 0.41238012205754143]",0.0,4.0,0.5567173854164456,0.0,[56],249.0,0.0,0.0014792899408283986,"[0.0, 0.0029585798816567973]",0.0,0.5567173854164456,0.0001,0.0,0.19999999999999996,"[0.0, 0.3999999999999999]",0.1,0.0007423904974016332,"[0.0, 0.0014847809948032665]",0.0,train
0.6166666666666667,"[0.7566666666666667, 0.4766666666666667]",0.0,4.0,0.5383333365122477,0.0,[56],249.0,0.0,0.24595469255663402,"[0.0, 0.49190938511326804]",0.0,0.5383333365122477,0.0001,0.0,0.2857142857142857,"[0.0, 0.5714285714285714]",0.1,0.2159090909090909,"[0.0, 0.4318181818181818]",0.0,valid
0.46120313862249346,"[0.47951176983435045, 0.44289450741063646]",0.0,4.0,0.5963446886643119,0.0,[56],0.0,1.0,0.32866114020946047,"[0.3503808487486394, 0.3069414316702816]",0.0,0.5963446886643119,0.0001,0.0,0.41570906316663203,"[0.26200162733930027, 0.5694164989939637]",0.1,0.3694160714742851,"[0.5287356321839081, 0.2100965107646622]",0.0,train
0.585,"[0.7566666666666667, 0.41333333333333333]",0.0,4.0,0.5352762341499329,0.0,[56],0.0,1.0,0.0,"[0.0, 0.0]",0.0,0.5352762341499329,0.0001,0.0,0.0,"[0.0, 0.0]",0.1,0.0,"[0.0, 0.0]",0.0,valid
0.5734524847428073,"[0.7345248474280732, 0.41238012205754143]",0.0,4.0,0.5738105333369711,0.0,[56],1.0,1.0,0.0,"[0.0, 0.0]",0.0,0.5738105333369711,0.0001,0.0,0.0,"[0.0, 0.0]",0.1,0.0,"[0.0, 0.0]",0.0,train
0.585,"[0.7566666666666667, 0.41333333333333333]",0.0,4.0,0.5341290235519409,0.0,[56],1.0,1.0,0.0,"[0.0, 0.0]",0.0,0.5341290235519409,0.0001,0.0,0.0,"[0.0, 0.0]",0.1,0.0,"[0.0, 0.0]",0.0,valid
0.5736704446381866,"[0.7345248474280732, 0.4128160418482999]",0.0,4.0,0.5705351414887802,0.0,[56],2.0,1.0,0.0007412898443291311,"[0.0, 0.0014825796886582623]",0.0,0.5705351414887802,0.0001,0.0,0.2499999999999999,"[0.0, 0.4999999999999998]",0.1,0.0003711952487008166,"[0.0, 0.0007423904974016332]",0.0,train
0.585,"[0.7566666666666667, 0.41333333333333333]",0.0,4.0,0.5317038496335348,0.0,[56],2.0,1.0,0.0,"[0.0, 0.0]",0.0,0.5317038496335348,0.0001,0.0,0.0,"[0.0, 0.0]",0.1,0.0,"[0.0, 0.0]",0.0,valid
0.5736704446381866,"[0.7345248474280732, 0.4128160418482999]",0.0,4.0,0.5748370004736859,0.0,[56],3.0,1.0,0.0,"[0.0, 0.0]",0.0,0.5748370004736859,0.0001,0.0,0.0,"[0.0, 0.0]",0.1,0.0,"[0.0, 0.0]",0.0,train
0.585,"[0.7566666666666667, 0.41333333333333333]",0.0,4.0,0.5350578824679056,0.0,[56],3.0,1.0,0.0,"[0.0, 0.0]",0.0,0.5350578824679056,0.0001,0.0,0.0,"[0.0, 0.0]",0.1,0.0,"[0.0, 0.0]",0.0,valid
0.5734524847428073,"[0.7345248474280732, 0.41238012205754143]",0.0,4.0,0.5711614904196366,0.0,[56],4.0,1.0,0.0,"[0.0, 0.0]",0.0,0.5711614904196366,0.0001,0.0,0.0,"[0.0, 0.0]",0.1,0.0,"[0.0, 0.0]",0.0,train
0.585,"[0.7566666666666667, 0.41333333333333333]",0.0,4.0,0.5327790578206381,0.0,[56],4.0,1.0,0.0,"[0.0, 0.0]",0.0,0.5327790578206381,0.0001,0.0,0.0,"[0.0, 0.0]",0.1,0.0,"[0.0, 0.0]",0.0,valid
0.5738884045335658,"[0.7345248474280732, 0.4132519616390584]",0.0,4.0,0.5722466525824174,0.0,[56],5.0,1.0,0.0007418397626112751,"[0.0, 0.0014836795252225502]",0.0,0.5722466525824174,0.0001,0.0,0.49999999999999944,"[0.0, 0.9999999999999989]",0.1,0.0003711952487008166,"[0.0, 0.0007423904974016332]",0.0,train
0.585,"[0.7566666666666667, 0.41333333333333333]",0.0,4.0,0.5306927760442098,0.0,[56],5.0,1.0,0.0,"[0.0, 0.0]",0.0,0.5306927760442098,0.0001,0.0,0.0,"[0.0, 0.0]",0.1,0.0,"[0.0, 0.0]",0.0,valid
0.5736704446381866,"[0.7345248474280732, 0.4128160418482999]",0.0,4.0,0.5730255971784177,0.0,[56],6.0,1.0,0.0,"[0.0, 0.0]",0.0,0.5730255971784177,0.0001,0.0,0.0,"[0.0, 0.0]",0.1,0.0,"[0.0, 0.0]",0.0,train
0.585,"[0.7566666666666667, 0.41333333333333333]",0.0,4.0,0.533745010693868,0.0,[56],6.0,1.0,0.0,"[0.0, 0.0]",0.0,0.533745010693868,0.0001,0.0,0.0,"[0.0, 0.0]",0.1,0.0,"[0.0, 0.0]",0.0,valid
0.5736704446381866,"[0.7345248474280732, 0.4128160418482999]",0.0,4.0,0.5756455944932025,0.0,[56],7.0,1.0,0.0,"[0.0, 0.0]",0.0,0.5756455944932025,0.0001,0.0,0.0,"[0.0, 0.0]",0.1,0.0,"[0.0, 0.0]",0.0,train
0.585,"[0.7566666666666667, 0.41333333333333333]",0.0,4.0,0.5320582389831543,0.0,[56],7.0,1.0,0.0,"[0.0, 0.0]",0.0,0.5320582389831543,0.0001,0.0,0.0,"[0.0, 0.0]",0.1,0.0,"[0.0, 0.0]",0.0,valid
0.5736704446381866,"[0.7345248474280732, 0.4128160418482999]",0.0,4.0,0.5722272447917772,0.0,[56],8.0,1.0,0.0,"[0.0, 0.0]",0.0,0.5722272447917772,0.0001,0.0,0.0,"[0.0, 0.0]",0.1,0.0,"[0.0, 0.0]",0.0,train
0.585,"[0.7566666666666667, 0.41333333333333333]",0.0,4.0,0.5365522503852844,0.0,[56],8.0,1.0,0.0,"[0.0, 0.0]",0.0,0.5365522503852844,0.0001,0.0,0.0,"[0.0, 0.0]",0.1,0.0,"[0.0, 0.0]",0.0,valid
0.5734524847428073,"[0.7345248474280732, 0.41238012205754143]",0.0,4.0,0.5666652010834735,0.0,[56],9.0,1.0,0.0,"[0.0, 0.0]",0.0,0.5666652010834735,0.0001,0.0,0.0,"[0.0, 0.0]",0.1,0.0,"[0.0, 0.0]",0.0,train
0.585,"[0.7566666666666667, 0.41333333333333333]",0.0,4.0,0.5347813367843628,0.0,[56],9.0,1.0,0.0,"[0.0, 0.0]",0.0,0.5347813367843628,0.0001,0.0,0.0,"[0.0, 0.0]",0.1,0.0,"[0.0, 0.0]",0.0,valid
0.5738884045335658,"[0.7345248474280732, 0.4132519616390584]",0.0,4.0,0.57702128265215,0.0,[56],10.0,1.0,0.0007418397626112751,"[0.0, 0.0014836795252225502]",0.0,0.57702128265215,0.0001,0.0,0.49999999999999944,"[0.0, 0.9999999999999989]",0.1,0.0003711952487008166,"[0.0, 0.0007423904974016332]",0.0,train
0.585,"[0.7566666666666667, 0.41333333333333333]",0.0,4.0,0.533971349398295,0.0,[56],10.0,1.0,0.0,"[0.0, 0.0]",0.0,0.533971349398295,0.0001,0.0,0.0,"[0.0, 0.0]",0.1,0.0,"[0.0, 0.0]",0.0,valid
0.5734524847428073,"[0.7345248474280732, 0.41238012205754143]",0.0,4.0,0.5739257102427275,0.0,[56],11.0,1.0,0.0,"[0.0, 0.0]",0.0,0.5739257102427275,0.0001,0.0,0.0,"[0.0, 0.0]",0.1,0.0,"[0.0, 0.0]",0.0,train
0.585,"[0.7566666666666667, 0.41333333333333333]",0.0,4.0,0.5355804562568665,0.0,[56],11.0,1.0,0.0,"[0.0, 0.0]",0.0,0.5355804562568665,0.0001,0.0,0.0,"[0.0, 0.0]",0.1,0.0,"[0.0, 0.0]",0.0,valid
0.5736704446381866,"[0.7345248474280732, 0.4128160418482999]",0.0,4.0,0.5703860987787661,0.0,[56],12.0,1.0,0.0,"[0.0, 0.0]",0.0,0.5703860987787661,0.0001,0.0,0.0,"[0.0, 0.0]",0.1,0.0,"[0.0, 0.0]",0.0,train
0.585,"[0.7566666666666667, 0.41333333333333333]",0.0,4.0,0.5358987053235372,0.0,[56],12.0,1.0,0.0,"[0.0, 0.0]",0.0,0.5358987053235372,0.0001,0.0,0.0,"[0.0, 0.0]",0.1,0.0,"[0.0, 0.0]",0.0,valid
0.5734524847428073,"[0.7345248474280732, 0.41238012205754143]",0.0,4.0,0.5692855430685956,0.0,[56],13.0,1.0,0.0,"[0.0, 0.0]",0.0,0.5692855430685956,0.0001,0.0,0.0,"[0.0, 0.0]",0.1,0.0,"[0.0, 0.0]",0.0,train
0.585,"[0.7566666666666667, 0.41333333333333333]",0.0,4.0,0.5303041736284891,0.0,[56],13.0,1.0,0.0,"[0.0, 0.0]",0.0,0.5303041736284891,0.0001,0.0,0.0,"[0.0, 0.0]",0.1,0.0,"[0.0, 0.0]",0.0,valid
0.5736704446381866,"[0.7345248474280732, 0.4128160418482999]",0.0,4.0,0.5707012570422628,0.0,[56],14.0,1.0,0.0,"[0.0, 0.0]",0.0,0.5707012570422628,0.0001,0.0,0.0,"[0.0, 0.0]",0.1,0.0,"[0.0, 0.0]",0.0,train
0.585,"[0.7566666666666667, 0.41333333333333333]",0.0,4.0,0.5324853559335073,0.0,[56],14.0,1.0,0.0,"[0.0, 0.0]",0.0,0.5324853559335073,0.0001,0.0,0.0,"[0.0, 0.0]",0.1,0.0,"[0.0, 0.0]",0.0,valid
0.5736704446381866,"[0.7345248474280732, 0.4128160418482999]",0.0,4.0,0.5743651701056439,0.0,[56],15.0,1.0,0.0,"[0.0, 0.0]",0.0,0.5743651701056439,0.0001,0.0,0.0,"[0.0, 0.0]",0.1,0.0,"[0.0, 0.0]",0.0,train
0.585,"[0.7566666666666667, 0.41333333333333333]",0.0,4.0,0.5332668423652649,0.0,[56],15.0,1.0,0.0,"[0.0, 0.0]",0.0,0.5332668423652649,0.0001,0.0,0.0,"[0.0, 0.0]",0.1,0.0,"[0.0, 0.0]",0.0,valid
0.5736704446381866,"[0.7345248474280732, 0.4128160418482999]",0.0,4.0,0.5715405500453451,0.0,[56],16.0,1.0,0.0,"[0.0, 0.0]",0.0,0.5715405500453451,0.0001,0.0,0.0,"[0.0, 0.0]",0.1,0.0,"[0.0, 0.0]",0.0,train
0.585,"[0.7566666666666667, 0.41333333333333333]",0.0,4.0,0.5319761037826538,0.0,[56],16.0,1.0,0.0,"[0.0, 0.0]",0.0,0.5319761037826538,0.0001,0.0,0.0,"[0.0, 0.0]",0.1,0.0,"[0.0, 0.0]",0.0,valid
0.5734524847428073,"[0.7345248474280732, 0.41238012205754143]",0.0,4.0,0.5698737579843273,0.0,[56],17.0,1.0,0.0,"[0.0, 0.0]",0.0,0.5698737579843273,0.0001,0.0,0.0,"[0.0, 0.0]",0.1,0.0,"[0.0, 0.0]",0.0,train
0.585,"[0.7566666666666667, 0.41333333333333333]",0.0,4.0,0.5314022302627563,0.0,[56],17.0,1.0,0.0,"[0.0, 0.0]",0.0,0.5314022302627563,0.0001,0.0,0.0,"[0.0, 0.0]",0.1,0.0,"[0.0, 0.0]",0.0,valid
0.5734524847428073,"[0.7345248474280732, 0.41238012205754143]",0.0,4.0,0.5694553307864977,0.0,[56],18.0,1.0,0.0,"[0.0, 0.0]",0.0,0.5694553307864977,0.0001,0.0,0.0,"[0.0, 0.0]",0.1,0.0,"[0.0, 0.0]",0.0,train
0.585,"[0.7566666666666667, 0.41333333333333333]",0.0,4.0,0.5368483265240988,0.0,[56],18.0,1.0,0.0,"[0.0, 0.0]",0.0,0.5368483265240988,0.0001,0.0,0.0,"[0.0, 0.0]",0.1,0.0,"[0.0, 0.0]",0.0,valid
0.5738884045335658,"[0.7345248474280732, 0.4132519616390584]",0.0,4.0,0.5715023745661196,0.0,[56],19.0,1.0,0.001481481481481479,"[0.0, 0.002962962962962958]",0.0,0.5715023745661196,0.0001,0.0,0.33333333333333326,"[0.0, 0.6666666666666665]",0.1,0.0007423904974016332,"[0.0, 0.0014847809948032665]",0.0,train
0.585,"[0.7566666666666667, 0.41333333333333333]",0.0,4.0,0.5318927566210429,0.0,[56],19.0,1.0,0.0,"[0.0, 0.0]",0.0,0.5318927566210429,0.0001,0.0,0.0,"[0.0, 0.0]",0.1,0.0,"[0.0, 0.0]",0.0,valid
0.5736704446381866,"[0.7345248474280732, 0.4128160418482999]",0.0,4.0,0.5705071584038113,0.0,[56],20.0,1.0,0.0007412898443291311,"[0.0, 0.0014825796886582623]",0.0,0.5705071584038113,0.0001,0.0,0.2499999999999999,"[0.0, 0.4999999999999998]",0.1,0.0003711952487008166,"[0.0, 0.0007423904974016332]",0.0,train
0.585,"[0.7566666666666667, 0.41333333333333333]",0.0,4.0,0.5324115753173828,0.0,[56],20.0,1.0,0.0,"[0.0, 0.0]",0.0,0.5324115753173828,0.0001,0.0,0.0,"[0.0, 0.0]",0.1,0.0,"[0.0, 0.0]",0.0,valid
0.5736704446381866,"[0.7345248474280732, 0.4128160418482999]",0.0,4.0,0.5693020691042361,0.0,[56],21.0,1.0,0.0,"[0.0, 0.0]",0.0,0.5693020691042361,0.0001,0.0,0.0,"[0.0, 0.0]",0.1,0.0,"[0.0, 0.0]",0.0,train
0.585,"[0.7566666666666667, 0.41333333333333333]",0.0,4.0,0.5308754046758016,0.0,[56],21.0,1.0,0.0,"[0.0, 0.0]",0.0,0.5308754046758016,0.0001,0.0,0.0,"[0.0, 0.0]",0.1,0.0,"[0.0, 0.0]",0.0,valid
0.5736704446381866,"[0.7345248474280732, 0.4128160418482999]",0.0,4.0,0.5720924735069275,0.0,[56],22.0,1.0,0.0007412898443291311,"[0.0, 0.0014825796886582623]",0.0,0.5720924735069275,0.0001,0.0,0.2499999999999999,"[0.0, 0.4999999999999998]",0.1,0.0003711952487008166,"[0.0, 0.0007423904974016332]",0.0,train
0.585,"[0.7566666666666667, 0.41333333333333333]",0.0,4.0,0.535447915395101,0.0,[56],22.0,1.0,0.0,"[0.0, 0.0]",0.0,0.535447915395101,0.0001,0.0,0.0,"[0.0, 0.0]",0.1,0.0,"[0.0, 0.0]",0.0,valid
0.5738884045335658,"[0.7345248474280732, 0.4132519616390584]",0.0,4.0,0.5672771360563196,0.0,[56],23.0,1.0,0.0007418397626112751,"[0.0, 0.0014836795252225502]",0.0,0.5672771360563196,0.0001,0.0,0.49999999999999944,"[0.0, 0.9999999999999989]",0.1,0.0003711952487008166,"[0.0, 0.0007423904974016332]",0.0,train
0.585,"[0.7566666666666667, 0.41333333333333333]",0.0,4.0,0.5348036885261536,0.0,[56],23.0,1.0,0.0,"[0.0, 0.0]",0.0,0.5348036885261536,0.0001,0.0,0.0,"[0.0, 0.0]",0.1,0.0,"[0.0, 0.0]",0.0,valid
0.5736704446381866,"[0.7345248474280732, 0.4128160418482999]",0.0,4.0,0.5690534607223843,0.0,[56],24.0,1.0,0.0,"[0.0, 0.0]",0.0,0.5690534607223843,0.0001,0.0,0.0,"[0.0, 0.0]",0.1,0.0,"[0.0, 0.0]",0.0,train
0.585,"[0.7566666666666667, 0.41333333333333333]",0.0,4.0,0.5346534649531046,0.0,[56],24.0,1.0,0.0,"[0.0, 0.0]",0.0,0.5346534649531046,0.0001,0.0,0.0,"[0.0, 0.0]",0.1,0.0,"[0.0, 0.0]",0.0,valid
0.5734524847428073,"[0.7345248474280732, 0.41238012205754143]",0.0,4.0,0.5691068068794582,0.0,[56],25.0,1.0,0.0,"[0.0, 0.0]",0.0,0.5691068068794582,0.0001,0.0,0.0,"[0.0, 0.0]",0.1,0.0,"[0.0, 0.0]",0.0,train
0.585,"[0.7566666666666667, 0.41333333333333333]",0.0,4.0,0.5290104349454244,0.0,[56],25.0,1.0,0.0,"[0.0, 0.0]",0.0,0.5290104349454244,0.0001,0.0,0.0,"[0.0, 0.0]",0.1,0.0,"[0.0, 0.0]",0.0,valid
0.5736704446381866,"[0.7345248474280732, 0.4128160418482999]",0.0,4.0,0.5700144379035287,0.0,[56],26.0,1.0,0.0,"[0.0, 0.0]",0.0,0.5700144379035287,0.0001,0.0,0.0,"[0.0, 0.0]",0.1,0.0,"[0.0, 0.0]",0.0,train
0.585,"[0.7566666666666667, 0.41333333333333333]",0.0,4.0,0.5285900433858236,0.0,[56],26.0,1.0,0.0,"[0.0, 0.0]",0.0,0.5285900433858236,0.0001,0.0,0.0,"[0.0, 0.0]",0.1,0.0,"[0.0, 0.0]",0.0,valid
0.5738884045335658,"[0.7345248474280732, 0.4132519616390584]",0.0,4.0,0.5675350712693256,0.0,[56],27.0,1.0,0.0007418397626112751,"[0.0, 0.0014836795252225502]",0.0,0.5675350712693256,0.0001,0.0,0.49999999999999944,"[0.0, 0.9999999999999989]",0.1,0.0003711952487008166,"[0.0, 0.0007423904974016332]",0.0,train
0.585,"[0.7566666666666667, 0.41333333333333333]",0.0,4.0,0.5330858727296194,0.0,[56],27.0,1.0,0.0,"[0.0, 0.0]",0.0,0.5330858727296194,0.0001,0.0,0.0,"[0.0, 0.0]",0.1,0.0,"[0.0, 0.0]",0.0,valid
0.5736704446381866,"[0.7345248474280732, 0.4128160418482999]",0.0,4.0,0.5655869193699049,0.0,[56],28.0,1.0,0.0007412898443291311,"[0.0, 0.0014825796886582623]",0.0,0.5655869193699049,0.0001,0.0,0.2499999999999999,"[0.0, 0.4999999999999998]",0.1,0.0003711952487008166,"[0.0, 0.0007423904974016332]",0.0,train
0.585,"[0.7566666666666667, 0.41333333333333333]",0.0,4.0,0.532928983370463,0.0,[56],28.0,1.0,0.0,"[0.0, 0.0]",0.0,0.532928983370463,0.0001,0.0,0.0,"[0.0, 0.0]",0.1,0.0,"[0.0, 0.0]",0.0,valid
0.5738884045335658,"[0.7345248474280732, 0.4132519616390584]",0.0,4.0,0.5678476587585781,0.0,[56],29.0,1.0,0.0007418397626112751,"[0.0, 0.0014836795252225502]",0.0,0.5678476587585781,0.0001,0.0,0.49999999999999944,"[0.0, 0.9999999999999989]",0.1,0.0003711952487008166,"[0.0, 0.0007423904974016332]",0.0,train
0.585,"[0.7566666666666667, 0.41333333333333333]",0.0,4.0,0.534998893737793,0.0,[56],29.0,1.0,0.0,"[0.0, 0.0]",0.0,0.534998893737793,0.0001,0.0,0.0,"[0.0, 0.0]",0.1,0.0,"[0.0, 0.0]",0.0,valid
0.5732345248474281,"[0.7345248474280732, 0.4119442022667829]",0.0,4.0,0.5679121043371118,0.0,[56],30.0,1.0,0.0,"[0.0, 0.0]",0.0,0.5679121043371118,0.0001,0.0,0.0,"[0.0, 0.0]",0.1,0.0,"[0.0, 0.0]",0.0,train
0.585,"[0.7566666666666667, 0.41333333333333333]",0.0,4.0,0.532452404499054,0.0,[56],30.0,1.0,0.0,"[0.0, 0.0]",0.0,0.532452404499054,0.0001,0.0,0.0,"[0.0, 0.0]",0.1,0.0,"[0.0, 0.0]",0.0,valid
0.5736704446381866,"[0.7345248474280732, 0.4128160418482999]",0.0,4.0,0.5676303661387899,0.0,[56],31.0,1.0,0.0,"[0.0, 0.0]",0.0,0.5676303661387899,0.0001,0.0,0.0,"[0.0, 0.0]",0.1,0.0,"[0.0, 0.0]",0.0,train
0.585,"[0.7566666666666667, 0.41333333333333333]",0.0,4.0,0.5301264524459839,0.0,[56],31.0,1.0,0.0,"[0.0, 0.0]",0.0,0.5301264524459839,0.0001,0.0,0.0,"[0.0, 0.0]",0.1,0.0,"[0.0, 0.0]",0.0,valid
0.5738884045335658,"[0.7345248474280732, 0.4132519616390584]",0.0,4.0,0.5647914616957955,0.0,[56],32.0,1.0,0.0007418397626112751,"[0.0, 0.0014836795252225502]",0.0,0.5647914616957955,0.0001,0.0,0.49999999999999944,"[0.0, 0.9999999999999989]",0.1,0.0003711952487008166,"[0.0, 0.0007423904974016332]",0.0,train
0.585,"[0.7566666666666667, 0.41333333333333333]",0.0,4.0,0.5322751800219218,0.0,[56],32.0,1.0,0.0,"[0.0, 0.0]",0.0,0.5322751800219218,0.0001,0.0,0.0,"[0.0, 0.0]",0.1,0.0,"[0.0, 0.0]",0.0,valid
0.5736704446381866,"[0.7345248474280732, 0.4128160418482999]",0.0,4.0,0.5678616347520248,0.0,[56],33.0,1.0,0.0,"[0.0, 0.0]",0.0,0.5678616347520248,0.0001,0.0,0.0,"[0.0, 0.0]",0.1,0.0,"[0.0, 0.0]",0.0,train
0.585,"[0.7566666666666667, 0.41333333333333333]",0.0,4.0,0.5282692511876425,0.0,[56],33.0,1.0,0.0,"[0.0, 0.0]",0.0,0.5282692511876425,0.0001,0.0,0.0,"[0.0, 0.0]",0.1,0.0,"[0.0, 0.0]",0.0,valid
0.5743243243243243,"[0.7345248474280732, 0.4141238012205754]",0.0,4.0,0.5636963118677554,0.0,[56],34.0,1.0,0.0029585798816568008,"[0.0, 0.0059171597633136015]",0.0,0.5636963118677554,0.0001,0.0,0.3999999999999999,"[0.0, 0.7999999999999998]",0.1,0.0014847809948032665,"[0.0, 0.002969561989606533]",0.0,train
0.585,"[0.7566666666666667, 0.41333333333333333]",0.0,4.0,0.532327135403951,0.0,[56],34.0,1.0,0.0,"[0.0, 0.0]",0.0,0.532327135403951,0.0001,0.0,0.0,"[0.0, 0.0]",0.1,0.0,"[0.0, 0.0]",0.0,valid
0.5738884045335658,"[0.7345248474280732, 0.4132519616390584]",0.0,4.0,0.5679563491240792,0.0,[56],35.0,1.0,0.001481481481481479,"[0.0, 0.002962962962962958]",0.0,0.5679563491240792,0.0001,0.0,0.33333333333333326,"[0.0, 0.6666666666666665]",0.1,0.0007423904974016332,"[0.0, 0.0014847809948032665]",0.0,train
0.585,"[0.7566666666666667, 0.41333333333333333]",0.0,4.0,0.5306757092475891,0.0,[56],35.0,1.0,0.0,"[0.0, 0.0]",0.0,0.5306757092475891,0.0001,0.0,0.0,"[0.0, 0.0]",0.1,0.0,"[0.0, 0.0]",0.0,valid
0.5736704446381866,"[0.7345248474280732, 0.4128160418482999]",0.0,4.0,0.5695003167442654,0.0,[56],36.0,1.0,0.0,"[0.0, 0.0]",0.0,0.5695003167442654,0.0001,0.0,0.0,"[0.0, 0.0]",0.1,0.0,"[0.0, 0.0]",0.0,train
0.585,"[0.7566666666666667, 0.41333333333333333]",0.0,4.0,0.5288834571838379,0.0,[56],36.0,1.0,0.0,"[0.0, 0.0]",0.0,0.5288834571838379,0.0001,0.0,0.0,"[0.0, 0.0]",0.1,0.0,"[0.0, 0.0]",0.0,valid
0.574106364428945,"[0.7345248474280732, 0.41368788142981694]",0.0,4.0,0.5668930152188176,0.0,[56],37.0,1.0,0.0014825796886582636,"[0.0, 0.002965159377316527]",0.0,0.5668930152188176,0.0001,0.0,0.4999999999999998,"[0.0, 0.9999999999999996]",0.1,0.0007423904974016332,"[0.0, 0.0014847809948032665]",0.0,train
0.585,"[0.7566666666666667, 0.41333333333333333]",0.0,4.0,0.5303351084391276,0.0,[56],37.0,1.0,0.0,"[0.0, 0.0]",0.0,0.5303351084391276,0.0001,0.0,0.0,"[0.0, 0.0]",0.1,0.0,"[0.0, 0.0]",0.0,valid
0.5736704446381866,"[0.7345248474280732, 0.4128160418482999]",0.0,4.0,0.5696182769277821,0.0,[56],38.0,1.0,0.0,"[0.0, 0.0]",0.0,0.5696182769277821,0.0001,0.0,0.0,"[0.0, 0.0]",0.1,0.0,"[0.0, 0.0]",0.0,train
0.585,"[0.7566666666666667, 0.41333333333333333]",0.0,4.0,0.52678910891215,0.0,[56],38.0,1.0,0.0,"[0.0, 0.0]",0.0,0.52678910891215,0.0001,0.0,0.0,"[0.0, 0.0]",0.1,0.0,"[0.0, 0.0]",0.0,valid
0.5734524847428073,"[0.7345248474280732, 0.41238012205754143]",0.0,4.0,0.5699000047600787,0.0,[56],39.0,1.0,0.0,"[0.0, 0.0]",0.0,0.5699000047600787,0.0001,0.0,0.0,"[0.0, 0.0]",0.1,0.0,"[0.0, 0.0]",0.0,train
0.585,"[0.7566666666666667, 0.41333333333333333]",0.0,4.0,0.5306480924288431,0.0,[56],39.0,1.0,0.0,"[0.0, 0.0]",0.0,0.5306480924288431,0.0001,0.0,0.0,"[0.0, 0.0]",0.1,0.0,"[0.0, 0.0]",0.0,valid
0.5738884045335658,"[0.7345248474280732, 0.4132519616390584]",0.0,4.0,0.5690917269043301,0.0,[56],40.0,1.0,0.0007418397626112751,"[0.0, 0.0014836795252225502]",0.0,0.5690917269043301,0.0001,0.0,0.49999999999999944,"[0.0, 0.9999999999999989]",0.1,0.0003711952487008166,"[0.0, 0.0007423904974016332]",0.0,train
0.585,"[0.7566666666666667, 0.41333333333333333]",0.0,4.0,0.5319346388181051,0.0,[56],40.0,1.0,0.0,"[0.0, 0.0]",0.0,0.5319346388181051,0.0001,0.0,0.0,"[0.0, 0.0]",0.1,0.0,"[0.0, 0.0]",0.0,valid
0.5736704446381866,"[0.7345248474280732, 0.4128160418482999]",0.0,4.0,0.5639101551926654,0.0,[56],41.0,1.0,0.0,"[0.0, 0.0]",0.0,0.5639101551926654,0.0001,0.0,0.0,"[0.0, 0.0]",0.1,0.0,"[0.0, 0.0]",0.0,train
0.585,"[0.7566666666666667, 0.41333333333333333]",0.0,4.0,0.5305634140968323,0.0,[56],41.0,1.0,0.0,"[0.0, 0.0]",0.0,0.5305634140968323,0.0001,0.0,0.0,"[0.0, 0.0]",0.1,0.0,"[0.0, 0.0]",0.0,valid
0.5736704446381866,"[0.7345248474280732, 0.4128160418482999]",0.0,4.0,0.5696832304415496,0.0,[56],42.0,1.0,0.0007412898443291311,"[0.0, 0.0014825796886582623]",0.0,0.5696832304415496,0.0001,0.0,0.2499999999999999,"[0.0, 0.4999999999999998]",0.1,0.0003711952487008166,"[0.0, 0.0007423904974016332]",0.0,train
0.585,"[0.7566666666666667, 0.41333333333333333]",0.0,4.0,0.5303568740685781,0.0,[56],42.0,1.0,0.0,"[0.0, 0.0]",0.0,0.5303568740685781,0.0001,0.0,0.0,"[0.0, 0.0]",0.1,0.0,"[0.0, 0.0]",0.0,valid
0.5738884045335658,"[0.7345248474280732, 0.4132519616390584]",0.0,4.0,0.5714082873385885,0.0,[56],43.0,1.0,0.0007418397626112751,"[0.0, 0.0014836795252225502]",0.0,0.5714082873385885,0.0001,0.0,0.49999999999999944,"[0.0, 0.9999999999999989]",0.1,0.0003711952487008166,"[0.0, 0.0007423904974016332]",0.0,train
0.585,"[0.7566666666666667, 0.41333333333333333]",0.0,4.0,0.5287567575772604,0.0,[56],43.0,1.0,0.0,"[0.0, 0.0]",0.0,0.5287567575772604,0.0001,0.0,0.0,"[0.0, 0.0]",0.1,0.0,"[0.0, 0.0]",0.0,valid
0.5736704446381866,"[0.7345248474280732, 0.4128160418482999]",0.0,4.0,0.5668867981952169,0.0,[56],44.0,1.0,0.0007412898443291311,"[0.0, 0.0014825796886582623]",0.0,0.5668867981952169,0.0001,0.0,0.2499999999999999,"[0.0, 0.4999999999999998]",0.1,0.0003711952487008166,"[0.0, 0.0007423904974016332]",0.0,train
0.585,"[0.7566666666666667, 0.41333333333333333]",0.0,4.0,0.5319376190503439,0.0,[56],44.0,1.0,0.0,"[0.0, 0.0]",0.0,0.5319376190503439,0.0001,0.0,0.0,"[0.0, 0.0]",0.1,0.0,"[0.0, 0.0]",0.0,valid
0.5736704446381866,"[0.7345248474280732, 0.4128160418482999]",0.0,4.0,0.568697654682657,0.0,[56],45.0,1.0,0.0007412898443291311,"[0.0, 0.0014825796886582623]",0.0,0.568697654682657,0.0001,0.0,0.2499999999999999,"[0.0, 0.4999999999999998]",0.1,0.0003711952487008166,"[0.0, 0.0007423904974016332]",0.0,train
0.585,"[0.7566666666666667, 0.41333333333333333]",0.0,4.0,0.5298653244972229,0.0,[56],45.0,1.0,0.0,"[0.0, 0.0]",0.0,0.5298653244972229,0.0001,0.0,0.0,"[0.0, 0.0]",0.1,0.0,"[0.0, 0.0]",0.0,valid
0.5738884045335658,"[0.7345248474280732, 0.4132519616390584]",0.0,4.0,0.5710604242656542,0.0,[56],46.0,1.0,0.0007418397626112751,"[0.0, 0.0014836795252225502]",0.0,0.5710604242656542,0.0001,0.0,0.49999999999999944,"[0.0, 0.9999999999999989]",0.1,0.0003711952487008166,"[0.0, 0.0007423904974016332]",0.0,train
0.585,"[0.7566666666666667, 0.41333333333333333]",0.0,4.0,0.5264432231585184,0.0,[56],46.0,1.0,0.0,"[0.0, 0.0]",0.0,0.5264432231585184,0.0001,0.0,0.0,"[0.0, 0.0]",0.1,0.0,"[0.0, 0.0]",0.0,valid
0.5732345248474281,"[0.7345248474280732, 0.4119442022667829]",0.0,4.0,0.5650869815245919,0.0,[56],47.0,1.0,0.0007401924500370066,"[0.0, 0.001480384900074013]",0.0,0.5650869815245919,0.0001,0.0,0.12499999999999997,"[0.0, 0.24999999999999994]",0.1,0.0003711952487008166,"[0.0, 0.0007423904974016332]",0.0,train
0.585,"[0.7566666666666667, 0.41333333333333333]",0.0,4.0,0.531140923500061,0.0,[56],47.0,1.0,0.0,"[0.0, 0.0]",0.0,0.531140923500061,0.0001,0.0,0.0,"[0.0, 0.0]",0.1,0.0,"[0.0, 0.0]",0.0,valid
0.5738884045335658,"[0.7345248474280732, 0.4132519616390584]",0.0,4.0,0.5659955014353213,0.0,[56],48.0,1.0,0.0007418397626112751,"[0.0, 0.0014836795252225502]",0.0,0.5659955014353213,0.0001,0.0,0.49999999999999944,"[0.0, 0.9999999999999989]",0.1,0.0003711952487008166,"[0.0, 0.0007423904974016332]",0.0,train
0.585,"[0.7566666666666667, 0.41333333333333333]",0.0,4.0,0.5297912955284119,0.0,[56],48.0,1.0,0.0,"[0.0, 0.0]",0.0,0.5297912955284119,0.0001,0.0,0.0,"[0.0, 0.0]",0.1,0.0,"[0.0, 0.0]",0.0,valid
0.5738884045335658,"[0.7345248474280732, 0.4132519616390584]",0.0,4.0,0.5651374666587167,0.0,[56],49.0,1.0,0.0007418397626112751,"[0.0, 0.0014836795252225502]",0.0,0.5651374666587167,0.0001,0.0,0.49999999999999944,"[0.0, 0.9999999999999989]",0.1,0.0003711952487008166,"[0.0, 0.0007423904974016332]",0.0,train
0.585,"[0.7566666666666667, 0.41333333333333333]",0.0,4.0,0.5276384552319845,0.0,[56],49.0,1.0,0.0,"[0.0, 0.0]",0.0,0.5276384552319845,0.0001,0.0,0.0,"[0.0, 0.0]",0.1,0.0,"[0.0, 0.0]",0.0,valid
0.574106364428945,"[0.7345248474280732, 0.41368788142981694]",0.0,4.0,0.567773171093153,0.0,[56],50.0,1.0,0.0014825796886582636,"[0.0, 0.002965159377316527]",0.0,0.567773171093153,0.0001,0.0,0.4999999999999998,"[0.0, 0.9999999999999996]",0.1,0.0007423904974016332,"[0.0, 0.0014847809948032665]",0.0,train
0.585,"[0.7566666666666667, 0.41333333333333333]",0.0,4.0,0.5322566032409668,0.0,[56],50.0,1.0,0.0,"[0.0, 0.0]",0.0,0.5322566032409668,0.0001,0.0,0.0,"[0.0, 0.0]",0.1,0.0,"[0.0, 0.0]",0.0,valid
0.5736704446381866,"[0.7345248474280732, 0.4128160418482999]",0.0,4.0,0.5687240154846854,0.0,[56],51.0,1.0,0.0,"[0.0, 0.0]",0.0,0.5687240154846854,0.0001,0.0,0.0,"[0.0, 0.0]",0.1,0.0,"[0.0, 0.0]",0.0,train
0.585,"[0.7566666666666667, 0.41333333333333333]",0.0,4.0,0.5284639994303385,0.0,[56],51.0,1.0,0.0,"[0.0, 0.0]",0.0,0.5284639994303385,0.0001,0.0,0.0,"[0.0, 0.0]",0.1,0.0,"[0.0, 0.0]",0.0,valid
0.5734524847428073,"[0.7345248474280732, 0.41238012205754143]",0.0,4.0,0.5670685690382252,0.0,[56],52.0,1.0,0.0,"[0.0, 0.0]",0.0,0.5670685690382252,0.0001,0.0,0.0,"[0.0, 0.0]",0.1,0.0,"[0.0, 0.0]",0.0,train
0.585,"[0.7566666666666667, 0.41333333333333333]",0.0,4.0,0.5298501749833425,0.0,[56],52.0,1.0,0.0,"[0.0, 0.0]",0.0,0.5298501749833425,0.0001,0.0,0.0,"[0.0, 0.0]",0.1,0.0,"[0.0, 0.0]",0.0,valid
0.5736704446381866,"[0.7345248474280732, 0.4128160418482999]",0.0,4.0,0.5674161159473917,0.0,[56],53.0,1.0,0.0022172949002217247,"[0.0, 0.0044345898004434494]",0.0,0.5674161159473917,0.0001,0.0,0.24999999999999997,"[0.0, 0.49999999999999994]",0.1,0.0011135857461024498,"[0.0, 0.0022271714922048997]",0.0,train
0.585,"[0.7566666666666667, 0.41333333333333333]",0.0,4.0,0.5284845530986786,0.0,[56],53.0,1.0,0.0,"[0.0, 0.0]",0.0,0.5284845530986786,0.0001,0.0,0.0,"[0.0, 0.0]",0.1,0.0,"[0.0, 0.0]",0.0,valid
0.5747602441150828,"[0.7345248474280732, 0.4149956408020924]",0.0,4.0,0.5660189934398817,0.0,[56],54.0,1.0,0.004431314623338252,"[0.0, 0.008862629246676504]",0.0,0.5660189934398817,0.0001,0.0,0.4285714285714285,"[0.0, 0.857142857142857]",0.1,0.0022271714922048997,"[0.0, 0.004454342984409799]",0.0,train
0.585,"[0.7566666666666667, 0.41333333333333333]",0.0,4.0,0.5283475120862325,0.0,[56],54.0,1.0,0.0,"[0.0, 0.0]",0.0,0.5283475120862325,0.0001,0.0,0.0,"[0.0, 0.0]",0.1,0.0,"[0.0, 0.0]",0.0,valid
0.5738884045335658,"[0.7345248474280732, 0.4132519616390584]",0.0,4.0,0.5647889427516771,0.0,[56],55.0,1.0,0.001481481481481479,"[0.0, 0.002962962962962958]",0.0,0.5647889427516771,0.0001,0.0,0.33333333333333326,"[0.0, 0.6666666666666665]",0.1,0.0007423904974016332,"[0.0, 0.0014847809948032665]",0.0,train
0.585,"[0.7566666666666667, 0.41333333333333333]",0.0,4.0,0.5278652310371399,0.0,[56],55.0,1.0,0.0,"[0.0, 0.0]",0.0,0.5278652310371399,0.0001,0.0,0.0,"[0.0, 0.0]",0.1,0.0,"[0.0, 0.0]",0.0,valid
0.574106364428945,"[0.7345248474280732, 0.41368788142981694]",0.0,4.0,0.5660024959108104,0.0,[56],56.0,1.0,0.002956393200295635,"[0.0, 0.00591278640059127]",0.0,0.5660024959108104,0.0001,0.0,0.33333333333333326,"[0.0, 0.6666666666666665]",0.1,0.0014847809948032665,"[0.0, 0.002969561989606533]",0.0,train
0.585,"[0.7566666666666667, 0.41333333333333333]",0.0,4.0,0.5311161080996195,0.0,[56],56.0,1.0,0.0,"[0.0, 0.0]",0.0,0.5311161080996195,0.0001,0.0,0.0,"[0.0, 0.0]",0.1,0.0,"[0.0, 0.0]",0.0,valid
0.5736704446381866,"[0.7345248474280732, 0.4128160418482999]",0.0,4.0,0.56290653736695,0.0,[56],57.0,1.0,0.0,"[0.0, 0.0]",0.0,0.56290653736695,0.0001,0.0,0.0,"[0.0, 0.0]",0.1,0.0,"[0.0, 0.0]",0.0,train
0.585,"[0.7566666666666667, 0.41333333333333333]",0.0,4.0,0.5267109473546346,0.0,[56],57.0,1.0,0.0,"[0.0, 0.0]",0.0,0.5267109473546346,0.0001,0.0,0.0,"[0.0, 0.0]",0.1,0.0,"[0.0, 0.0]",0.0,valid
0.574106364428945,"[0.7345248474280732, 0.41368788142981694]",0.0,4.0,0.5641658643017644,0.0,[56],58.0,1.0,0.0022205773501110257,"[0.0, 0.0044411547002220515]",0.0,0.5641658643017644,0.0001,0.0,0.37499999999999994,"[0.0, 0.7499999999999999]",0.1,0.0011135857461024498,"[0.0, 0.0022271714922048997]",0.0,train
0.585,"[0.7566666666666667, 0.41333333333333333]",0.0,4.0,0.5283372501532236,0.0,[56],58.0,1.0,0.0,"[0.0, 0.0]",0.0,0.5283372501532236,0.0001,0.0,0.0,"[0.0, 0.0]",0.1,0.0,"[0.0, 0.0]",0.0,valid
0.5736704446381866,"[0.7345248474280732, 0.4128160418482999]",0.0,4.0,0.5637136982834857,0.0,[56],59.0,1.0,0.0022172949002217247,"[0.0, 0.0044345898004434494]",0.0,0.5637136982834857,0.0001,0.0,0.24999999999999997,"[0.0, 0.49999999999999994]",0.1,0.0011135857461024498,"[0.0, 0.0022271714922048997]",0.0,train
0.585,"[0.7566666666666667, 0.41333333333333333]",0.0,4.0,0.5300088326136271,0.0,[56],59.0,1.0,0.0,"[0.0, 0.0]",0.0,0.5300088326136271,0.0001,0.0,0.0,"[0.0, 0.0]",0.1,0.0,"[0.0, 0.0]",0.0,valid
0.5745422842197035,"[0.7345248474280732, 0.4145597210113339]",0.0,4.0,0.5649174944214199,0.0,[56],60.0,1.0,0.0029607698001480344,"[0.0, 0.005921539600296069]",0.0,0.5649174944214199,0.0001,0.0,0.4999999999999999,"[0.0, 0.9999999999999998]",0.1,0.0014847809948032665,"[0.0, 0.002969561989606533]",0.0,train
0.585,"[0.7566666666666667, 0.41333333333333333]",0.0,4.0,0.5268537004788717,0.0,[56],60.0,1.0,0.0,"[0.0, 0.0]",0.0,0.5268537004788717,0.0001,0.0,0.0,"[0.0, 0.0]",0.1,0.0,"[0.0, 0.0]",0.0,valid
0.5738884045335658,"[0.7345248474280732, 0.4132519616390584]",0.0,4.0,0.5660621057385984,0.0,[56],61.0,1.0,0.001481481481481479,"[0.0, 0.002962962962962958]",0.0,0.5660621057385984,0.0001,0.0,0.33333333333333326,"[0.0, 0.6666666666666665]",0.1,0.0007423904974016332,"[0.0, 0.0014847809948032665]",0.0,train
0.585,"[0.7566666666666667, 0.41333333333333333]",0.0,4.0,0.5303334991137186,0.0,[56],61.0,1.0,0.0,"[0.0, 0.0]",0.0,0.5303334991137186,0.0001,0.0,0.0,"[0.0, 0.0]",0.1,0.0,"[0.0, 0.0]",0.0,valid
0.5736704446381866,"[0.7345248474280732, 0.4128160418482999]",0.0,4.0,0.5704448223114014,0.0,[56],62.0,1.0,0.0,"[0.0, 0.0]",0.0,0.5704448223114014,0.0001,0.0,0.0,"[0.0, 0.0]",0.1,0.0,"[0.0, 0.0]",0.0,train
0.585,"[0.7566666666666667, 0.41333333333333333]",0.0,4.0,0.5292964577674866,0.0,[56],62.0,1.0,0.0,"[0.0, 0.0]",0.0,0.5292964577674866,0.0001,0.0,0.0,"[0.0, 0.0]",0.1,0.0,"[0.0, 0.0]",0.0,valid
0.5736704446381866,"[0.7345248474280732, 0.4128160418482999]",0.0,4.0,0.5629487944685895,0.0,[56],63.0,1.0,0.0007412898443291311,"[0.0, 0.0014825796886582623]",0.0,0.5629487944685895,0.0001,0.0,0.2499999999999999,"[0.0, 0.4999999999999998]",0.1,0.0003711952487008166,"[0.0, 0.0007423904974016332]",0.0,train
0.585,"[0.7566666666666667, 0.41333333333333333]",0.0,4.0,0.5287440617879232,0.0,[56],63.0,1.0,0.0,"[0.0, 0.0]",0.0,0.5287440617879232,0.0001,0.0,0.0,"[0.0, 0.0]",0.1,0.0,"[0.0, 0.0]",0.0,valid
0.5732345248474281,"[0.7345248474280732, 0.4119442022667829]",0.0,4.0,0.5660756955976072,0.0,[56],64.0,1.0,0.0,"[0.0, 0.0]",0.0,0.5660756955976072,0.0001,0.0,0.0,"[0.0, 0.0]",0.1,0.0,"[0.0, 0.0]",0.0,train
0.585,"[0.7566666666666667, 0.41333333333333333]",0.0,4.0,0.5295976996421814,0.0,[56],64.0,1.0,0.0,"[0.0, 0.0]",0.0,0.5295976996421814,0.0001,0.0,0.0,"[0.0, 0.0]",0.1,0.0,"[0.0, 0.0]",0.0,valid
0.5738884045335658,"[0.7345248474280732, 0.4132519616390584]",0.0,4.0,0.5636426443639009,0.0,[56],65.0,1.0,0.001481481481481479,"[0.0, 0.002962962962962958]",0.0,0.5636426443639009,0.0001,0.0,0.33333333333333326,"[0.0, 0.6666666666666665]",0.1,0.0007423904974016332,"[0.0, 0.0014847809948032665]",0.0,train
0.585,"[0.7566666666666667, 0.41333333333333333]",0.0,4.0,0.5225616693496704,0.0,[56],65.0,1.0,0.0,"[0.0, 0.0]",0.0,0.5225616693496704,0.0001,0.0,0.0,"[0.0, 0.0]",0.1,0.0,"[0.0, 0.0]",0.0,valid
0.5738884045335658,"[0.7345248474280732, 0.4132519616390584]",0.0,4.0,0.5653868524924569,0.0,[56],66.0,1.0,0.001481481481481479,"[0.0, 0.002962962962962958]",0.0,0.5653868524924569,0.0001,0.0,0.33333333333333326,"[0.0, 0.6666666666666665]",0.1,0.0007423904974016332,"[0.0, 0.0014847809948032665]",0.0,train
0.585,"[0.7566666666666667, 0.41333333333333333]",0.0,4.0,0.5294401446978251,0.0,[56],66.0,1.0,0.0,"[0.0, 0.0]",0.0,0.5294401446978251,0.0001,0.0,0.0,"[0.0, 0.0]",0.1,0.0,"[0.0, 0.0]",0.0,valid
0.5743243243243243,"[0.7345248474280732, 0.4141238012205754]",0.0,4.0,0.5642594124959863,0.0,[56],67.0,1.0,0.002222222222222219,"[0.0, 0.004444444444444438]",0.0,0.5642594124959863,0.0001,0.0,0.49999999999999983,"[0.0, 0.9999999999999997]",0.1,0.0011135857461024498,"[0.0, 0.0022271714922048997]",0.0,train
0.585,"[0.7566666666666667, 0.41333333333333333]",0.0,4.0,0.5288152098655701,0.0,[56],67.0,1.0,0.0,"[0.0, 0.0]",0.0,0.5288152098655701,0.0001,0.0,0.0,"[0.0, 0.0]",0.1,0.0,"[0.0, 0.0]",0.0,valid
0.5732345248474281,"[0.7345248474280732, 0.4119442022667829]",0.0,4.0,0.566950684008391,0.0,[56],68.0,1.0,0.0,"[0.0, 0.0]",0.0,0.566950684008391,0.0001,0.0,0.0,"[0.0, 0.0]",0.1,0.0,"[0.0, 0.0]",0.0,train
0.585,"[0.7566666666666667, 0.41333333333333333]",0.0,4.0,0.5277652939160665,0.0,[56],68.0,1.0,0.0,"[0.0, 0.0]",0.0,0.5277652939160665,0.0001,0.0,0.0,"[0.0, 0.0]",0.1,0.0,"[0.0, 0.0]",0.0,valid
0.574106364428945,"[0.7345248474280732, 0.41368788142981694]",0.0,4.0,0.5672760035680688,0.0,[56],69.0,1.0,0.0022205773501110257,"[0.0, 0.0044411547002220515]",0.0,0.5672760035680688,0.0001,0.0,0.37499999999999994,"[0.0, 0.7499999999999999]",0.1,0.0011135857461024498,"[0.0, 0.0022271714922048997]",0.0,train
0.585,"[0.7566666666666667, 0.41333333333333333]",0.0,4.0,0.5265963673591614,0.0,[56],69.0,1.0,0.0,"[0.0, 0.0]",0.0,0.5265963673591614,0.0001,0.0,0.0,"[0.0, 0.0]",0.1,0.0,"[0.0, 0.0]",0.0,valid
0.574106364428945,"[0.7345248474280732, 0.41368788142981694]",0.0,4.0,0.5620583192161892,0.0,[56],70.0,1.0,0.0014825796886582636,"[0.0, 0.002965159377316527]",0.0,0.5620583192161892,0.0001,0.0,0.4999999999999998,"[0.0, 0.9999999999999996]",0.1,0.0007423904974016332,"[0.0, 0.0014847809948032665]",0.0,train
0.585,"[0.7566666666666667, 0.41333333333333333]",0.0,4.0,0.5265982449054718,0.0,[56],70.0,1.0,0.0,"[0.0, 0.0]",0.0,0.5265982449054718,0.0001,0.0,0.0,"[0.0, 0.0]",0.1,0.0,"[0.0, 0.0]",0.0,valid
0.574106364428945,"[0.7345248474280732, 0.41368788142981694]",0.0,4.0,0.5610622012096903,0.0,[56],71.0,1.0,0.0014825796886582636,"[0.0, 0.002965159377316527]",0.0,0.5610622012096903,0.0001,0.0,0.4999999999999998,"[0.0, 0.9999999999999996]",0.1,0.0007423904974016332,"[0.0, 0.0014847809948032665]",0.0,train
0.585,"[0.7566666666666667, 0.41333333333333333]",0.0,4.0,0.5265650351842245,0.0,[56],71.0,1.0,0.0,"[0.0, 0.0]",0.0,0.5265650351842245,0.0001,0.0,0.0,"[0.0, 0.0]",0.1,0.0,"[0.0, 0.0]",0.0,valid
0.5734524847428073,"[0.7345248474280732, 0.41238012205754143]",0.0,4.0,0.5691713042881178,0.0,[56],72.0,1.0,0.0014792899408283986,"[0.0, 0.0029585798816567973]",0.0,0.5691713042881178,0.0001,0.0,0.19999999999999996,"[0.0, 0.3999999999999999]",0.1,0.0007423904974016332,"[0.0, 0.0014847809948032665]",0.0,train
0.585,"[0.7566666666666667, 0.41333333333333333]",0.0,4.0,0.5297558903694153,0.0,[56],72.0,1.0,0.0,"[0.0, 0.0]",0.0,0.5297558903694153,0.0001,0.0,0.0,"[0.0, 0.0]",0.1,0.0,"[0.0, 0.0]",0.0,valid
0.5743243243243243,"[0.7345248474280732, 0.4141238012205754]",0.0,4.0,0.5630708336830139,0.0,[56],73.0,1.0,0.0029585798816568008,"[0.0, 0.0059171597633136015]",0.0,0.5630708336830139,0.0001,0.0,0.3999999999999999,"[0.0, 0.7999999999999998]",0.1,0.0014847809948032665,"[0.0, 0.002969561989606533]",0.0,train
0.585,"[0.7566666666666667, 0.41333333333333333]",0.0,4.0,0.5230780839920044,0.0,[56],73.0,1.0,0.0,"[0.0, 0.0]",0.0,0.5230780839920044,0.0001,0.0,0.0,"[0.0, 0.0]",0.1,0.0,"[0.0, 0.0]",0.0,valid
0.5736704446381866,"[0.7345248474280732, 0.4128160418482999]",0.0,4.0,0.5623651328294174,0.0,[56],74.0,1.0,0.0022172949002217247,"[0.0, 0.0044345898004434494]",0.0,0.5623651328294174,0.0001,0.0,0.24999999999999997,"[0.0, 0.49999999999999994]",0.1,0.0011135857461024498,"[0.0, 0.0022271714922048997]",0.0,train
0.585,"[0.7566666666666667, 0.41333333333333333]",0.0,4.0,0.524527927239736,0.0,[56],74.0,1.0,0.0,"[0.0, 0.0]",0.0,0.524527927239736,0.0001,0.0,0.0,"[0.0, 0.0]",0.1,0.0,"[0.0, 0.0]",0.0,valid
0.5736704446381866,"[0.7345248474280732, 0.4128160418482999]",0.0,4.0,0.5581255244172137,0.0,[56],75.0,1.0,0.0,"[0.0, 0.0]",0.0,0.5581255244172137,0.0001,0.0,0.0,"[0.0, 0.0]",0.1,0.0,"[0.0, 0.0]",0.0,train
0.585,"[0.7566666666666667, 0.41333333333333333]",0.0,4.0,0.5278025269508362,0.0,[56],75.0,1.0,0.0,"[0.0, 0.0]",0.0,0.5278025269508362,0.0001,0.0,0.0,"[0.0, 0.0]",0.1,0.0,"[0.0, 0.0]",0.0,valid
0.5743243243243243,"[0.7345248474280732, 0.4141238012205754]",0.0,4.0,0.5643663043561189,0.0,[56],76.0,1.0,0.002222222222222219,"[0.0, 0.004444444444444438]",0.0,0.5643663043561189,0.0001,0.0,0.49999999999999983,"[0.0, 0.9999999999999997]",0.1,0.0011135857461024498,"[0.0, 0.0022271714922048997]",0.0,train
0.585,"[0.7566666666666667, 0.41333333333333333]",0.0,4.0,0.5315391818682352,0.0,[56],76.0,1.0,0.0,"[0.0, 0.0]",0.0,0.5315391818682352,0.0001,0.0,0.0,"[0.0, 0.0]",0.1,0.0,"[0.0, 0.0]",0.0,valid
0.5738884045335658,"[0.7345248474280732, 0.4132519616390584]",0.0,4.0,0.5634926816691523,0.0,[56],77.0,1.0,0.0022189349112425997,"[0.0, 0.004437869822485199]",0.0,0.5634926816691523,0.0001,0.0,0.29999999999999993,"[0.0, 0.5999999999999999]",0.1,0.0011135857461024498,"[0.0, 0.0022271714922048997]",0.0,train
0.585,"[0.7566666666666667, 0.41333333333333333]",0.0,4.0,0.527290145556132,0.0,[56],77.0,1.0,0.0,"[0.0, 0.0]",0.0,0.527290145556132,0.0001,0.0,0.0,"[0.0, 0.0]",0.1,0.0,"[0.0, 0.0]",0.0,valid
0.5738884045335658,"[0.7345248474280732, 0.4132519616390584]",0.0,4.0,0.5648226608400759,0.0,[56],78.0,1.0,0.0007418397626112751,"[0.0, 0.0014836795252225502]",0.0,0.5648226608400759,0.0001,0.0,0.49999999999999944,"[0.0, 0.9999999999999989]",0.1,0.0003711952487008166,"[0.0, 0.0007423904974016332]",0.0,train
0.585,"[0.7566666666666667, 0.41333333333333333]",0.0,4.0,0.5250880122184753,0.0,[56],78.0,1.0,0.0,"[0.0, 0.0]",0.0,0.5250880122184753,0.0001,0.0,0.0,"[0.0, 0.0]",0.1,0.0,"[0.0, 0.0]",0.0,valid
0.5736704446381866,"[0.7345248474280732, 0.4128160418482999]",0.0,4.0,0.5614235997200012,0.0,[56],79.0,1.0,0.0,"[0.0, 0.0]",0.0,0.5614235997200012,0.0001,0.0,0.0,"[0.0, 0.0]",0.1,0.0,"[0.0, 0.0]",0.0,train
0.585,"[0.7566666666666667, 0.41333333333333333]",0.0,4.0,0.5275137623151144,0.0,[56],79.0,1.0,0.0,"[0.0, 0.0]",0.0,0.5275137623151144,0.0001,0.0,0.0,"[0.0, 0.0]",0.1,0.0,"[0.0, 0.0]",0.0,valid
0.5736704446381866,"[0.7345248474280732, 0.4128160418482999]",0.0,4.0,0.5615198715873386,0.0,[56],80.0,1.0,0.0,"[0.0, 0.0]",0.0,0.5615198715873386,0.0001,0.0,0.0,"[0.0, 0.0]",0.1,0.0,"[0.0, 0.0]",0.0,train
0.585,"[0.7566666666666667, 0.41333333333333333]",0.0,4.0,0.5272457897663116,0.0,[56],80.0,1.0,0.0,"[0.0, 0.0]",0.0,0.5272457897663116,0.0001,0.0,0.0,"[0.0, 0.0]",0.1,0.0,"[0.0, 0.0]",0.0,valid
0.5745422842197035,"[0.7345248474280732, 0.4145597210113339]",0.0,4.0,0.5624717059342758,0.0,[56],81.0,1.0,0.0029607698001480344,"[0.0, 0.005921539600296069]",0.0,0.5624717059342758,0.0001,0.0,0.4999999999999999,"[0.0, 0.9999999999999998]",0.1,0.0014847809948032665,"[0.0, 0.002969561989606533]",0.0,train
0.585,"[0.7566666666666667, 0.41333333333333333]",0.0,4.0,0.5279726584752401,0.0,[56],81.0,1.0,0.0,"[0.0, 0.0]",0.0,0.5279726584752401,0.0001,0.0,0.0,"[0.0, 0.0]",0.1,0.0,"[0.0, 0.0]",0.0,valid
0.5736704446381866,"[0.7345248474280732, 0.4128160418482999]",0.0,4.0,0.5608875207279039,0.0,[56],82.0,1.0,0.0,"[0.0, 0.0]",0.0,0.5608875207279039,0.0001,0.0,0.0,"[0.0, 0.0]",0.1,0.0,"[0.0, 0.0]",0.0,train
0.585,"[0.7566666666666667, 0.41333333333333333]",0.0,4.0,0.525348981221517,0.0,[56],82.0,1.0,0.0,"[0.0, 0.0]",0.0,0.525348981221517,0.0001,0.0,0.0,"[0.0, 0.0]",0.1,0.0,"[0.0, 0.0]",0.0,valid
0.5736704446381866,"[0.7345248474280732, 0.4128160418482999]",0.0,4.0,0.5612773947093798,0.0,[56],83.0,1.0,0.0007412898443291311,"[0.0, 0.0014825796886582623]",0.0,0.5612773947093798,0.0001,0.0,0.2499999999999999,"[0.0, 0.4999999999999998]",0.1,0.0003711952487008166,"[0.0, 0.0007423904974016332]",0.0,train
0.585,"[0.7566666666666667, 0.41333333333333333]",0.0,4.0,0.5258000493049622,0.0,[56],83.0,1.0,0.0,"[0.0, 0.0]",0.0,0.5258000493049622,0.0001,0.0,0.0,"[0.0, 0.0]",0.1,0.0,"[0.0, 0.0]",0.0,valid
0.5736704446381866,"[0.7345248474280732, 0.4128160418482999]",0.0,4.0,0.5591841910196387,0.0,[56],84.0,1.0,0.0007412898443291311,"[0.0, 0.0014825796886582623]",0.0,0.5591841910196387,0.0001,0.0,0.2499999999999999,"[0.0, 0.4999999999999998]",0.1,0.0003711952487008166,"[0.0, 0.0007423904974016332]",0.0,train
0.585,"[0.7566666666666667, 0.41333333333333333]",0.0,4.0,0.524652361869812,0.0,[56],84.0,1.0,0.0,"[0.0, 0.0]",0.0,0.524652361869812,0.0001,0.0,0.0,"[0.0, 0.0]",0.1,0.0,"[0.0, 0.0]",0.0,valid
0.5738884045335658,"[0.7345248474280732, 0.4132519616390584]",0.0,4.0,0.562761884668599,0.0,[56],85.0,1.0,0.0007418397626112751,"[0.0, 0.0014836795252225502]",0.0,0.562761884668599,0.0001,0.0,0.49999999999999944,"[0.0, 0.9999999999999989]",0.1,0.0003711952487008166,"[0.0, 0.0007423904974016332]",0.0,train
0.585,"[0.7566666666666667, 0.41333333333333333]",0.0,4.0,0.5288555026054382,0.0,[56],85.0,1.0,0.0,"[0.0, 0.0]",0.0,0.5288555026054382,0.0001,0.0,0.0,"[0.0, 0.0]",0.1,0.0,"[0.0, 0.0]",0.0,valid
0.5736704446381866,"[0.7345248474280732, 0.4128160418482999]",0.0,4.0,0.5632657952930616,0.0,[56],86.0,1.0,0.001480384900074016,"[0.0, 0.002960769800148032]",0.0,0.5632657952930616,0.0001,0.0,0.24999999999999994,"[0.0, 0.4999999999999999]",0.1,0.0007423904974016332,"[0.0, 0.0014847809948032665]",0.0,train
0.585,"[0.7566666666666667, 0.41333333333333333]",0.0,4.0,0.5234336256980896,0.0,[56],86.0,1.0,0.0,"[0.0, 0.0]",0.0,0.5234336256980896,0.0001,0.0,0.0,"[0.0, 0.0]",0.1,0.0,"[0.0, 0.0]",0.0,valid
0.5738884045335658,"[0.7345248474280732, 0.4132519616390584]",0.0,4.0,0.5655056937881138,0.0,[56],87.0,1.0,0.001481481481481479,"[0.0, 0.002962962962962958]",0.0,0.5655056937881138,0.0001,0.0,0.33333333333333326,"[0.0, 0.6666666666666665]",0.1,0.0007423904974016332,"[0.0, 0.0014847809948032665]",0.0,train
0.585,"[0.7566666666666667, 0.41333333333333333]",0.0,4.0,0.5288646419843038,0.0,[56],87.0,1.0,0.0,"[0.0, 0.0]",0.0,0.5288646419843038,0.0001,0.0,0.0,"[0.0, 0.0]",0.1,0.0,"[0.0, 0.0]",0.0,valid
0.5736704446381866,"[0.7345248474280732, 0.4128160418482999]",0.0,4.0,0.5586819052696228,0.0,[56],88.0,1.0,0.001480384900074016,"[0.0, 0.002960769800148032]",0.0,0.5586819052696228,0.0001,0.0,0.24999999999999994,"[0.0, 0.4999999999999999]",0.1,0.0007423904974016332,"[0.0, 0.0014847809948032665]",0.0,train
0.585,"[0.7566666666666667, 0.41333333333333333]",0.0,4.0,0.5263262391090393,0.0,[56],88.0,1.0,0.0,"[0.0, 0.0]",0.0,0.5263262391090393,0.0001,0.0,0.0,"[0.0, 0.0]",0.1,0.0,"[0.0, 0.0]",0.0,valid
0.574106364428945,"[0.7345248474280732, 0.41368788142981694]",0.0,4.0,0.5597307578377102,0.0,[56],89.0,1.0,0.0014825796886582636,"[0.0, 0.002965159377316527]",0.0,0.5597307578377102,0.0001,0.0,0.4999999999999998,"[0.0, 0.9999999999999996]",0.1,0.0007423904974016332,"[0.0, 0.0014847809948032665]",0.0,train
0.585,"[0.7566666666666667, 0.41333333333333333]",0.0,4.0,0.5302639603614807,0.0,[56],89.0,1.0,0.0,"[0.0, 0.0]",0.0,0.5302639603614807,0.0001,0.0,0.0,"[0.0, 0.0]",0.1,0.0,"[0.0, 0.0]",0.0,valid
0.5743243243243243,"[0.7345248474280732, 0.4141238012205754]",0.0,4.0,0.5597603917121887,0.0,[56],90.0,1.0,0.0029585798816568008,"[0.0, 0.0059171597633136015]",0.0,0.5597603917121887,0.0001,0.0,0.3999999999999999,"[0.0, 0.7999999999999998]",0.1,0.0014847809948032665,"[0.0, 0.002969561989606533]",0.0,train
0.585,"[0.7566666666666667, 0.41333333333333333]",0.0,4.0,0.5213040312131246,0.0,[56],90.0,1.0,0.0,"[0.0, 0.0]",0.0,0.5213040312131246,0.0001,0.0,0.0,"[0.0, 0.0]",0.1,0.0,"[0.0, 0.0]",0.0,valid
0.574106364428945,"[0.7345248474280732, 0.41368788142981694]",0.0,4.0,0.5671906238016875,0.0,[56],91.0,1.0,0.002956393200295635,"[0.0, 0.00591278640059127]",0.0,0.5671906238016875,0.0001,0.0,0.33333333333333326,"[0.0, 0.6666666666666665]",0.1,0.0014847809948032665,"[0.0, 0.002969561989606533]",0.0,train
0.585,"[0.7566666666666667, 0.41333333333333333]",0.0,4.0,0.528574009736379,0.0,[56],91.0,1.0,0.0,"[0.0, 0.0]",0.0,0.528574009736379,0.0001,0.0,0.0,"[0.0, 0.0]",0.1,0.0,"[0.0, 0.0]",0.0,valid
0.5736704446381866,"[0.7345248474280732, 0.4128160418482999]",0.0,4.0,0.5627221076384835,0.0,[56],92.0,1.0,0.001480384900074016,"[0.0, 0.002960769800148032]",0.0,0.5627221076384835,0.0001,0.0,0.24999999999999994,"[0.0, 0.4999999999999999]",0.1,0.0007423904974016332,"[0.0, 0.0014847809948032665]",0.0,train
0.585,"[0.7566666666666667, 0.41333333333333333]",0.0,4.0,0.5282630324363708,0.0,[56],92.0,1.0,0.0,"[0.0, 0.0]",0.0,0.5282630324363708,0.0001,0.0,0.0,"[0.0, 0.0]",0.1,0.0,"[0.0, 0.0]",0.0,valid
0.5736704446381866,"[0.7345248474280732, 0.4128160418482999]",0.0,4.0,0.5607955740845721,0.0,[56],93.0,1.0,0.0,"[0.0, 0.0]",0.0,0.5607955740845721,0.0001,0.0,0.0,"[0.0, 0.0]",0.1,0.0,"[0.0, 0.0]",0.0,train
0.585,"[0.7566666666666667, 0.41333333333333333]",0.0,4.0,0.5275446573893229,0.0,[56],93.0,1.0,0.0,"[0.0, 0.0]",0.0,0.5275446573893229,0.0001,0.0,0.0,"[0.0, 0.0]",0.1,0.0,"[0.0, 0.0]",0.0,valid
0.5738884045335658,"[0.7345248474280732, 0.4132519616390584]",0.0,4.0,0.5615336558093196,0.0,[56],94.0,1.0,0.0007418397626112751,"[0.0, 0.0014836795252225502]",0.0,0.5615336558093196,0.0001,0.0,0.49999999999999944,"[0.0, 0.9999999999999989]",0.1,0.0003711952487008166,"[0.0, 0.0007423904974016332]",0.0,train
0.585,"[0.7566666666666667, 0.41333333333333333]",0.0,4.0,0.5250186522801717,0.0,[56],94.0,1.0,0.0,"[0.0, 0.0]",0.0,0.5250186522801717,0.0001,0.0,0.0,"[0.0, 0.0]",0.1,0.0,"[0.0, 0.0]",0.0,valid
0.5734524847428073,"[0.7345248474280732, 0.41238012205754143]",0.0,4.0,0.5626215960668481,0.0,[56],95.0,1.0,0.0007407407407407384,"[0.0, 0.0014814814814814769]",0.0,0.5626215960668481,0.0001,0.0,0.16666666666666663,"[0.0, 0.33333333333333326]",0.1,0.0003711952487008166,"[0.0, 0.0007423904974016332]",0.0,train
0.585,"[0.7566666666666667, 0.41333333333333333]",0.0,4.0,0.5258679787317911,0.0,[56],95.0,1.0,0.0,"[0.0, 0.0]",0.0,0.5258679787317911,0.0001,0.0,0.0,"[0.0, 0.0]",0.1,0.0,"[0.0, 0.0]",0.0,valid
0.5732345248474281,"[0.7345248474280732, 0.4119442022667829]",0.0,4.0,0.5642732226330301,0.0,[56],96.0,1.0,0.0,"[0.0, 0.0]",0.0,0.5642732226330301,0.0001,0.0,0.0,"[0.0, 0.0]",0.1,0.0,"[0.0, 0.0]",0.0,train
0.585,"[0.7566666666666667, 0.41333333333333333]",0.0,4.0,0.5271086593468984,0.0,[56],96.0,1.0,0.0,"[0.0, 0.0]",0.0,0.5271086593468984,0.0001,0.0,0.0,"[0.0, 0.0]",0.1,0.0,"[0.0, 0.0]",0.0,valid
0.5738884045335658,"[0.7345248474280732, 0.4132519616390584]",0.0,4.0,0.5624556049056675,0.0,[56],97.0,1.0,0.001481481481481479,"[0.0, 0.002962962962962958]",0.0,0.5624556049056675,0.0001,0.0,0.33333333333333326,"[0.0, 0.6666666666666665]",0.1,0.0007423904974016332,"[0.0, 0.0014847809948032665]",0.0,train
0.585,"[0.7566666666666667, 0.41333333333333333]",0.0,4.0,0.5267478227615356,0.0,[56],97.0,1.0,0.0,"[0.0, 0.0]",0.0,0.5267478227615356,0.0001,0.0,0.0,"[0.0, 0.0]",0.1,0.0,"[0.0, 0.0]",0.0,valid
0.5743243243243243,"[0.7345248474280732, 0.4141238012205754]",0.0,4.0,0.5598849498707316,0.0,[56],98.0,1.0,0.002222222222222219,"[0.0, 0.004444444444444438]",0.0,0.5598849498707316,0.0001,0.0,0.49999999999999983,"[0.0, 0.9999999999999997]",0.1,0.0011135857461024498,"[0.0, 0.0022271714922048997]",0.0,train
0.585,"[0.7566666666666667, 0.41333333333333333]",0.0,4.0,0.5242713888486227,0.0,[56],98.0,1.0,0.0,"[0.0, 0.0]",0.0,0.5242713888486227,0.0001,0.0,0.0,"[0.0, 0.0]",0.1,0.0,"[0.0, 0.0]",0.0,valid
0.5743243243243243,"[0.7345248474280732, 0.4141238012205754]",0.0,4.0,0.5598842449810194,0.0,[56],99.0,1.0,0.002222222222222219,"[0.0, 0.004444444444444438]",0.0,0.5598842449810194,0.0001,0.0,0.49999999999999983,"[0.0, 0.9999999999999997]",0.1,0.0011135857461024498,"[0.0, 0.0022271714922048997]",0.0,train
0.585,"[0.7566666666666667, 0.41333333333333333]",0.0,4.0,0.5253989895184835,0.0,[56],99.0,1.0,0.0,"[0.0, 0.0]",0.0,0.5253989895184835,0.0001,0.0,0.0,"[0.0, 0.0]",0.1,0.0,"[0.0, 0.0]",0.0,valid
0.5736704446381866,"[0.7345248474280732, 0.4128160418482999]",0.0,4.0,0.5584351990533911,0.0,[56],100.0,1.0,0.0007412898443291311,"[0.0, 0.0014825796886582623]",0.0,0.5584351990533911,0.0001,0.0,0.2499999999999999,"[0.0, 0.4999999999999998]",0.1,0.0003711952487008166,"[0.0, 0.0007423904974016332]",0.0,train
0.585,"[0.7566666666666667, 0.41333333333333333]",0.0,4.0,0.5274611711502075,0.0,[56],100.0,1.0,0.0,"[0.0, 0.0]",0.0,0.5274611711502075,0.0001,0.0,0.0,"[0.0, 0.0]",0.1,0.0,"[0.0, 0.0]",0.0,valid
0.5732345248474281,"[0.7345248474280732, 0.4119442022667829]",0.0,4.0,0.5613618078439132,0.0,[56],101.0,1.0,0.0,"[0.0, 0.0]",0.0,0.5613618078439132,0.0001,0.0,0.0,"[0.0, 0.0]",0.1,0.0,"[0.0, 0.0]",0.0,train
0.585,"[0.7566666666666667, 0.41333333333333333]",0.0,4.0,0.5268348058064779,0.0,[56],101.0,1.0,0.0,"[0.0, 0.0]",0.0,0.5268348058064779,0.0001,0.0,0.0,"[0.0, 0.0]",0.1,0.0,"[0.0, 0.0]",0.0,valid
0.5738884045335658,"[0.7345248474280732, 0.4132519616390584]",0.0,4.0,0.5607791154280953,0.0,[56],102.0,1.0,0.001481481481481479,"[0.0, 0.002962962962962958]",0.0,0.5607791154280953,0.0001,0.0,0.33333333333333326,"[0.0, 0.6666666666666665]",0.1,0.0007423904974016332,"[0.0, 0.0014847809948032665]",0.0,train
0.585,"[0.7566666666666667, 0.41333333333333333]",0.0,4.0,0.526972492535909,0.0,[56],102.0,1.0,0.0,"[0.0, 0.0]",0.0,0.526972492535909,0.0001,0.0,0.0,"[0.0, 0.0]",0.1,0.0,"[0.0, 0.0]",0.0,valid
0.5732345248474281,"[0.7345248474280732, 0.4119442022667829]",0.0,4.0,0.563032469023829,0.0,[56],103.0,1.0,0.0,"[0.0, 0.0]",0.0,0.563032469023829,0.0001,0.0,0.0,"[0.0, 0.0]",0.1,0.0,"[0.0, 0.0]",0.0,train
0.585,"[0.7566666666666667, 0.41333333333333333]",0.0,4.0,0.5239885747432709,0.0,[56],103.0,1.0,0.0,"[0.0, 0.0]",0.0,0.5239885747432709,0.0001,0.0,0.0,"[0.0, 0.0]",0.1,0.0,"[0.0, 0.0]",0.0,valid
0.5738884045335658,"[0.7345248474280732, 0.4132519616390584]",0.0,4.0,0.5610185706097147,0.0,[56],104.0,1.0,0.0029542097488921663,"[0.0, 0.005908419497784333]",0.0,0.5610185706097147,0.0001,0.0,0.2857142857142857,"[0.0, 0.5714285714285714]",0.1,0.0014847809948032665,"[0.0, 0.002969561989606533]",0.0,train
0.585,"[0.7566666666666667, 0.41333333333333333]",0.0,4.0,0.5261333584785461,0.0,[56],104.0,1.0,0.0,"[0.0, 0.0]",0.0,0.5261333584785461,0.0001,0.0,0.0,"[0.0, 0.0]",0.1,0.0,"[0.0, 0.0]",0.0,valid
0.5738884045335658,"[0.7345248474280732, 0.4132519616390584]",0.0,4.0,0.5599294434423032,0.0,[56],105.0,1.0,0.001481481481481479,"[0.0, 0.002962962962962958]",0.0,0.5599294434423032,0.0001,0.0,0.33333333333333326,"[0.0, 0.6666666666666665]",0.1,0.0007423904974016332,"[0.0, 0.0014847809948032665]",0.0,train
0.585,"[0.7566666666666667, 0.41333333333333333]",0.0,4.0,0.5267358918984731,0.0,[56],105.0,1.0,0.0,"[0.0, 0.0]",0.0,0.5267358918984731,0.0001,0.0,0.0,"[0.0, 0.0]",0.1,0.0,"[0.0, 0.0]",0.0,valid
0.5738884045335658,"[0.7345248474280732, 0.4132519616390584]",0.0,4.0,0.560536713703819,0.0,[56],106.0,1.0,0.0022189349112425997,"[0.0, 0.004437869822485199]",0.0,0.560536713703819,0.0001,0.0,0.29999999999999993,"[0.0, 0.5999999999999999]",0.1,0.0011135857461024498,"[0.0, 0.0022271714922048997]",0.0,train
0.585,"[0.7566666666666667, 0.41333333333333333]",0.0,4.0,0.5274320840835571,0.0,[56],106.0,1.0,0.0,"[0.0, 0.0]",0.0,0.5274320840835571,0.0001,0.0,0.0,"[0.0, 0.0]",0.1,0.0,"[0.0, 0.0]",0.0,valid
0.5743243243243243,"[0.7345248474280732, 0.4141238012205754]",0.0,4.0,0.5590427440145741,0.0,[56],107.0,1.0,0.003692762186115209,"[0.0, 0.007385524372230418]",0.0,0.5590427440145741,0.0001,0.0,0.3571428571428571,"[0.0, 0.7142857142857142]",0.1,0.001855976243504083,"[0.0, 0.003711952487008166]",0.0,train
0.585,"[0.7566666666666667, 0.41333333333333333]",0.0,4.0,0.5253551999727885,0.0,[56],107.0,1.0,0.0,"[0.0, 0.0]",0.0,0.5253551999727885,0.0001,0.0,0.0,"[0.0, 0.0]",0.1,0.0,"[0.0, 0.0]",0.0,valid
0.5736704446381866,"[0.7345248474280732, 0.4128160418482999]",0.0,4.0,0.5609242967937303,0.0,[56],108.0,1.0,0.001480384900074016,"[0.0, 0.002960769800148032]",0.0,0.5609242967937303,0.0001,0.0,0.24999999999999994,"[0.0, 0.4999999999999999]",0.1,0.0007423904974016332,"[0.0, 0.0014847809948032665]",0.0,train
0.585,"[0.7566666666666667, 0.41333333333333333]",0.0,4.0,0.5272772709528605,0.0,[56],108.0,1.0,0.0,"[0.0, 0.0]",0.0,0.5272772709528605,0.0001,0.0,0.0,"[0.0, 0.0]",0.1,0.0,"[0.0, 0.0]",0.0,valid
0.5743243243243243,"[0.7345248474280732, 0.4141238012205754]",0.0,4.0,0.5568606076033219,0.0,[56],109.0,1.0,0.002222222222222219,"[0.0, 0.004444444444444438]",0.0,0.5568606076033219,0.0001,0.0,0.49999999999999983,"[0.0, 0.9999999999999997]",0.1,0.0011135857461024498,"[0.0, 0.0022271714922048997]",0.0,train
0.585,"[0.7566666666666667, 0.41333333333333333]",0.0,4.0,0.5213178396224976,0.0,[56],109.0,1.0,0.0,"[0.0, 0.0]",0.0,0.5213178396224976,0.0001,0.0,0.0,"[0.0, 0.0]",0.1,0.0,"[0.0, 0.0]",0.0,valid
0.5745422842197035,"[0.7345248474280732, 0.4145597210113339]",0.0,4.0,0.5612790636394335,0.0,[56],110.0,1.0,0.0029607698001480344,"[0.0, 0.005921539600296069]",0.0,0.5612790636394335,0.0001,0.0,0.4999999999999999,"[0.0, 0.9999999999999998]",0.1,0.0014847809948032665,"[0.0, 0.002969561989606533]",0.0,train
0.585,"[0.7566666666666667, 0.41333333333333333]",0.0,4.0,0.5310867230097452,0.0,[56],110.0,1.0,0.0,"[0.0, 0.0]",0.0,0.5310867230097452,0.0001,0.0,0.0,"[0.0, 0.0]",0.1,0.0,"[0.0, 0.0]",0.0,valid
0.5738884045335658,"[0.7345248474280732, 0.4132519616390584]",0.0,4.0,0.5610097776288572,0.0,[56],111.0,1.0,0.0007418397626112751,"[0.0, 0.0014836795252225502]",0.0,0.5610097776288572,0.0001,0.0,0.49999999999999944,"[0.0, 0.9999999999999989]",0.1,0.0003711952487008166,"[0.0, 0.0007423904974016332]",0.0,train
0.585,"[0.7566666666666667, 0.41333333333333333]",0.0,4.0,0.5250267585118612,0.0,[56],111.0,1.0,0.0,"[0.0, 0.0]",0.0,0.5250267585118612,0.0001,0.0,0.0,"[0.0, 0.0]",0.1,0.0,"[0.0, 0.0]",0.0,valid
0.574106364428945,"[0.7345248474280732, 0.41368788142981694]",0.0,4.0,0.5603931986767313,0.0,[56],112.0,1.0,0.0014825796886582636,"[0.0, 0.002965159377316527]",0.0,0.5603931986767313,0.0001,0.0,0.4999999999999998,"[0.0, 0.9999999999999996]",0.1,0.0007423904974016332,"[0.0, 0.0014847809948032665]",0.0,train
0.585,"[0.7566666666666667, 0.41333333333333333]",0.0,4.0,0.5252216855684916,0.0,[56],112.0,1.0,0.0,"[0.0, 0.0]",0.0,0.5252216855684916,0.0001,0.0,0.0,"[0.0, 0.0]",0.1,0.0,"[0.0, 0.0]",0.0,valid
0.5736704446381866,"[0.7345248474280732, 0.4128160418482999]",0.0,4.0,0.5581214764843816,0.0,[56],113.0,1.0,0.0007412898443291311,"[0.0, 0.0014825796886582623]",0.0,0.5581214764843816,0.0001,0.0,0.2499999999999999,"[0.0, 0.4999999999999998]",0.1,0.0003711952487008166,"[0.0, 0.0007423904974016332]",0.0,train
0.585,"[0.7566666666666667, 0.41333333333333333]",0.0,4.0,0.5246537129084269,0.0,[56],113.0,1.0,0.0,"[0.0, 0.0]",0.0,0.5246537129084269,0.0001,0.0,0.0,"[0.0, 0.0]",0.1,0.0,"[0.0, 0.0]",0.0,valid
0.5743243243243243,"[0.7345248474280732, 0.4141238012205754]",0.0,4.0,0.5573885466741479,0.0,[56],114.0,1.0,0.002222222222222219,"[0.0, 0.004444444444444438]",0.0,0.5573885466741479,0.0001,0.0,0.49999999999999983,"[0.0, 0.9999999999999997]",0.1,0.0011135857461024498,"[0.0, 0.0022271714922048997]",0.0,train
0.585,"[0.7566666666666667, 0.41333333333333333]",0.0,4.0,0.5239745676517487,0.0,[56],114.0,1.0,0.0,"[0.0, 0.0]",0.0,0.5239745676517487,0.0001,0.0,0.0,"[0.0, 0.0]",0.1,0.0,"[0.0, 0.0]",0.0,valid
0.5738884045335658,"[0.7345248474280732, 0.4132519616390584]",0.0,4.0,0.5602914639141249,0.0,[56],115.0,1.0,0.0007418397626112751,"[0.0, 0.0014836795252225502]",0.0,0.5602914639141249,0.0001,0.0,0.49999999999999944,"[0.0, 0.9999999999999989]",0.1,0.0003711952487008166,"[0.0, 0.0007423904974016332]",0.0,train
0.585,"[0.7566666666666667, 0.41333333333333333]",0.0,4.0,0.5236820181210836,0.0,[56],115.0,1.0,0.0,"[0.0, 0.0]",0.0,0.5236820181210836,0.0001,0.0,0.0,"[0.0, 0.0]",0.1,0.0,"[0.0, 0.0]",0.0,valid
0.5743243243243243,"[0.7345248474280732, 0.4141238012205754]",0.0,4.0,0.5628715986790864,0.0,[56],116.0,1.0,0.002222222222222219,"[0.0, 0.004444444444444438]",0.0,0.5628715986790864,0.0001,0.0,0.49999999999999983,"[0.0, 0.9999999999999997]",0.1,0.0011135857461024498,"[0.0, 0.0022271714922048997]",0.0,train
0.585,"[0.7566666666666667, 0.41333333333333333]",0.0,4.0,0.5219431221485138,0.0,[56],116.0,1.0,0.0,"[0.0, 0.0]",0.0,0.5219431221485138,0.0001,0.0,0.0,"[0.0, 0.0]",0.1,0.0,"[0.0, 0.0]",0.0,valid
0.574106364428945,"[0.7345248474280732, 0.41368788142981694]",0.0,4.0,0.5591882907825968,0.0,[56],117.0,1.0,0.0022205773501110257,"[0.0, 0.0044411547002220515]",0.0,0.5591882907825968,0.0001,0.0,0.37499999999999994,"[0.0, 0.7499999999999999]",0.1,0.0011135857461024498,"[0.0, 0.0022271714922048997]",0.0,train
0.585,"[0.7566666666666667, 0.41333333333333333]",0.0,4.0,0.5266078511873881,0.0,[56],117.0,1.0,0.0,"[0.0, 0.0]",0.0,0.5266078511873881,0.0001,0.0,0.0,"[0.0, 0.0]",0.1,0.0,"[0.0, 0.0]",0.0,valid
0.5745422842197035,"[0.7345248474280732, 0.4145597210113339]",0.0,4.0,0.5560075251952462,0.0,[56],118.0,1.0,0.0029607698001480344,"[0.0, 0.005921539600296069]",0.0,0.5560075251952462,0.0001,0.0,0.4999999999999999,"[0.0, 0.9999999999999998]",0.1,0.0014847809948032665,"[0.0, 0.002969561989606533]",0.0,train
0.585,"[0.7566666666666667, 0.41333333333333333]",0.0,4.0,0.5250938932100931,0.0,[56],118.0,1.0,0.0,"[0.0, 0.0]",0.0,0.5250938932100931,0.0001,0.0,0.0,"[0.0, 0.0]",0.1,0.0,"[0.0, 0.0]",0.0,valid
0.5734524847428073,"[0.7345248474280732, 0.41238012205754143]",0.0,4.0,0.5576171978660251,0.0,[56],119.0,1.0,0.0,"[0.0, 0.0]",0.0,0.5576171978660251,0.0001,0.0,0.0,"[0.0, 0.0]",0.1,0.0,"[0.0, 0.0]",0.0,train
0.585,"[0.7566666666666667, 0.41333333333333333]",0.0,4.0,0.5276219050089518,0.0,[56],119.0,1.0,0.0,"[0.0, 0.0]",0.0,0.5276219050089518,0.0001,0.0,0.0,"[0.0, 0.0]",0.1,0.0,"[0.0, 0.0]",0.0,valid
0.574106364428945,"[0.7345248474280732, 0.41368788142981694]",0.0,4.0,0.5590379393619039,0.0,[56],120.0,1.0,0.0022205773501110257,"[0.0, 0.0044411547002220515]",0.0,0.5590379393619039,0.0001,0.0,0.37499999999999994,"[0.0, 0.7499999999999999]",0.1,0.0011135857461024498,"[0.0, 0.0022271714922048997]",0.0,train
0.585,"[0.7566666666666667, 0.41333333333333333]",0.0,4.0,0.5216296712557474,0.0,[56],120.0,1.0,0.0,"[0.0, 0.0]",0.0,0.5216296712557474,0.0001,0.0,0.0,"[0.0, 0.0]",0.1,0.0,"[0.0, 0.0]",0.0,valid
0.5734524847428073,"[0.7345248474280732, 0.41238012205754143]",0.0,4.0,0.5584664370702661,0.0,[56],121.0,1.0,0.0007407407407407384,"[0.0, 0.0014814814814814769]",0.0,0.5584664370702661,0.0001,0.0,0.16666666666666663,"[0.0, 0.33333333333333326]",0.1,0.0003711952487008166,"[0.0, 0.0007423904974016332]",0.0,train
0.585,"[0.7566666666666667, 0.41333333333333333]",0.0,4.0,0.527359127998352,0.0,[56],121.0,1.0,0.0,"[0.0, 0.0]",0.0,0.527359127998352,0.0001,0.0,0.0,"[0.0, 0.0]",0.1,0.0,"[0.0, 0.0]",0.0,valid
0.5749782040104621,"[0.7345248474280732, 0.4154315605928509]",0.0,4.0,0.5583006765531457,0.0,[56],122.0,1.0,0.004434589800443454,"[0.0, 0.008869179600886908]",0.0,0.5583006765531457,0.0001,0.0,0.49999999999999994,"[0.0, 0.9999999999999999]",0.1,0.0022271714922048997,"[0.0, 0.004454342984409799]",0.0,train
0.585,"[0.7566666666666667, 0.41333333333333333]",0.0,4.0,0.5246341029802958,0.0,[56],122.0,1.0,0.0,"[0.0, 0.0]",0.0,0.5246341029802958,0.0001,0.0,0.0,"[0.0, 0.0]",0.1,0.0,"[0.0, 0.0]",0.0,valid
0.5738884045335658,"[0.7345248474280732, 0.4132519616390584]",0.0,4.0,0.5579279350197833,0.0,[56],123.0,1.0,0.0007418397626112751,"[0.0, 0.0014836795252225502]",0.0,0.5579279350197833,0.0001,0.0,0.49999999999999944,"[0.0, 0.9999999999999989]",0.1,0.0003711952487008166,"[0.0, 0.0007423904974016332]",0.0,train
0.585,"[0.7566666666666667, 0.41333333333333333]",0.0,4.0,0.5237184365590414,0.0,[56],123.0,1.0,0.0,"[0.0, 0.0]",0.0,0.5237184365590414,0.0001,0.0,0.0,"[0.0, 0.0]",0.1,0.0,"[0.0, 0.0]",0.0,valid
0.574106364428945,"[0.7345248474280732, 0.41368788142981694]",0.0,4.0,0.5585472894751508,0.0,[56],124.0,1.0,0.0022205773501110257,"[0.0, 0.0044411547002220515]",0.0,0.5585472894751508,0.0001,0.0,0.37499999999999994,"[0.0, 0.7499999999999999]",0.1,0.0011135857461024498,"[0.0, 0.0022271714922048997]",0.0,train
0.585,"[0.7566666666666667, 0.41333333333333333]",0.0,4.0,0.5227493345737457,0.0,[56],124.0,1.0,0.0,"[0.0, 0.0]",0.0,0.5227493345737457,0.0001,0.0,0.0,"[0.0, 0.0]",0.1,0.0,"[0.0, 0.0]",0.0,valid
0.5736704446381866,"[0.7345248474280732, 0.4128160418482999]",0.0,4.0,0.557556284510571,0.0,[56],125.0,1.0,0.001480384900074016,"[0.0, 0.002960769800148032]",0.0,0.557556284510571,0.0001,0.0,0.24999999999999994,"[0.0, 0.4999999999999999]",0.1,0.0007423904974016332,"[0.0, 0.0014847809948032665]",0.0,train
0.585,"[0.7566666666666667, 0.41333333333333333]",0.0,4.0,0.5243203639984131,0.0,[56],125.0,1.0,0.0,"[0.0, 0.0]",0.0,0.5243203639984131,0.0001,0.0,0.0,"[0.0, 0.0]",0.1,0.0,"[0.0, 0.0]",0.0,valid
0.5736704446381866,"[0.7345248474280732, 0.4128160418482999]",0.0,4.0,0.5597422174785448,0.0,[56],126.0,1.0,0.0007412898443291311,"[0.0, 0.0014825796886582623]",0.0,0.5597422174785448,0.0001,0.0,0.2499999999999999,"[0.0, 0.4999999999999998]",0.1,0.0003711952487008166,"[0.0, 0.0007423904974016332]",0.0,train
0.585,"[0.7566666666666667, 0.41333333333333333]",0.0,4.0,0.5255397955576578,0.0,[56],126.0,1.0,0.0,"[0.0, 0.0]",0.0,0.5255397955576578,0.0001,0.0,0.0,"[0.0, 0.0]",0.1,0.0,"[0.0, 0.0]",0.0,valid
0.5738884045335658,"[0.7345248474280732, 0.4132519616390584]",0.0,4.0,0.5587677437326183,0.0,[56],127.0,1.0,0.0022189349112425997,"[0.0, 0.004437869822485199]",0.0,0.5587677437326183,0.0001,0.0,0.29999999999999993,"[0.0, 0.5999999999999999]",0.1,0.0011135857461024498,"[0.0, 0.0022271714922048997]",0.0,train
0.585,"[0.7566666666666667, 0.41333333333333333]",0.0,4.0,0.526593029499054,0.0,[56],127.0,1.0,0.0,"[0.0, 0.0]",0.0,0.526593029499054,0.0001,0.0,0.0,"[0.0, 0.0]",0.1,0.0,"[0.0, 0.0]",0.0,valid
0.5743243243243243,"[0.7345248474280732, 0.4141238012205754]",0.0,4.0,0.5595849493275518,0.0,[56],128.0,1.0,0.0029585798816568008,"[0.0, 0.0059171597633136015]",0.0,0.5595849493275518,0.0001,0.0,0.3999999999999999,"[0.0, 0.7999999999999998]",0.1,0.0014847809948032665,"[0.0, 0.002969561989606533]",0.0,train
0.585,"[0.7566666666666667, 0.41333333333333333]",0.0,4.0,0.5232800841331482,0.0,[56],128.0,1.0,0.0,"[0.0, 0.0]",0.0,0.5232800841331482,0.0001,0.0,0.0,"[0.0, 0.0]",0.1,0.0,"[0.0, 0.0]",0.0,valid
0.5743243243243243,"[0.7345248474280732, 0.4141238012205754]",0.0,4.0,0.5600901401561239,0.0,[56],129.0,1.0,0.0029585798816568008,"[0.0, 0.0059171597633136015]",0.0,0.5600901401561239,0.0001,0.0,0.3999999999999999,"[0.0, 0.7999999999999998]",0.1,0.0014847809948032665,"[0.0, 0.002969561989606533]",0.0,train
0.585,"[0.7566666666666667, 0.41333333333333333]",0.0,4.0,0.5230332911014557,0.0,[56],129.0,1.0,0.0,"[0.0, 0.0]",0.0,0.5230332911014557,0.0001,0.0,0.0,"[0.0, 0.0]",0.1,0.0,"[0.0, 0.0]",0.0,valid
0.574106364428945,"[0.7345248474280732, 0.41368788142981694]",0.0,4.0,0.5584553480148315,0.0,[56],130.0,1.0,0.0022205773501110257,"[0.0, 0.0044411547002220515]",0.0,0.5584553480148315,0.0001,0.0,0.37499999999999994,"[0.0, 0.7499999999999999]",0.1,0.0011135857461024498,"[0.0, 0.0022271714922048997]",0.0,train
0.585,"[0.7566666666666667, 0.41333333333333333]",0.0,4.0,0.5223679939905802,0.0,[56],130.0,1.0,0.0,"[0.0, 0.0]",0.0,0.5223679939905802,0.0001,0.0,0.0,"[0.0, 0.0]",0.1,0.0,"[0.0, 0.0]",0.0,valid
0.574106364428945,"[0.7345248474280732, 0.41368788142981694]",0.0,4.0,0.5561687376188196,0.0,[56],131.0,1.0,0.0014825796886582636,"[0.0, 0.002965159377316527]",0.0,0.5561687376188196,0.0001,0.0,0.4999999999999998,"[0.0, 0.9999999999999996]",0.1,0.0007423904974016332,"[0.0, 0.0014847809948032665]",0.0,train
0.585,"[0.7566666666666667, 0.41333333333333333]",0.0,4.0,0.5265792806943258,0.0,[56],131.0,1.0,0.0,"[0.0, 0.0]",0.0,0.5265792806943258,0.0001,0.0,0.0,"[0.0, 0.0]",0.1,0.0,"[0.0, 0.0]",0.0,valid
0.5736704446381866,"[0.7345248474280732, 0.4128160418482999]",0.0,4.0,0.5576523386913798,0.0,[56],132.0,1.0,0.0007412898443291311,"[0.0, 0.0014825796886582623]",0.0,0.5576523386913798,0.0001,0.0,0.2499999999999999,"[0.0, 0.4999999999999998]",0.1,0.0003711952487008166,"[0.0, 0.0007423904974016332]",0.0,train
0.585,"[0.7566666666666667, 0.41333333333333333]",0.0,4.0,0.5230874617894491,0.0,[56],132.0,1.0,0.0,"[0.0, 0.0]",0.0,0.5230874617894491,0.0001,0.0,0.0,"[0.0, 0.0]",0.1,0.0,"[0.0, 0.0]",0.0,valid
0.5732345248474281,"[0.7345248474280732, 0.4119442022667829]",0.0,4.0,0.5588978814042133,0.0,[56],133.0,1.0,0.0,"[0.0, 0.0]",0.0,0.5588978814042133,0.0001,0.0,0.0,"[0.0, 0.0]",0.1,0.0,"[0.0, 0.0]",0.0,train
0.585,"[0.7566666666666667, 0.41333333333333333]",0.0,4.0,0.5274274945259094,0.0,[56],133.0,1.0,0.0,"[0.0, 0.0]",0.0,0.5274274945259094,0.0001,0.0,0.0,"[0.0, 0.0]",0.1,0.0,"[0.0, 0.0]",0.0,valid
0.5734524847428073,"[0.7345248474280732, 0.41238012205754143]",0.0,4.0,0.5545097459917483,0.0,[56],134.0,1.0,0.0007407407407407384,"[0.0, 0.0014814814814814769]",0.0,0.5545097459917483,0.0001,0.0,0.16666666666666663,"[0.0, 0.33333333333333326]",0.1,0.0003711952487008166,"[0.0, 0.0007423904974016332]",0.0,train
0.585,"[0.7566666666666667, 0.41333333333333333]",0.0,4.0,0.5254090627034506,0.0,[56],134.0,1.0,0.0,"[0.0, 0.0]",0.0,0.5254090627034506,0.0001,0.0,0.0,"[0.0, 0.0]",0.1,0.0,"[0.0, 0.0]",0.0,valid
0.5738884045335658,"[0.7345248474280732, 0.4132519616390584]",0.0,4.0,0.5604490767354551,0.0,[56],135.0,1.0,0.0022189349112425997,"[0.0, 0.004437869822485199]",0.0,0.5604490767354551,0.0001,0.0,0.29999999999999993,"[0.0, 0.5999999999999999]",0.1,0.0011135857461024498,"[0.0, 0.0022271714922048997]",0.0,train
0.585,"[0.7566666666666667, 0.41333333333333333]",0.0,4.0,0.5233298540115356,0.0,[56],135.0,1.0,0.0,"[0.0, 0.0]",0.0,0.5233298540115356,0.0001,0.0,0.0,"[0.0, 0.0]",0.1,0.0,"[0.0, 0.0]",0.0,valid
0.5743243243243243,"[0.7345248474280732, 0.4141238012205754]",0.0,4.0,0.5594684922176859,0.0,[56],136.0,1.0,0.002222222222222219,"[0.0, 0.004444444444444438]",0.0,0.5594684922176859,0.0001,0.0,0.49999999999999983,"[0.0, 0.9999999999999997]",0.1,0.0011135857461024498,"[0.0, 0.0022271714922048997]",0.0,train
0.585,"[0.7566666666666667, 0.41333333333333333]",0.0,4.0,0.5249271591504415,0.0,[56],136.0,1.0,0.0,"[0.0, 0.0]",0.0,0.5249271591504415,0.0001,0.0,0.0,"[0.0, 0.0]",0.1,0.0,"[0.0, 0.0]",0.0,valid
0.5732345248474281,"[0.7345248474280732, 0.4119442022667829]",0.0,4.0,0.5614614279373832,0.0,[56],137.0,1.0,0.0007401924500370066,"[0.0, 0.001480384900074013]",0.0,0.5614614279373832,0.0001,0.0,0.12499999999999997,"[0.0, 0.24999999999999994]",0.1,0.0003711952487008166,"[0.0, 0.0007423904974016332]",0.0,train
0.585,"[0.7566666666666667, 0.41333333333333333]",0.0,4.0,0.5234994888305664,0.0,[56],137.0,1.0,0.0,"[0.0, 0.0]",0.0,0.5234994888305664,0.0001,0.0,0.0,"[0.0, 0.0]",0.1,0.0,"[0.0, 0.0]",0.0,valid
0.5736704446381866,"[0.7345248474280732, 0.4128160418482999]",0.0,4.0,0.5566302641578342,0.0,[56],138.0,1.0,0.001480384900074016,"[0.0, 0.002960769800148032]",0.0,0.5566302641578342,0.0001,0.0,0.24999999999999994,"[0.0, 0.4999999999999999]",0.1,0.0007423904974016332,"[0.0, 0.0014847809948032665]",0.0,train
0.585,"[0.7566666666666667, 0.41333333333333333]",0.0,4.0,0.522379994392395,0.0,[56],138.0,1.0,0.0,"[0.0, 0.0]",0.0,0.522379994392395,0.0001,0.0,0.0,"[0.0, 0.0]",0.1,0.0,"[0.0, 0.0]",0.0,valid
0.574106364428945,"[0.7345248474280732, 0.41368788142981694]",0.0,4.0,0.559557028438734,0.0,[56],139.0,1.0,0.0022205773501110257,"[0.0, 0.0044411547002220515]",0.0,0.559557028438734,0.0001,0.0,0.37499999999999994,"[0.0, 0.7499999999999999]",0.1,0.0011135857461024498,"[0.0, 0.0022271714922048997]",0.0,train
0.585,"[0.7566666666666667, 0.41333333333333333]",0.0,4.0,0.5240440169970194,0.0,[56],139.0,1.0,0.0,"[0.0, 0.0]",0.0,0.5240440169970194,0.0001,0.0,0.0,"[0.0, 0.0]",0.1,0.0,"[0.0, 0.0]",0.0,valid
0.5736704446381866,"[0.7345248474280732, 0.4128160418482999]",0.0,4.0,0.5575904068739518,0.0,[56],140.0,1.0,0.0007412898443291311,"[0.0, 0.0014825796886582623]",0.0,0.5575904068739518,0.0001,0.0,0.2499999999999999,"[0.0, 0.4999999999999998]",0.1,0.0003711952487008166,"[0.0, 0.0007423904974016332]",0.0,train
0.585,"[0.7566666666666667, 0.41333333333333333]",0.0,4.0,0.5232349634170532,0.0,[56],140.0,1.0,0.0,"[0.0, 0.0]",0.0,0.5232349634170532,0.0001,0.0,0.0,"[0.0, 0.0]",0.1,0.0,"[0.0, 0.0]",0.0,valid
0.5738884045335658,"[0.7345248474280732, 0.4132519616390584]",0.0,4.0,0.5587678059287693,0.0,[56],141.0,1.0,0.0022189349112425997,"[0.0, 0.004437869822485199]",0.0,0.5587678059287693,0.0001,0.0,0.29999999999999993,"[0.0, 0.5999999999999999]",0.1,0.0011135857461024498,"[0.0, 0.0022271714922048997]",0.0,train
0.585,"[0.7566666666666667, 0.41333333333333333]",0.0,4.0,0.524296502272288,0.0,[56],141.0,1.0,0.0,"[0.0, 0.0]",0.0,0.524296502272288,0.0001,0.0,0.0,"[0.0, 0.0]",0.1,0.0,"[0.0, 0.0]",0.0,valid
0.5736704446381866,"[0.7345248474280732, 0.4128160418482999]",0.0,4.0,0.5570530269456946,0.0,[56],142.0,1.0,0.0007412898443291311,"[0.0, 0.0014825796886582623]",0.0,0.5570530269456946,0.0001,0.0,0.2499999999999999,"[0.0, 0.4999999999999998]",0.1,0.0003711952487008166,"[0.0, 0.0007423904974016332]",0.0,train
0.585,"[0.7566666666666667, 0.41333333333333333]",0.0,4.0,0.5237494111061096,0.0,[56],142.0,1.0,0.0,"[0.0, 0.0]",0.0,0.5237494111061096,0.0001,0.0,0.0,"[0.0, 0.0]",0.1,0.0,"[0.0, 0.0]",0.0,valid
0.574106364428945,"[0.7345248474280732, 0.41368788142981694]",0.0,4.0,0.5561090474543364,0.0,[56],143.0,1.0,0.002956393200295635,"[0.0, 0.00591278640059127]",0.0,0.5561090474543364,0.0001,0.0,0.33333333333333326,"[0.0, 0.6666666666666665]",0.1,0.0014847809948032665,"[0.0, 0.002969561989606533]",0.0,train
0.585,"[0.7566666666666667, 0.41333333333333333]",0.0,4.0,0.5240869124730428,0.0,[56],143.0,1.0,0.0,"[0.0, 0.0]",0.0,0.5240869124730428,0.0001,0.0,0.0,"[0.0, 0.0]",0.1,0.0,"[0.0, 0.0]",0.0,valid
0.5736704446381866,"[0.7345248474280732, 0.4128160418482999]",0.0,4.0,0.5588255524635315,0.0,[56],144.0,1.0,0.0007412898443291311,"[0.0, 0.0014825796886582623]",0.0,0.5588255524635315,0.0001,0.0,0.2499999999999999,"[0.0, 0.4999999999999998]",0.1,0.0003711952487008166,"[0.0, 0.0007423904974016332]",0.0,train
0.585,"[0.7566666666666667, 0.41333333333333333]",0.0,4.0,0.5249122381210327,0.0,[56],144.0,1.0,0.0,"[0.0, 0.0]",0.0,0.5249122381210327,0.0001,0.0,0.0,"[0.0, 0.0]",0.1,0.0,"[0.0, 0.0]",0.0,valid
0.5736704446381866,"[0.7345248474280732, 0.4128160418482999]",0.0,4.0,0.5577130913734436,0.0,[56],145.0,1.0,0.0022172949002217247,"[0.0, 0.0044345898004434494]",0.0,0.5577130913734436,0.0001,0.0,0.24999999999999997,"[0.0, 0.49999999999999994]",0.1,0.0011135857461024498,"[0.0, 0.0022271714922048997]",0.0,train
0.585,"[0.7566666666666667, 0.41333333333333333]",0.0,4.0,0.5253409743309021,0.0,[56],145.0,1.0,0.0,"[0.0, 0.0]",0.0,0.5253409743309021,0.0001,0.0,0.0,"[0.0, 0.0]",0.1,0.0,"[0.0, 0.0]",0.0,valid
0.574106364428945,"[0.7345248474280732, 0.41368788142981694]",0.0,4.0,0.5551571742348049,0.0,[56],146.0,1.0,0.0014825796886582636,"[0.0, 0.002965159377316527]",0.0,0.5551571742348049,0.0001,0.0,0.4999999999999998,"[0.0, 0.9999999999999996]",0.1,0.0007423904974016332,"[0.0, 0.0014847809948032665]",0.0,train
0.585,"[0.7566666666666667, 0.41333333333333333]",0.0,4.0,0.5275090535481771,0.0,[56],146.0,1.0,0.0,"[0.0, 0.0]",0.0,0.5275090535481771,0.0001,0.0,0.0,"[0.0, 0.0]",0.1,0.0,"[0.0, 0.0]",0.0,valid
0.5732345248474281,"[0.7345248474280732, 0.4119442022667829]",0.0,4.0,0.5590518298356429,0.0,[56],147.0,1.0,0.0,"[0.0, 0.0]",0.0,0.5590518298356429,0.0001,0.0,0.0,"[0.0, 0.0]",0.1,0.0,"[0.0, 0.0]",0.0,train
0.585,"[0.7566666666666667, 0.41333333333333333]",0.0,4.0,0.5261042714118958,0.0,[56],147.0,1.0,0.0,"[0.0, 0.0]",0.0,0.5261042714118958,0.0001,0.0,0.0,"[0.0, 0.0]",0.1,0.0,"[0.0, 0.0]",0.0,valid
0.5738884045335658,"[0.7345248474280732, 0.4132519616390584]",0.0,4.0,0.552113097646962,0.0,[56],148.0,1.0,0.0007418397626112751,"[0.0, 0.0014836795252225502]",0.0,0.552113097646962,0.0001,0.0,0.49999999999999944,"[0.0, 0.9999999999999989]",0.1,0.0003711952487008166,"[0.0, 0.0007423904974016332]",0.0,train
0.585,"[0.7566666666666667, 0.41333333333333333]",0.0,4.0,0.5228079756100973,0.0,[56],148.0,1.0,0.0,"[0.0, 0.0]",0.0,0.5228079756100973,0.0001,0.0,0.0,"[0.0, 0.0]",0.1,0.0,"[0.0, 0.0]",0.0,valid
0.5732345248474281,"[0.7345248474280732, 0.4119442022667829]",0.0,4.0,0.5574412812357363,0.0,[56],149.0,1.0,0.0014781966001478153,"[0.0, 0.0029563932002956306]",0.0,0.5574412812357363,0.0001,0.0,0.16666666666666663,"[0.0, 0.33333333333333326]",0.1,0.0007423904974016332,"[0.0, 0.0014847809948032665]",0.0,train
0.585,"[0.7566666666666667, 0.41333333333333333]",0.0,4.0,0.5242205858230591,0.0,[56],149.0,1.0,0.0,"[0.0, 0.0]",0.0,0.5242205858230591,0.0001,0.0,0.0,"[0.0, 0.0]",0.1,0.0,"[0.0, 0.0]",0.0,valid
0.574106364428945,"[0.7345248474280732, 0.41368788142981694]",0.0,4.0,0.5553260834320731,0.0,[56],150.0,1.0,0.0014825796886582636,"[0.0, 0.002965159377316527]",0.0,0.5553260834320731,0.0001,0.0,0.4999999999999998,"[0.0, 0.9999999999999996]",0.1,0.0007423904974016332,"[0.0, 0.0014847809948032665]",0.0,train
0.585,"[0.7566666666666667, 0.41333333333333333]",0.0,4.0,0.5239657362302145,0.0,[56],150.0,1.0,0.0,"[0.0, 0.0]",0.0,0.5239657362302145,0.0001,0.0,0.0,"[0.0, 0.0]",0.1,0.0,"[0.0, 0.0]",0.0,valid
0.5736704446381866,"[0.7345248474280732, 0.4128160418482999]",0.0,4.0,0.5582890640134397,0.0,[56],151.0,1.0,0.0007412898443291311,"[0.0, 0.0014825796886582623]",0.0,0.5582890640134397,0.0001,0.0,0.2499999999999999,"[0.0, 0.4999999999999998]",0.1,0.0003711952487008166,"[0.0, 0.0007423904974016332]",0.0,train
0.585,"[0.7566666666666667, 0.41333333333333333]",0.0,4.0,0.5243382652600607,0.0,[56],151.0,1.0,0.0,"[0.0, 0.0]",0.0,0.5243382652600607,0.0001,0.0,0.0,"[0.0, 0.0]",0.1,0.0,"[0.0, 0.0]",0.0,valid
0.5736704446381866,"[0.7345248474280732, 0.4128160418482999]",0.0,4.0,0.55688824860946,0.0,[56],152.0,1.0,0.0007412898443291311,"[0.0, 0.0014825796886582623]",0.0,0.55688824860946,0.0001,0.0,0.2499999999999999,"[0.0, 0.4999999999999998]",0.1,0.0003711952487008166,"[0.0, 0.0007423904974016332]",0.0,train
0.585,"[0.7566666666666667, 0.41333333333333333]",0.0,4.0,0.5244327982266744,0.0,[56],152.0,1.0,0.0,"[0.0, 0.0]",0.0,0.5244327982266744,0.0001,0.0,0.0,"[0.0, 0.0]",0.1,0.0,"[0.0, 0.0]",0.0,valid
0.5736704446381866,"[0.7345248474280732, 0.4128160418482999]",0.0,4.0,0.5549529842708422,0.0,[56],153.0,1.0,0.001480384900074016,"[0.0, 0.002960769800148032]",0.0,0.5549529842708422,0.0001,0.0,0.24999999999999994,"[0.0, 0.4999999999999999]",0.1,0.0007423904974016332,"[0.0, 0.0014847809948032665]",0.0,train
0.585,"[0.7566666666666667, 0.41333333333333333]",0.0,4.0,0.521486242612203,0.0,[56],153.0,1.0,0.0,"[0.0, 0.0]",0.0,0.521486242612203,0.0001,0.0,0.0,"[0.0, 0.0]",0.1,0.0,"[0.0, 0.0]",0.0,valid
0.5732345248474281,"[0.7345248474280732, 0.4119442022667829]",0.0,4.0,0.5578867637592814,0.0,[56],154.0,1.0,0.0,"[0.0, 0.0]",0.0,0.5578867637592814,0.0001,0.0,0.0,"[0.0, 0.0]",0.1,0.0,"[0.0, 0.0]",0.0,train
0.585,"[0.7566666666666667, 0.41333333333333333]",0.0,4.0,0.5201286872227987,0.0,[56],154.0,1.0,0.0,"[0.0, 0.0]",0.0,0.5201286872227987,0.0001,0.0,0.0,"[0.0, 0.0]",0.1,0.0,"[0.0, 0.0]",0.0,valid
0.5738884045335658,"[0.7345248474280732, 0.4132519616390584]",0.0,4.0,0.5570570904275646,0.0,[56],155.0,1.0,0.001481481481481479,"[0.0, 0.002962962962962958]",0.0,0.5570570904275646,0.0001,0.0,0.33333333333333326,"[0.0, 0.6666666666666665]",0.1,0.0007423904974016332,"[0.0, 0.0014847809948032665]",0.0,train
0.585,"[0.7566666666666667, 0.41333333333333333]",0.0,4.0,0.5265801747639974,0.0,[56],155.0,1.0,0.0,"[0.0, 0.0]",0.0,0.5265801747639974,0.0001,0.0,0.0,"[0.0, 0.0]",0.1,0.0,"[0.0, 0.0]",0.0,valid
0.574106364428945,"[0.7345248474280732, 0.41368788142981694]",0.0,4.0,0.5564670925555022,0.0,[56],156.0,1.0,0.0022205773501110257,"[0.0, 0.0044411547002220515]",0.0,0.5564670925555022,0.0001,0.0,0.37499999999999994,"[0.0, 0.7499999999999999]",0.1,0.0011135857461024498,"[0.0, 0.0022271714922048997]",0.0,train
0.585,"[0.7566666666666667, 0.41333333333333333]",0.0,4.0,0.5222241679827372,0.0,[56],156.0,1.0,0.0,"[0.0, 0.0]",0.0,0.5222241679827372,0.0001,0.0,0.0,"[0.0, 0.0]",0.1,0.0,"[0.0, 0.0]",0.0,valid
0.574106364428945,"[0.7345248474280732, 0.41368788142981694]",0.0,4.0,0.5569298733835635,0.0,[56],157.0,1.0,0.0022205773501110257,"[0.0, 0.0044411547002220515]",0.0,0.5569298733835635,0.0001,0.0,0.37499999999999994,"[0.0, 0.7499999999999999]",0.1,0.0011135857461024498,"[0.0, 0.0022271714922048997]",0.0,train
0.585,"[0.7566666666666667, 0.41333333333333333]",0.0,4.0,0.5252119898796082,0.0,[56],157.0,1.0,0.0,"[0.0, 0.0]",0.0,0.5252119898796082,0.0001,0.0,0.0,"[0.0, 0.0]",0.1,0.0,"[0.0, 0.0]",0.0,valid
0.574106364428945,"[0.7345248474280732, 0.41368788142981694]",0.0,4.0,0.5535545167715653,0.0,[56],158.0,1.0,0.0022205773501110257,"[0.0, 0.0044411547002220515]",0.0,0.5535545167715653,0.0001,0.0,0.37499999999999994,"[0.0, 0.7499999999999999]",0.1,0.0011135857461024498,"[0.0, 0.0022271714922048997]",0.0,train
0.585,"[0.7566666666666667, 0.41333333333333333]",0.0,4.0,0.5222205619017283,0.0,[56],158.0,1.0,0.0,"[0.0, 0.0]",0.0,0.5222205619017283,0.0001,0.0,0.0,"[0.0, 0.0]",0.1,0.0,"[0.0, 0.0]",0.0,valid
0.5734524847428073,"[0.7345248474280732, 0.41238012205754143]",0.0,4.0,0.5547935185225114,0.0,[56],159.0,1.0,0.0014792899408283986,"[0.0, 0.0029585798816567973]",0.0,0.5547935185225114,0.0001,0.0,0.19999999999999996,"[0.0, 0.3999999999999999]",0.1,0.0007423904974016332,"[0.0, 0.0014847809948032665]",0.0,train
0.585,"[0.7566666666666667, 0.41333333333333333]",0.0,4.0,0.5248965819676717,0.0,[56],159.0,1.0,0.0,"[0.0, 0.0]",0.0,0.5248965819676717,0.0001,0.0,0.0,"[0.0, 0.0]",0.1,0.0,"[0.0, 0.0]",0.0,valid
0.5736704446381866,"[0.7345248474280732, 0.4128160418482999]",0.0,4.0,0.5558783204659171,0.0,[56],160.0,1.0,0.0007412898443291311,"[0.0, 0.0014825796886582623]",0.0,0.5558783204659171,0.0001,0.0,0.2499999999999999,"[0.0, 0.4999999999999998]",0.1,0.0003711952487008166,"[0.0, 0.0007423904974016332]",0.0,train
0.585,"[0.7566666666666667, 0.41333333333333333]",0.0,4.0,0.521999736626943,0.0,[56],160.0,1.0,0.0,"[0.0, 0.0]",0.0,0.521999736626943,0.0001,0.0,0.0,"[0.0, 0.0]",0.1,0.0,"[0.0, 0.0]",0.0,valid
0.5734524847428073,"[0.7345248474280732, 0.41238012205754143]",0.0,4.0,0.5583721528882566,0.0,[56],161.0,1.0,0.0007407407407407384,"[0.0, 0.0014814814814814769]",0.0,0.5583721528882566,0.0001,0.0,0.16666666666666663,"[0.0, 0.33333333333333326]",0.1,0.0003711952487008166,"[0.0, 0.0007423904974016332]",0.0,train
0.585,"[0.7566666666666667, 0.41333333333333333]",0.0,4.0,0.5206912855307261,0.0,[56],161.0,1.0,0.0,"[0.0, 0.0]",0.0,0.5206912855307261,0.0001,0.0,0.0,"[0.0, 0.0]",0.1,0.0,"[0.0, 0.0]",0.0,valid
0.5727986050566696,"[0.7345248474280732, 0.4110723626852659]",0.0,4.0,0.5576583743095398,0.0,[56],162.0,1.0,0.0,"[0.0, 0.0]",0.0,0.5576583743095398,0.0001,0.0,0.0,"[0.0, 0.0]",0.1,0.0,"[0.0, 0.0]",0.0,train
0.585,"[0.7566666666666667, 0.41333333333333333]",0.0,4.0,0.5251648823420206,0.0,[56],162.0,1.0,0.0,"[0.0, 0.0]",0.0,0.5251648823420206,0.0001,0.0,0.0,"[0.0, 0.0]",0.1,0.0,"[0.0, 0.0]",0.0,valid
0.5734524847428073,"[0.7345248474280732, 0.41238012205754143]",0.0,4.0,0.5565775062726892,0.0,[56],163.0,1.0,0.0007407407407407384,"[0.0, 0.0014814814814814769]",0.0,0.5565775062726892,0.0001,0.0,0.16666666666666663,"[0.0, 0.33333333333333326]",0.1,0.0003711952487008166,"[0.0, 0.0007423904974016332]",0.0,train
0.585,"[0.7566666666666667, 0.41333333333333333]",0.0,4.0,0.5232233007748922,0.0,[56],163.0,1.0,0.0,"[0.0, 0.0]",0.0,0.5232233007748922,0.0001,0.0,0.0,"[0.0, 0.0]",0.1,0.0,"[0.0, 0.0]",0.0,valid
0.5736704446381866,"[0.7345248474280732, 0.4128160418482999]",0.0,4.0,0.5527562887772269,0.0,[56],164.0,1.0,0.0007412898443291311,"[0.0, 0.0014825796886582623]",0.0,0.5527562887772269,0.0001,0.0,0.2499999999999999,"[0.0, 0.4999999999999998]",0.1,0.0003711952487008166,"[0.0, 0.0007423904974016332]",0.0,train
0.585,"[0.7566666666666667, 0.41333333333333333]",0.0,4.0,0.5238508681456248,0.0,[56],164.0,1.0,0.0,"[0.0, 0.0]",0.0,0.5238508681456248,0.0001,0.0,0.0,"[0.0, 0.0]",0.1,0.0,"[0.0, 0.0]",0.0,valid
0.5738884045335658,"[0.7345248474280732, 0.4132519616390584]",0.0,4.0,0.5549727289573007,0.0,[56],165.0,1.0,0.0022189349112425997,"[0.0, 0.004437869822485199]",0.0,0.5549727289573007,0.0001,0.0,0.29999999999999993,"[0.0, 0.5999999999999999]",0.1,0.0011135857461024498,"[0.0, 0.0022271714922048997]",0.0,train
0.585,"[0.7566666666666667, 0.41333333333333333]",0.0,4.0,0.5240719219048818,0.0,[56],165.0,1.0,0.0,"[0.0, 0.0]",0.0,0.5240719219048818,0.0001,0.0,0.0,"[0.0, 0.0]",0.1,0.0,"[0.0, 0.0]",0.0,valid
0.5745422842197035,"[0.7345248474280732, 0.4145597210113339]",0.0,4.0,0.5550215192463087,0.0,[56],166.0,1.0,0.0029607698001480344,"[0.0, 0.005921539600296069]",0.0,0.5550215192463087,0.0001,0.0,0.4999999999999999,"[0.0, 0.9999999999999998]",0.1,0.0014847809948032665,"[0.0, 0.002969561989606533]",0.0,train
0.585,"[0.7566666666666667, 0.41333333333333333]",0.0,4.0,0.5222125947475433,0.0,[56],166.0,1.0,0.0,"[0.0, 0.0]",0.0,0.5222125947475433,0.0001,0.0,0.0,"[0.0, 0.0]",0.1,0.0,"[0.0, 0.0]",0.0,valid
0.5736704446381866,"[0.7345248474280732, 0.4128160418482999]",0.0,4.0,0.5554451838783596,0.0,[56],167.0,1.0,0.001480384900074016,"[0.0, 0.002960769800148032]",0.0,0.5554451838783596,0.0001,0.0,0.24999999999999994,"[0.0, 0.4999999999999999]",0.1,0.0007423904974016332,"[0.0, 0.0014847809948032665]",0.0,train
0.585,"[0.7566666666666667, 0.41333333333333333]",0.0,4.0,0.5245352387428284,0.0,[56],167.0,1.0,0.0,"[0.0, 0.0]",0.0,0.5245352387428284,0.0001,0.0,0.0,"[0.0, 0.0]",0.1,0.0,"[0.0, 0.0]",0.0,valid
0.5732345248474281,"[0.7345248474280732, 0.4119442022667829]",0.0,4.0,0.5547671266224073,0.0,[56],168.0,1.0,0.0,"[0.0, 0.0]",0.0,0.5547671266224073,0.0001,0.0,0.0,"[0.0, 0.0]",0.1,0.0,"[0.0, 0.0]",0.0,train
0.585,"[0.7566666666666667, 0.41333333333333333]",0.0,4.0,0.5220552484194437,0.0,[56],168.0,1.0,0.0,"[0.0, 0.0]",0.0,0.5220552484194437,0.0001,0.0,0.0,"[0.0, 0.0]",0.1,0.0,"[0.0, 0.0]",0.0,valid
0.5732345248474281,"[0.7345248474280732, 0.4119442022667829]",0.0,4.0,0.5570421348447385,0.0,[56],169.0,1.0,0.0007401924500370066,"[0.0, 0.001480384900074013]",0.0,0.5570421348447385,0.0001,0.0,0.12499999999999997,"[0.0, 0.24999999999999994]",0.1,0.0003711952487008166,"[0.0, 0.0007423904974016332]",0.0,train
0.585,"[0.7566666666666667, 0.41333333333333333]",0.0,4.0,0.524681011835734,0.0,[56],169.0,1.0,0.0,"[0.0, 0.0]",0.0,0.524681011835734,0.0001,0.0,0.0,"[0.0, 0.0]",0.1,0.0,"[0.0, 0.0]",0.0,valid
0.574106364428945,"[0.7345248474280732, 0.41368788142981694]",0.0,4.0,0.5556746384371882,0.0,[56],170.0,1.0,0.002956393200295635,"[0.0, 0.00591278640059127]",0.0,0.5556746384371882,0.0001,0.0,0.33333333333333326,"[0.0, 0.6666666666666665]",0.1,0.0014847809948032665,"[0.0, 0.002969561989606533]",0.0,train
0.585,"[0.7566666666666667, 0.41333333333333333]",0.0,4.0,0.5262501736481985,0.0,[56],170.0,1.0,0.0,"[0.0, 0.0]",0.0,0.5262501736481985,0.0001,0.0,0.0,"[0.0, 0.0]",0.1,0.0,"[0.0, 0.0]",0.0,valid
0.5732345248474281,"[0.7345248474280732, 0.4119442022667829]",0.0,4.0,0.5542284120684084,0.0,[56],171.0,1.0,0.0007401924500370066,"[0.0, 0.001480384900074013]",0.0,0.5542284120684084,0.0001,0.0,0.12499999999999997,"[0.0, 0.24999999999999994]",0.1,0.0003711952487008166,"[0.0, 0.0007423904974016332]",0.0,train
0.585,"[0.7566666666666667, 0.41333333333333333]",0.0,4.0,0.5218362013498942,0.0,[56],171.0,1.0,0.0,"[0.0, 0.0]",0.0,0.5218362013498942,0.0001,0.0,0.0,"[0.0, 0.0]",0.1,0.0,"[0.0, 0.0]",0.0,valid
0.5738884045335658,"[0.7345248474280732, 0.4132519616390584]",0.0,4.0,0.559129536151886,0.0,[56],172.0,1.0,0.0022189349112425997,"[0.0, 0.004437869822485199]",0.0,0.559129536151886,0.0001,0.0,0.29999999999999993,"[0.0, 0.5999999999999999]",0.1,0.0011135857461024498,"[0.0, 0.0022271714922048997]",0.0,train
0.585,"[0.7566666666666667, 0.41333333333333333]",0.0,4.0,0.5221348802248637,0.0,[56],172.0,1.0,0.0,"[0.0, 0.0]",0.0,0.5221348802248637,0.0001,0.0,0.0,"[0.0, 0.0]",0.1,0.0,"[0.0, 0.0]",0.0,valid
0.574106364428945,"[0.7345248474280732, 0.41368788142981694]",0.0,4.0,0.5568314116934071,0.0,[56],173.0,1.0,0.0022205773501110257,"[0.0, 0.0044411547002220515]",0.0,0.5568314116934071,0.0001,0.0,0.37499999999999994,"[0.0, 0.7499999999999999]",0.1,0.0011135857461024498,"[0.0, 0.0022271714922048997]",0.0,train
0.585,"[0.7566666666666667, 0.41333333333333333]",0.0,4.0,0.5223431289196014,0.0,[56],173.0,1.0,0.0,"[0.0, 0.0]",0.0,0.5223431289196014,0.0001,0.0,0.0,"[0.0, 0.0]",0.1,0.0,"[0.0, 0.0]",0.0,valid
0.5734524847428073,"[0.7345248474280732, 0.41238012205754143]",0.0,4.0,0.5556608619897262,0.0,[56],174.0,1.0,0.0007407407407407384,"[0.0, 0.0014814814814814769]",0.0,0.5556608619897262,0.0001,0.0,0.16666666666666663,"[0.0, 0.33333333333333326]",0.1,0.0003711952487008166,"[0.0, 0.0007423904974016332]",0.0,train
0.585,"[0.7566666666666667, 0.41333333333333333]",0.0,4.0,0.5233762164910635,0.0,[56],174.0,1.0,0.0,"[0.0, 0.0]",0.0,0.5233762164910635,0.0001,0.0,0.0,"[0.0, 0.0]",0.1,0.0,"[0.0, 0.0]",0.0,valid
0.5736704446381866,"[0.7345248474280732, 0.4128160418482999]",0.0,4.0,0.5561187785604725,0.0,[56],175.0,1.0,0.0,"[0.0, 0.0]",0.0,0.5561187785604725,0.0001,0.0,0.0,"[0.0, 0.0]",0.1,0.0,"[0.0, 0.0]",0.0,train
0.585,"[0.7566666666666667, 0.41333333333333333]",0.0,4.0,0.524346391359965,0.0,[56],175.0,1.0,0.0,"[0.0, 0.0]",0.0,0.524346391359965,0.0001,0.0,0.0,"[0.0, 0.0]",0.1,0.0,"[0.0, 0.0]",0.0,valid
0.5743243243243243,"[0.7345248474280732, 0.4141238012205754]",0.0,4.0,0.5529069304466248,0.0,[56],176.0,1.0,0.0029585798816568008,"[0.0, 0.0059171597633136015]",0.0,0.5529069304466248,0.0001,0.0,0.3999999999999999,"[0.0, 0.7999999999999998]",0.1,0.0014847809948032665,"[0.0, 0.002969561989606533]",0.0,train
0.585,"[0.7566666666666667, 0.41333333333333333]",0.0,4.0,0.5220615466435751,0.0,[56],176.0,1.0,0.0,"[0.0, 0.0]",0.0,0.5220615466435751,0.0001,0.0,0.0,"[0.0, 0.0]",0.1,0.0,"[0.0, 0.0]",0.0,valid
0.5732345248474281,"[0.7345248474280732, 0.4119442022667829]",0.0,4.0,0.5547700109689132,0.0,[56],177.0,1.0,0.0014781966001478153,"[0.0, 0.0029563932002956306]",0.0,0.5547700109689132,0.0001,0.0,0.16666666666666663,"[0.0, 0.33333333333333326]",0.1,0.0007423904974016332,"[0.0, 0.0014847809948032665]",0.0,train
0.585,"[0.7566666666666667, 0.41333333333333333]",0.0,4.0,0.5230625371138254,0.0,[56],177.0,1.0,0.0,"[0.0, 0.0]",0.0,0.5230625371138254,0.0001,0.0,0.0,"[0.0, 0.0]",0.1,0.0,"[0.0, 0.0]",0.0,valid
0.574106364428945,"[0.7345248474280732, 0.41368788142981694]",0.0,4.0,0.553025237891985,0.0,[56],178.0,1.0,0.0022205773501110257,"[0.0, 0.0044411547002220515]",0.0,0.553025237891985,0.0001,0.0,0.37499999999999994,"[0.0, 0.7499999999999999]",0.1,0.0011135857461024498,"[0.0, 0.0022271714922048997]",0.0,train
0.585,"[0.7566666666666667, 0.41333333333333333]",0.0,4.0,0.521368662516276,0.0,[56],178.0,1.0,0.0,"[0.0, 0.0]",0.0,0.521368662516276,0.0001,0.0,0.0,"[0.0, 0.0]",0.1,0.0,"[0.0, 0.0]",0.0,valid
0.5736704446381866,"[0.7345248474280732, 0.4128160418482999]",0.0,4.0,0.5542504683784817,0.0,[56],179.0,1.0,0.0,"[0.0, 0.0]",0.0,0.5542504683784817,0.0001,0.0,0.0,"[0.0, 0.0]",0.1,0.0,"[0.0, 0.0]",0.0,train
0.585,"[0.7566666666666667, 0.41333333333333333]",0.0,4.0,0.5236735542615255,0.0,[56],179.0,1.0,0.0,"[0.0, 0.0]",0.0,0.5236735542615255,0.0001,0.0,0.0,"[0.0, 0.0]",0.1,0.0,"[0.0, 0.0]",0.0,valid
0.5738884045335658,"[0.7345248474280732, 0.4132519616390584]",0.0,4.0,0.552534502485524,0.0,[56],180.0,1.0,0.0007418397626112751,"[0.0, 0.0014836795252225502]",0.0,0.552534502485524,0.0001,0.0,0.49999999999999944,"[0.0, 0.9999999999999989]",0.1,0.0003711952487008166,"[0.0, 0.0007423904974016332]",0.0,train
0.585,"[0.7566666666666667, 0.41333333333333333]",0.0,4.0,0.5215670267740885,0.0,[56],180.0,1.0,0.0,"[0.0, 0.0]",0.0,0.5215670267740885,0.0001,0.0,0.0,"[0.0, 0.0]",0.1,0.0,"[0.0, 0.0]",0.0,valid
0.5732345248474281,"[0.7345248474280732, 0.4119442022667829]",0.0,4.0,0.5532143686128699,0.0,[56],181.0,1.0,0.0,"[0.0, 0.0]",0.0,0.5532143686128699,0.0001,0.0,0.0,"[0.0, 0.0]",0.1,0.0,"[0.0, 0.0]",0.0,train
0.585,"[0.7566666666666667, 0.41333333333333333]",0.0,4.0,0.5239861806233724,0.0,[56],181.0,1.0,0.0,"[0.0, 0.0]",0.0,0.5239861806233724,0.0001,0.0,0.0,"[0.0, 0.0]",0.1,0.0,"[0.0, 0.0]",0.0,valid
0.5736704446381866,"[0.7345248474280732, 0.4128160418482999]",0.0,4.0,0.5516029013239819,0.0,[56],182.0,1.0,0.0,"[0.0, 0.0]",0.0,0.5516029013239819,0.0001,0.0,0.0,"[0.0, 0.0]",0.1,0.0,"[0.0, 0.0]",0.0,train
0.585,"[0.7566666666666667, 0.41333333333333333]",0.0,4.0,0.5240771174430847,0.0,[56],182.0,1.0,0.0,"[0.0, 0.0]",0.0,0.5240771174430847,0.0001,0.0,0.0,"[0.0, 0.0]",0.1,0.0,"[0.0, 0.0]",0.0,valid
0.5734524847428073,"[0.7345248474280732, 0.41238012205754143]",0.0,4.0,0.5536538207012675,0.0,[56],183.0,1.0,0.0,"[0.0, 0.0]",0.0,0.5536538207012675,0.0001,0.0,0.0,"[0.0, 0.0]",0.1,0.0,"[0.0, 0.0]",0.0,train
0.585,"[0.7566666666666667, 0.41333333333333333]",0.0,4.0,0.5229278107484182,0.0,[56],183.0,1.0,0.0,"[0.0, 0.0]",0.0,0.5229278107484182,0.0001,0.0,0.0,"[0.0, 0.0]",0.1,0.0,"[0.0, 0.0]",0.0,valid
0.574106364428945,"[0.7345248474280732, 0.41368788142981694]",0.0,4.0,0.552763309167779,0.0,[56],184.0,1.0,0.002956393200295635,"[0.0, 0.00591278640059127]",0.0,0.552763309167779,0.0001,0.0,0.33333333333333326,"[0.0, 0.6666666666666665]",0.1,0.0014847809948032665,"[0.0, 0.002969561989606533]",0.0,train
0.585,"[0.7566666666666667, 0.41333333333333333]",0.0,4.0,0.5236278772354126,0.0,[56],184.0,1.0,0.0,"[0.0, 0.0]",0.0,0.5236278772354126,0.0001,0.0,0.0,"[0.0, 0.0]",0.1,0.0,"[0.0, 0.0]",0.0,valid
0.5738884045335658,"[0.7345248474280732, 0.4132519616390584]",0.0,4.0,0.553876342980758,0.0,[56],185.0,1.0,0.0007418397626112751,"[0.0, 0.0014836795252225502]",0.0,0.553876342980758,0.0001,0.0,0.49999999999999944,"[0.0, 0.9999999999999989]",0.1,0.0003711952487008166,"[0.0, 0.0007423904974016332]",0.0,train
0.585,"[0.7566666666666667, 0.41333333333333333]",0.0,4.0,0.5201398730278015,0.0,[56],185.0,1.0,0.0,"[0.0, 0.0]",0.0,0.5201398730278015,0.0001,0.0,0.0,"[0.0, 0.0]",0.1,0.0,"[0.0, 0.0]",0.0,valid
0.5736704446381866,"[0.7345248474280732, 0.4128160418482999]",0.0,4.0,0.555152618366739,0.0,[56],186.0,1.0,0.0,"[0.0, 0.0]",0.0,0.555152618366739,0.0001,0.0,0.0,"[0.0, 0.0]",0.1,0.0,"[0.0, 0.0]",0.0,train
0.585,"[0.7566666666666667, 0.41333333333333333]",0.0,4.0,0.5233593781789144,0.0,[56],186.0,1.0,0.0,"[0.0, 0.0]",0.0,0.5233593781789144,0.0001,0.0,0.0,"[0.0, 0.0]",0.1,0.0,"[0.0, 0.0]",0.0,valid
0.5736704446381866,"[0.7345248474280732, 0.4128160418482999]",0.0,4.0,0.5547106317851854,0.0,[56],187.0,1.0,0.001480384900074016,"[0.0, 0.002960769800148032]",0.0,0.5547106317851854,0.0001,0.0,0.24999999999999994,"[0.0, 0.4999999999999999]",0.1,0.0007423904974016332,"[0.0, 0.0014847809948032665]",0.0,train
0.585,"[0.7566666666666667, 0.41333333333333333]",0.0,4.0,0.5232252478599548,0.0,[56],187.0,1.0,0.0,"[0.0, 0.0]",0.0,0.5232252478599548,0.0001,0.0,0.0,"[0.0, 0.0]",0.1,0.0,"[0.0, 0.0]",0.0,valid
0.5736704446381866,"[0.7345248474280732, 0.4128160418482999]",0.0,4.0,0.5533882690512616,0.0,[56],188.0,1.0,0.0007412898443291311,"[0.0, 0.0014825796886582623]",0.0,0.5533882690512616,0.0001,0.0,0.2499999999999999,"[0.0, 0.4999999999999998]",0.1,0.0003711952487008166,"[0.0, 0.0007423904974016332]",0.0,train
0.585,"[0.7566666666666667, 0.41333333333333333]",0.0,4.0,0.5220768948396047,0.0,[56],188.0,1.0,0.0,"[0.0, 0.0]",0.0,0.5220768948396047,0.0001,0.0,0.0,"[0.0, 0.0]",0.1,0.0,"[0.0, 0.0]",0.0,valid
0.5734524847428073,"[0.7345248474280732, 0.41238012205754143]",0.0,4.0,0.5534268151158872,0.0,[56],189.0,1.0,0.0007407407407407384,"[0.0, 0.0014814814814814769]",0.0,0.5534268151158872,0.0001,0.0,0.16666666666666663,"[0.0, 0.33333333333333326]",0.1,0.0003711952487008166,"[0.0, 0.0007423904974016332]",0.0,train
0.585,"[0.7566666666666667, 0.41333333333333333]",0.0,4.0,0.5247101783752441,0.0,[56],189.0,1.0,0.0,"[0.0, 0.0]",0.0,0.5247101783752441,0.0001,0.0,0.0,"[0.0, 0.0]",0.1,0.0,"[0.0, 0.0]",0.0,valid
0.5745422842197035,"[0.7345248474280732, 0.4145597210113339]",0.0,4.0,0.5543264513430388,0.0,[56],190.0,1.0,0.0029607698001480344,"[0.0, 0.005921539600296069]",0.0,0.5543264513430388,0.0001,0.0,0.4999999999999999,"[0.0, 0.9999999999999998]",0.1,0.0014847809948032665,"[0.0, 0.002969561989606533]",0.0,train
0.585,"[0.7566666666666667, 0.41333333333333333]",0.0,4.0,0.5235785841941833,0.0,[56],190.0,1.0,0.0,"[0.0, 0.0]",0.0,0.5235785841941833,0.0001,0.0,0.0,"[0.0, 0.0]",0.1,0.0,"[0.0, 0.0]",0.0,valid
0.5743243243243243,"[0.7345248474280732, 0.4141238012205754]",0.0,4.0,0.5555760134821353,0.0,[56],191.0,1.0,0.002222222222222219,"[0.0, 0.004444444444444438]",0.0,0.5555760134821353,0.0001,0.0,0.49999999999999983,"[0.0, 0.9999999999999997]",0.1,0.0011135857461024498,"[0.0, 0.0022271714922048997]",0.0,train
0.585,"[0.7566666666666667, 0.41333333333333333]",0.0,4.0,0.5213160713513693,0.0,[56],191.0,1.0,0.0,"[0.0, 0.0]",0.0,0.5213160713513693,0.0001,0.0,0.0,"[0.0, 0.0]",0.1,0.0,"[0.0, 0.0]",0.0,valid
0.5736704446381866,"[0.7345248474280732, 0.4128160418482999]",0.0,4.0,0.5541201985400656,0.0,[56],192.0,1.0,0.0007412898443291311,"[0.0, 0.0014825796886582623]",0.0,0.5541201985400656,0.0001,0.0,0.2499999999999999,"[0.0, 0.4999999999999998]",0.1,0.0003711952487008166,"[0.0, 0.0007423904974016332]",0.0,train
0.585,"[0.7566666666666667, 0.41333333333333333]",0.0,4.0,0.5209157764911652,0.0,[56],192.0,1.0,0.0,"[0.0, 0.0]",0.0,0.5209157764911652,0.0001,0.0,0.0,"[0.0, 0.0]",0.1,0.0,"[0.0, 0.0]",0.0,valid
0.5738884045335658,"[0.7345248474280732, 0.4132519616390584]",0.0,4.0,0.5534779818161674,0.0,[56],193.0,1.0,0.001481481481481479,"[0.0, 0.002962962962962958]",0.0,0.5534779818161674,0.0001,0.0,0.33333333333333326,"[0.0, 0.6666666666666665]",0.1,0.0007423904974016332,"[0.0, 0.0014847809948032665]",0.0,train
0.585,"[0.7566666666666667, 0.41333333333333333]",0.0,4.0,0.5245290001233419,0.0,[56],193.0,1.0,0.0,"[0.0, 0.0]",0.0,0.5245290001233419,0.0001,0.0,0.0,"[0.0, 0.0]",0.1,0.0,"[0.0, 0.0]",0.0,valid
0.5743243243243243,"[0.7345248474280732, 0.4141238012205754]",0.0,4.0,0.5520862962888635,0.0,[56],194.0,1.0,0.0029585798816568008,"[0.0, 0.0059171597633136015]",0.0,0.5520862962888635,0.0001,0.0,0.3999999999999999,"[0.0, 0.7999999999999998]",0.1,0.0014847809948032665,"[0.0, 0.002969561989606533]",0.0,train
0.585,"[0.7566666666666667, 0.41333333333333333]",0.0,4.0,0.5235021511713663,0.0,[56],194.0,1.0,0.0,"[0.0, 0.0]",0.0,0.5235021511713663,0.0001,0.0,0.0,"[0.0, 0.0]",0.1,0.0,"[0.0, 0.0]",0.0,valid
0.5734524847428073,"[0.7345248474280732, 0.41238012205754143]",0.0,4.0,0.5541526001432667,0.0,[56],195.0,1.0,0.0014792899408283986,"[0.0, 0.0029585798816567973]",0.0,0.5541526001432667,0.0001,0.0,0.19999999999999996,"[0.0, 0.3999999999999999]",0.1,0.0007423904974016332,"[0.0, 0.0014847809948032665]",0.0,train
0.585,"[0.7566666666666667, 0.41333333333333333]",0.0,4.0,0.5233887632687887,0.0,[56],195.0,1.0,0.0,"[0.0, 0.0]",0.0,0.5233887632687887,0.0001,0.0,0.0,"[0.0, 0.0]",0.1,0.0,"[0.0, 0.0]",0.0,valid
0.5734524847428073,"[0.7345248474280732, 0.41238012205754143]",0.0,4.0,0.5537345642628877,0.0,[56],196.0,1.0,0.0007407407407407384,"[0.0, 0.0014814814814814769]",0.0,0.5537345642628877,0.0001,0.0,0.16666666666666663,"[0.0, 0.33333333333333326]",0.1,0.0003711952487008166,"[0.0, 0.0007423904974016332]",0.0,train
0.585,"[0.7566666666666667, 0.41333333333333333]",0.0,4.0,0.5216193199157715,0.0,[56],196.0,1.0,0.0,"[0.0, 0.0]",0.0,0.5216193199157715,0.0001,0.0,0.0,"[0.0, 0.0]",0.1,0.0,"[0.0, 0.0]",0.0,valid
0.5738884045335658,"[0.7345248474280732, 0.4132519616390584]",0.0,4.0,0.553152859210968,0.0,[56],197.0,1.0,0.001481481481481479,"[0.0, 0.002962962962962958]",0.0,0.553152859210968,0.0001,0.0,0.33333333333333326,"[0.0, 0.6666666666666665]",0.1,0.0007423904974016332,"[0.0, 0.0014847809948032665]",0.0,train
0.585,"[0.7566666666666667, 0.41333333333333333]",0.0,4.0,0.5207698345184326,0.0,[56],197.0,1.0,0.0,"[0.0, 0.0]",0.0,0.5207698345184326,0.0001,0.0,0.0,"[0.0, 0.0]",0.1,0.0,"[0.0, 0.0]",0.0,valid
0.574106364428945,"[0.7345248474280732, 0.41368788142981694]",0.0,4.0,0.5529195484907731,0.0,[56],198.0,1.0,0.0014825796886582636,"[0.0, 0.002965159377316527]",0.0,0.5529195484907731,0.0001,0.0,0.4999999999999998,"[0.0, 0.9999999999999996]",0.1,0.0007423904974016332,"[0.0, 0.0014847809948032665]",0.0,train
0.585,"[0.7566666666666667, 0.41333333333333333]",0.0,4.0,0.5207125147183737,0.0,[56],198.0,1.0,0.0,"[0.0, 0.0]",0.0,0.5207125147183737,0.0001,0.0,0.0,"[0.0, 0.0]",0.1,0.0,"[0.0, 0.0]",0.0,valid
0.5736704446381866,"[0.7345248474280732, 0.4128160418482999]",0.0,4.0,0.552632230779399,0.0,[56],199.0,1.0,0.0,"[0.0, 0.0]",0.0,0.552632230779399,0.0001,0.0,0.0,"[0.0, 0.0]",0.1,0.0,"[0.0, 0.0]",0.0,train
0.585,"[0.7566666666666667, 0.41333333333333333]",0.0,4.0,0.5235085884730021,0.0,[56],199.0,1.0,0.0,"[0.0, 0.0]",0.0,0.5235085884730021,0.0001,0.0,0.0,"[0.0, 0.0]",0.1,0.0,"[0.0, 0.0]",0.0,valid
0.5738884045335658,"[0.7345248474280732, 0.4132519616390584]",0.0,4.0,0.5502427038939103,0.0,[56],200.0,1.0,0.001481481481481479,"[0.0, 0.002962962962962958]",0.0,0.5502427038939103,0.0001,0.0,0.33333333333333326,"[0.0, 0.6666666666666665]",0.1,0.0007423904974016332,"[0.0, 0.0014847809948032665]",0.0,train
0.585,"[0.7566666666666667, 0.41333333333333333]",0.0,4.0,0.5227621992429098,0.0,[56],200.0,1.0,0.0,"[0.0, 0.0]",0.0,0.5227621992429098,0.0001,0.0,0.0,"[0.0, 0.0]",0.1,0.0,"[0.0, 0.0]",0.0,valid
0.5743243243243243,"[0.7345248474280732, 0.4141238012205754]",0.0,4.0,0.5521631707315859,0.0,[56],201.0,1.0,0.003692762186115209,"[0.0, 0.007385524372230418]",0.0,0.5521631707315859,0.0001,0.0,0.3571428571428571,"[0.0, 0.7142857142857142]",0.1,0.001855976243504083,"[0.0, 0.003711952487008166]",0.0,train
0.585,"[0.7566666666666667, 0.41333333333333333]",0.0,4.0,0.5210076570510864,0.0,[56],201.0,1.0,0.0,"[0.0, 0.0]",0.0,0.5210076570510864,0.0001,0.0,0.0,"[0.0, 0.0]",0.1,0.0,"[0.0, 0.0]",0.0,valid
0.5738884045335658,"[0.7345248474280732, 0.4132519616390584]",0.0,4.0,0.5506961216097292,0.0,[56],202.0,1.0,0.0022189349112425997,"[0.0, 0.004437869822485199]",0.0,0.5506961216097292,0.0001,0.0,0.29999999999999993,"[0.0, 0.5999999999999999]",0.1,0.0011135857461024498,"[0.0, 0.0022271714922048997]",0.0,train
0.585,"[0.7566666666666667, 0.41333333333333333]",0.0,4.0,0.5240374108155569,0.0,[56],202.0,1.0,0.0,"[0.0, 0.0]",0.0,0.5240374108155569,0.0001,0.0,0.0,"[0.0, 0.0]",0.1,0.0,"[0.0, 0.0]",0.0,valid
0.574106364428945,"[0.7345248474280732, 0.41368788142981694]",0.0,4.0,0.5536410808563232,0.0,[56],203.0,1.0,0.0014825796886582636,"[0.0, 0.002965159377316527]",0.0,0.5536410808563232,0.0001,0.0,0.4999999999999998,"[0.0, 0.9999999999999996]",0.1,0.0007423904974016332,"[0.0, 0.0014847809948032665]",0.0,train
0.585,"[0.7566666666666667, 0.41333333333333333]",0.0,4.0,0.5257980624834696,0.0,[56],203.0,1.0,0.0,"[0.0, 0.0]",0.0,0.5257980624834696,0.0001,0.0,0.0,"[0.0, 0.0]",0.1,0.0,"[0.0, 0.0]",0.0,valid
0.574106364428945,"[0.7345248474280732, 0.41368788142981694]",0.0,4.0,0.5542862726294476,0.0,[56],204.0,1.0,0.0022205773501110257,"[0.0, 0.0044411547002220515]",0.0,0.5542862726294476,0.0001,0.0,0.37499999999999994,"[0.0, 0.7499999999999999]",0.1,0.0011135857461024498,"[0.0, 0.0022271714922048997]",0.0,train
0.585,"[0.7566666666666667, 0.41333333333333333]",0.0,4.0,0.5213416218757629,0.0,[56],204.0,1.0,0.0,"[0.0, 0.0]",0.0,0.5213416218757629,0.0001,0.0,0.0,"[0.0, 0.0]",0.1,0.0,"[0.0, 0.0]",0.0,valid
0.5736704446381866,"[0.7345248474280732, 0.4128160418482999]",0.0,4.0,0.5512967006019924,0.0,[56],205.0,1.0,0.0007412898443291311,"[0.0, 0.0014825796886582623]",0.0,0.5512967006019924,0.0001,0.0,0.2499999999999999,"[0.0, 0.4999999999999998]",0.1,0.0003711952487008166,"[0.0, 0.0007423904974016332]",0.0,train
0.585,"[0.7566666666666667, 0.41333333333333333]",0.0,4.0,0.5259811381498972,0.0,[56],205.0,1.0,0.0,"[0.0, 0.0]",0.0,0.5259811381498972,0.0001,0.0,0.0,"[0.0, 0.0]",0.1,0.0,"[0.0, 0.0]",0.0,valid
0.5743243243243243,"[0.7345248474280732, 0.4141238012205754]",0.0,4.0,0.5512088951857194,0.0,[56],206.0,1.0,0.002222222222222219,"[0.0, 0.004444444444444438]",0.0,0.5512088951857194,0.0001,0.0,0.49999999999999983,"[0.0, 0.9999999999999997]",0.1,0.0011135857461024498,"[0.0, 0.0022271714922048997]",0.0,train
0.585,"[0.7566666666666667, 0.41333333333333333]",0.0,4.0,0.5238792101542155,0.0,[56],206.0,1.0,0.0,"[0.0, 0.0]",0.0,0.5238792101542155,0.0001,0.0,0.0,"[0.0, 0.0]",0.1,0.0,"[0.0, 0.0]",0.0,valid
0.5738884045335658,"[0.7345248474280732, 0.4132519616390584]",0.0,4.0,0.5502882237019746,0.0,[56],207.0,1.0,0.001481481481481479,"[0.0, 0.002962962962962958]",0.0,0.5502882237019746,0.0001,0.0,0.33333333333333326,"[0.0, 0.6666666666666665]",0.1,0.0007423904974016332,"[0.0, 0.0014847809948032665]",0.0,train
0.585,"[0.7566666666666667, 0.41333333333333333]",0.0,4.0,0.5240952769915262,0.0,[56],207.0,1.0,0.0,"[0.0, 0.0]",0.0,0.5240952769915262,0.0001,0.0,0.0,"[0.0, 0.0]",0.1,0.0,"[0.0, 0.0]",0.0,valid
0.574106364428945,"[0.7345248474280732, 0.41368788142981694]",0.0,4.0,0.5525003386580426,0.0,[56],208.0,1.0,0.002956393200295635,"[0.0, 0.00591278640059127]",0.0,0.5525003386580426,0.0001,0.0,0.33333333333333326,"[0.0, 0.6666666666666665]",0.1,0.0014847809948032665,"[0.0, 0.002969561989606533]",0.0,train
0.585,"[0.7566666666666667, 0.41333333333333333]",0.0,4.0,0.523601233959198,0.0,[56],208.0,1.0,0.0,"[0.0, 0.0]",0.0,0.523601233959198,0.0001,0.0,0.0,"[0.0, 0.0]",0.1,0.0,"[0.0, 0.0]",0.0,valid
0.5734524847428073,"[0.7345248474280732, 0.41238012205754143]",0.0,4.0,0.5539978042892788,0.0,[56],209.0,1.0,0.0014792899408283986,"[0.0, 0.0029585798816567973]",0.0,0.5539978042892788,0.0001,0.0,0.19999999999999996,"[0.0, 0.3999999999999999]",0.1,0.0007423904974016332,"[0.0, 0.0014847809948032665]",0.0,train
0.585,"[0.7566666666666667, 0.41333333333333333]",0.0,4.0,0.521727035442988,0.0,[56],209.0,1.0,0.0,"[0.0, 0.0]",0.0,0.521727035442988,0.0001,0.0,0.0,"[0.0, 0.0]",0.1,0.0,"[0.0, 0.0]",0.0,valid
0.5736704446381866,"[0.7345248474280732, 0.4128160418482999]",0.0,4.0,0.5530213661815809,0.0,[56],210.0,1.0,0.0007412898443291311,"[0.0, 0.0014825796886582623]",0.0,0.5530213661815809,0.0001,0.0,0.2499999999999999,"[0.0, 0.4999999999999998]",0.1,0.0003711952487008166,"[0.0, 0.0007423904974016332]",0.0,train
0.585,"[0.7566666666666667, 0.41333333333333333]",0.0,4.0,0.5246911644935608,0.0,[56],210.0,1.0,0.0,"[0.0, 0.0]",0.0,0.5246911644935608,0.0001,0.0,0.0,"[0.0, 0.0]",0.1,0.0,"[0.0, 0.0]",0.0,valid
0.5736704446381866,"[0.7345248474280732, 0.4128160418482999]",0.0,4.0,0.5530869261078213,0.0,[56],211.0,1.0,0.001480384900074016,"[0.0, 0.002960769800148032]",0.0,0.5530869261078213,0.0001,0.0,0.24999999999999994,"[0.0, 0.4999999999999999]",0.1,0.0007423904974016332,"[0.0, 0.0014847809948032665]",0.0,train
0.585,"[0.7566666666666667, 0.41333333333333333]",0.0,4.0,0.5235147774219513,0.0,[56],211.0,1.0,0.0,"[0.0, 0.0]",0.0,0.5235147774219513,0.0001,0.0,0.0,"[0.0, 0.0]",0.1,0.0,"[0.0, 0.0]",0.0,valid
0.5732345248474281,"[0.7345248474280732, 0.4119442022667829]",0.0,4.0,0.5533938718878705,0.0,[56],212.0,1.0,0.0007401924500370066,"[0.0, 0.001480384900074013]",0.0,0.5533938718878705,0.0001,0.0,0.12499999999999997,"[0.0, 0.24999999999999994]",0.1,0.0003711952487008166,"[0.0, 0.0007423904974016332]",0.0,train
0.585,"[0.7566666666666667, 0.41333333333333333]",0.0,4.0,0.5217288335164388,0.0,[56],212.0,1.0,0.0,"[0.0, 0.0]",0.0,0.5217288335164388,0.0001,0.0,0.0,"[0.0, 0.0]",0.1,0.0,"[0.0, 0.0]",0.0,valid
0.5738884045335658,"[0.7345248474280732, 0.4132519616390584]",0.0,4.0,0.5540966495223667,0.0,[56],213.0,1.0,0.0007418397626112751,"[0.0, 0.0014836795252225502]",0.0,0.5540966495223667,0.0001,0.0,0.49999999999999944,"[0.0, 0.9999999999999989]",0.1,0.0003711952487008166,"[0.0, 0.0007423904974016332]",0.0,train
0.585,"[0.7566666666666667, 0.41333333333333333]",0.0,4.0,0.523620625336965,0.0,[56],213.0,1.0,0.0,"[0.0, 0.0]",0.0,0.523620625336965,0.0001,0.0,0.0,"[0.0, 0.0]",0.1,0.0,"[0.0, 0.0]",0.0,valid
0.5734524847428073,"[0.7345248474280732, 0.41238012205754143]",0.0,4.0,0.5519659674685934,0.0,[56],214.0,1.0,0.0007407407407407384,"[0.0, 0.0014814814814814769]",0.0,0.5519659674685934,0.0001,0.0,0.16666666666666663,"[0.0, 0.33333333333333326]",0.1,0.0003711952487008166,"[0.0, 0.0007423904974016332]",0.0,train
0.585,"[0.7566666666666667, 0.41333333333333333]",0.0,4.0,0.5225030183792114,0.0,[56],214.0,1.0,0.0,"[0.0, 0.0]",0.0,0.5225030183792114,0.0001,0.0,0.0,"[0.0, 0.0]",0.1,0.0,"[0.0, 0.0]",0.0,valid
0.5738884045335658,"[0.7345248474280732, 0.4132519616390584]",0.0,4.0,0.554529651351597,0.0,[56],215.0,1.0,0.001481481481481479,"[0.0, 0.002962962962962958]",0.0,0.554529651351597,0.0001,0.0,0.33333333333333326,"[0.0, 0.6666666666666665]",0.1,0.0007423904974016332,"[0.0, 0.0014847809948032665]",0.0,train
0.585,"[0.7566666666666667, 0.41333333333333333]",0.0,4.0,0.5213659207026163,0.0,[56],215.0,1.0,0.0,"[0.0, 0.0]",0.0,0.5213659207026163,0.0001,0.0,0.0,"[0.0, 0.0]",0.1,0.0,"[0.0, 0.0]",0.0,valid
0.5734524847428073,"[0.7345248474280732, 0.41238012205754143]",0.0,4.0,0.5527297958083774,0.0,[56],216.0,1.0,0.0014792899408283986,"[0.0, 0.0029585798816567973]",0.0,0.5527297958083774,0.0001,0.0,0.19999999999999996,"[0.0, 0.3999999999999999]",0.1,0.0007423904974016332,"[0.0, 0.0014847809948032665]",0.0,train
0.585,"[0.7566666666666667, 0.41333333333333333]",0.0,4.0,0.522332767645518,0.0,[56],216.0,1.0,0.0,"[0.0, 0.0]",0.0,0.522332767645518,0.0001,0.0,0.0,"[0.0, 0.0]",0.1,0.0,"[0.0, 0.0]",0.0,valid
0.5732345248474281,"[0.7345248474280732, 0.4119442022667829]",0.0,4.0,0.5537831368653671,0.0,[56],217.0,1.0,0.0014781966001478153,"[0.0, 0.0029563932002956306]",0.0,0.5537831368653671,0.0001,0.0,0.16666666666666663,"[0.0, 0.33333333333333326]",0.1,0.0007423904974016332,"[0.0, 0.0014847809948032665]",0.0,train
0.585,"[0.7566666666666667, 0.41333333333333333]",0.0,4.0,0.5229326784610748,0.0,[56],217.0,1.0,0.0,"[0.0, 0.0]",0.0,0.5229326784610748,0.0001,0.0,0.0,"[0.0, 0.0]",0.1,0.0,"[0.0, 0.0]",0.0,valid
0.5738884045335658,"[0.7345248474280732, 0.4132519616390584]",0.0,4.0,0.553806501886119,0.0,[56],218.0,1.0,0.0022189349112425997,"[0.0, 0.004437869822485199]",0.0,0.553806501886119,0.0001,0.0,0.29999999999999993,"[0.0, 0.5999999999999999]",0.1,0.0011135857461024498,"[0.0, 0.0022271714922048997]",0.0,train
0.585,"[0.7566666666666667, 0.41333333333333333]",0.0,4.0,0.5228336254755656,0.0,[56],218.0,1.0,0.0,"[0.0, 0.0]",0.0,0.5228336254755656,0.0001,0.0,0.0,"[0.0, 0.0]",0.1,0.0,"[0.0, 0.0]",0.0,valid
0.5732345248474281,"[0.7345248474280732, 0.4119442022667829]",0.0,4.0,0.552693273710168,0.0,[56],219.0,1.0,0.0007401924500370066,"[0.0, 0.001480384900074013]",0.0,0.552693273710168,0.0001,0.0,0.12499999999999997,"[0.0, 0.24999999999999994]",0.1,0.0003711952487008166,"[0.0, 0.0007423904974016332]",0.0,train
0.585,"[0.7566666666666667, 0.41333333333333333]",0.0,4.0,0.5228663086891174,0.0,[56],219.0,1.0,0.0,"[0.0, 0.0]",0.0,0.5228663086891174,0.0001,0.0,0.0,"[0.0, 0.0]",0.1,0.0,"[0.0, 0.0]",0.0,valid
0.5743243243243243,"[0.7345248474280732, 0.4141238012205754]",0.0,4.0,0.5531885960827703,0.0,[56],220.0,1.0,0.0029585798816568008,"[0.0, 0.0059171597633136015]",0.0,0.5531885960827703,0.0001,0.0,0.3999999999999999,"[0.0, 0.7999999999999998]",0.1,0.0014847809948032665,"[0.0, 0.002969561989606533]",0.0,train
0.585,"[0.7566666666666667, 0.41333333333333333]",0.0,4.0,0.5241689483324686,0.0,[56],220.0,1.0,0.0,"[0.0, 0.0]",0.0,0.5241689483324686,0.0001,0.0,0.0,"[0.0, 0.0]",0.1,0.0,"[0.0, 0.0]",0.0,valid
0.5745422842197035,"[0.7345248474280732, 0.4145597210113339]",0.0,4.0,0.5515635246815889,0.0,[56],221.0,1.0,0.004428044280442798,"[0.0, 0.008856088560885596]",0.0,0.5515635246815889,0.0001,0.0,0.37499999999999994,"[0.0, 0.7499999999999999]",0.1,0.0022271714922048997,"[0.0, 0.004454342984409799]",0.0,train
0.585,"[0.7566666666666667, 0.41333333333333333]",0.0,4.0,0.5201326211293539,0.0,[56],221.0,1.0,0.0,"[0.0, 0.0]",0.0,0.5201326211293539,0.0001,0.0,0.0,"[0.0, 0.0]",0.1,0.0,"[0.0, 0.0]",0.0,valid
0.5732345248474281,"[0.7345248474280732, 0.4119442022667829]",0.0,4.0,0.5529726380887239,0.0,[56],222.0,1.0,0.0007401924500370066,"[0.0, 0.001480384900074013]",0.0,0.5529726380887239,0.0001,0.0,0.12499999999999997,"[0.0, 0.24999999999999994]",0.1,0.0003711952487008166,"[0.0, 0.0007423904974016332]",0.0,train
0.585,"[0.7566666666666667, 0.41333333333333333]",0.0,4.0,0.524133712053299,0.0,[56],222.0,1.0,0.0,"[0.0, 0.0]",0.0,0.524133712053299,0.0001,0.0,0.0,"[0.0, 0.0]",0.1,0.0,"[0.0, 0.0]",0.0,valid
0.5734524847428073,"[0.7345248474280732, 0.41238012205754143]",0.0,4.0,0.5522713039232336,0.0,[56],223.0,1.0,0.0007407407407407384,"[0.0, 0.0014814814814814769]",0.0,0.5522713039232336,0.0001,0.0,0.16666666666666663,"[0.0, 0.33333333333333326]",0.1,0.0003711952487008166,"[0.0, 0.0007423904974016332]",0.0,train
0.585,"[0.7566666666666667, 0.41333333333333333]",0.0,4.0,0.5220737854639689,0.0,[56],223.0,1.0,0.0,"[0.0, 0.0]",0.0,0.5220737854639689,0.0001,0.0,0.0,"[0.0, 0.0]",0.1,0.0,"[0.0, 0.0]",0.0,valid
0.5736704446381866,"[0.7345248474280732, 0.4128160418482999]",0.0,4.0,0.5502074386762537,0.0,[56],224.0,1.0,0.0,"[0.0, 0.0]",0.0,0.5502074386762537,0.0001,0.0,0.0,"[0.0, 0.0]",0.1,0.0,"[0.0, 0.0]",0.0,train
0.585,"[0.7566666666666667, 0.41333333333333333]",0.0,4.0,0.522252231836319,0.0,[56],224.0,1.0,0.0,"[0.0, 0.0]",0.0,0.522252231836319,0.0001,0.0,0.0,"[0.0, 0.0]",0.1,0.0,"[0.0, 0.0]",0.0,valid
0.5736704446381866,"[0.7345248474280732, 0.4128160418482999]",0.0,4.0,0.5529874226321345,0.0,[56],225.0,1.0,0.001480384900074016,"[0.0, 0.002960769800148032]",0.0,0.5529874226321345,0.0001,0.0,0.24999999999999994,"[0.0, 0.4999999999999999]",0.1,0.0007423904974016332,"[0.0, 0.0014847809948032665]",0.0,train
0.585,"[0.7566666666666667, 0.41333333333333333]",0.0,4.0,0.5232407450675964,0.0,[56],225.0,1.0,0.0,"[0.0, 0.0]",0.0,0.5232407450675964,0.0001,0.0,0.0,"[0.0, 0.0]",0.1,0.0,"[0.0, 0.0]",0.0,valid
0.5745422842197035,"[0.7345248474280732, 0.4145597210113339]",0.0,4.0,0.5487094987993655,0.0,[56],226.0,1.0,0.0029607698001480344,"[0.0, 0.005921539600296069]",0.0,0.5487094987993655,0.0001,0.0,0.4999999999999999,"[0.0, 0.9999999999999998]",0.1,0.0014847809948032665,"[0.0, 0.002969561989606533]",0.0,train
0.585,"[0.7566666666666667, 0.41333333333333333]",0.0,4.0,0.5207865138848623,0.0,[56],226.0,1.0,0.0,"[0.0, 0.0]",0.0,0.5207865138848623,0.0001,0.0,0.0,"[0.0, 0.0]",0.1,0.0,"[0.0, 0.0]",0.0,valid
0.5738884045335658,"[0.7345248474280732, 0.4132519616390584]",0.0,4.0,0.5494025323701941,0.0,[56],227.0,1.0,0.0007418397626112751,"[0.0, 0.0014836795252225502]",0.0,0.5494025323701941,0.0001,0.0,0.49999999999999944,"[0.0, 0.9999999999999989]",0.1,0.0003711952487008166,"[0.0, 0.0007423904974016332]",0.0,train
0.585,"[0.7566666666666667, 0.41333333333333333]",0.0,4.0,0.5228753189245859,0.0,[56],227.0,1.0,0.0,"[0.0, 0.0]",0.0,0.5228753189245859,0.0001,0.0,0.0,"[0.0, 0.0]",0.1,0.0,"[0.0, 0.0]",0.0,valid
0.5736704446381866,"[0.7345248474280732, 0.4128160418482999]",0.0,4.0,0.5504232178563657,0.0,[56],228.0,1.0,0.0022172949002217247,"[0.0, 0.0044345898004434494]",0.0,0.5504232178563657,0.0001,0.0,0.24999999999999997,"[0.0, 0.49999999999999994]",0.1,0.0011135857461024498,"[0.0, 0.0022271714922048997]",0.0,train
0.585,"[0.7566666666666667, 0.41333333333333333]",0.0,4.0,0.5234437982241312,0.0,[56],228.0,1.0,0.0,"[0.0, 0.0]",0.0,0.5234437982241312,0.0001,0.0,0.0,"[0.0, 0.0]",0.1,0.0,"[0.0, 0.0]",0.0,valid
0.574106364428945,"[0.7345248474280732, 0.41368788142981694]",0.0,4.0,0.5504349677459054,0.0,[56],229.0,1.0,0.0022205773501110257,"[0.0, 0.0044411547002220515]",0.0,0.5504349677459054,0.0001,0.0,0.37499999999999994,"[0.0, 0.7499999999999999]",0.1,0.0011135857461024498,"[0.0, 0.0022271714922048997]",0.0,train
0.585,"[0.7566666666666667, 0.41333333333333333]",0.0,4.0,0.5210611522197723,0.0,[56],229.0,1.0,0.0,"[0.0, 0.0]",0.0,0.5210611522197723,0.0001,0.0,0.0,"[0.0, 0.0]",0.1,0.0,"[0.0, 0.0]",0.0,valid
0.5738884045335658,"[0.7345248474280732, 0.4132519616390584]",0.0,4.0,0.5509635469187861,0.0,[56],230.0,1.0,0.001481481481481479,"[0.0, 0.002962962962962958]",0.0,0.5509635469187861,0.0001,0.0,0.33333333333333326,"[0.0, 0.6666666666666665]",0.1,0.0007423904974016332,"[0.0, 0.0014847809948032665]",0.0,train
0.585,"[0.7566666666666667, 0.41333333333333333]",0.0,4.0,0.5236241420110067,0.0,[56],230.0,1.0,0.0,"[0.0, 0.0]",0.0,0.5236241420110067,0.0001,0.0,0.0,"[0.0, 0.0]",0.1,0.0,"[0.0, 0.0]",0.0,valid
0.5734524847428073,"[0.7345248474280732, 0.41238012205754143]",0.0,4.0,0.5524643193120542,0.0,[56],231.0,1.0,0.0014792899408283986,"[0.0, 0.0029585798816567973]",0.0,0.5524643193120542,0.0001,0.0,0.19999999999999996,"[0.0, 0.3999999999999999]",0.1,0.0007423904974016332,"[0.0, 0.0014847809948032665]",0.0,train
0.585,"[0.7566666666666667, 0.41333333333333333]",0.0,4.0,0.5216701229413351,0.0,[56],231.0,1.0,0.0,"[0.0, 0.0]",0.0,0.5216701229413351,0.0001,0.0,0.0,"[0.0, 0.0]",0.1,0.0,"[0.0, 0.0]",0.0,valid
0.5736704446381866,"[0.7345248474280732, 0.4128160418482999]",0.0,4.0,0.5511564741963926,0.0,[56],232.0,1.0,0.0022172949002217247,"[0.0, 0.0044345898004434494]",0.0,0.5511564741963926,0.0001,0.0,0.24999999999999997,"[0.0, 0.49999999999999994]",0.1,0.0011135857461024498,"[0.0, 0.0022271714922048997]",0.0,train
0.585,"[0.7566666666666667, 0.41333333333333333]",0.0,4.0,0.5216724872589111,0.0,[56],232.0,1.0,0.0,"[0.0, 0.0]",0.0,0.5216724872589111,0.0001,0.0,0.0,"[0.0, 0.0]",0.1,0.0,"[0.0, 0.0]",0.0,valid
0.5732345248474281,"[0.7345248474280732, 0.4119442022667829]",0.0,4.0,0.5534234202426412,0.0,[56],233.0,1.0,0.0,"[0.0, 0.0]",0.0,0.5534234202426412,0.0001,0.0,0.0,"[0.0, 0.0]",0.1,0.0,"[0.0, 0.0]",0.0,train
0.585,"[0.7566666666666667, 0.41333333333333333]",0.0,4.0,0.5242683390776316,0.0,[56],233.0,1.0,0.0,"[0.0, 0.0]",0.0,0.5242683390776316,0.0001,0.0,0.0,"[0.0, 0.0]",0.1,0.0,"[0.0, 0.0]",0.0,valid
0.5738884045335658,"[0.7345248474280732, 0.4132519616390584]",0.0,4.0,0.5516195141750834,0.0,[56],234.0,1.0,0.001481481481481479,"[0.0, 0.002962962962962958]",0.0,0.5516195141750834,0.0001,0.0,0.33333333333333326,"[0.0, 0.6666666666666665]",0.1,0.0007423904974016332,"[0.0, 0.0014847809948032665]",0.0,train
0.585,"[0.7566666666666667, 0.41333333333333333]",0.0,4.0,0.5237475037574768,0.0,[56],234.0,1.0,0.0,"[0.0, 0.0]",0.0,0.5237475037574768,0.0001,0.0,0.0,"[0.0, 0.0]",0.1,0.0,"[0.0, 0.0]",0.0,valid
0.5730165649520488,"[0.7345248474280732, 0.4115082824760244]",0.0,4.0,0.5515761219936869,0.0,[56],235.0,1.0,0.0,"[0.0, 0.0]",0.0,0.5515761219936869,0.0001,0.0,0.0,"[0.0, 0.0]",0.1,0.0,"[0.0, 0.0]",0.0,train
0.585,"[0.7566666666666667, 0.41333333333333333]",0.0,4.0,0.5212518175443014,0.0,[56],235.0,1.0,0.0,"[0.0, 0.0]",0.0,0.5212518175443014,0.0001,0.0,0.0,"[0.0, 0.0]",0.1,0.0,"[0.0, 0.0]",0.0,valid
0.5736704446381866,"[0.7345248474280732, 0.4128160418482999]",0.0,4.0,0.551104309766189,0.0,[56],236.0,1.0,0.0,"[0.0, 0.0]",0.0,0.551104309766189,0.0001,0.0,0.0,"[0.0, 0.0]",0.1,0.0,"[0.0, 0.0]",0.0,train
0.585,"[0.7566666666666667, 0.41333333333333333]",0.0,4.0,0.5247660676638285,0.0,[56],236.0,1.0,0.0,"[0.0, 0.0]",0.0,0.5247660676638285,0.0001,0.0,0.0,"[0.0, 0.0]",0.1,0.0,"[0.0, 0.0]",0.0,valid
0.574106364428945,"[0.7345248474280732, 0.41368788142981694]",0.0,4.0,0.5512454665225485,0.0,[56],237.0,1.0,0.0014825796886582636,"[0.0, 0.002965159377316527]",0.0,0.5512454665225485,0.0001,0.0,0.4999999999999998,"[0.0, 0.9999999999999996]",0.1,0.0007423904974016332,"[0.0, 0.0014847809948032665]",0.0,train
0.585,"[0.7566666666666667, 0.41333333333333333]",0.0,4.0,0.5223608016967773,0.0,[56],237.0,1.0,0.0,"[0.0, 0.0]",0.0,0.5223608016967773,0.0001,0.0,0.0,"[0.0, 0.0]",0.1,0.0,"[0.0, 0.0]",0.0,valid
0.574106364428945,"[0.7345248474280732, 0.41368788142981694]",0.0,4.0,0.5536784503770911,0.0,[56],238.0,1.0,0.002956393200295635,"[0.0, 0.00591278640059127]",0.0,0.5536784503770911,0.0001,0.0,0.33333333333333326,"[0.0, 0.6666666666666665]",0.1,0.0014847809948032665,"[0.0, 0.002969561989606533]",0.0,train
0.585,"[0.7566666666666667, 0.41333333333333333]",0.0,4.0,0.522244950135549,0.0,[56],238.0,1.0,0.0,"[0.0, 0.0]",0.0,0.522244950135549,0.0001,0.0,0.0,"[0.0, 0.0]",0.1,0.0,"[0.0, 0.0]",0.0,valid
0.5734524847428073,"[0.7345248474280732, 0.41238012205754143]",0.0,4.0,0.5501600788987201,0.0,[56],239.0,1.0,0.0007407407407407384,"[0.0, 0.0014814814814814769]",0.0,0.5501600788987201,0.0001,0.0,0.16666666666666663,"[0.0, 0.33333333333333326]",0.1,0.0003711952487008166,"[0.0, 0.0007423904974016332]",0.0,train
0.585,"[0.7566666666666667, 0.41333333333333333]",0.0,4.0,0.5211706360181173,0.0,[56],239.0,1.0,0.0,"[0.0, 0.0]",0.0,0.5211706360181173,0.0001,0.0,0.0,"[0.0, 0.0]",0.1,0.0,"[0.0, 0.0]",0.0,valid
0.5736704446381866,"[0.7345248474280732, 0.4128160418482999]",0.0,4.0,0.5506506691808286,0.0,[56],240.0,1.0,0.0,"[0.0, 0.0]",0.0,0.5506506691808286,0.0001,0.0,0.0,"[0.0, 0.0]",0.1,0.0,"[0.0, 0.0]",0.0,train
0.585,"[0.7566666666666667, 0.41333333333333333]",0.0,4.0,0.5208079814910889,0.0,[56],240.0,1.0,0.0,"[0.0, 0.0]",0.0,0.5208079814910889,0.0001,0.0,0.0,"[0.0, 0.0]",0.1,0.0,"[0.0, 0.0]",0.0,valid
0.5736704446381866,"[0.7345248474280732, 0.4128160418482999]",0.0,4.0,0.5535216175991556,0.0,[56],241.0,1.0,0.0007412898443291311,"[0.0, 0.0014825796886582623]",0.0,0.5535216175991556,0.0001,0.0,0.2499999999999999,"[0.0, 0.4999999999999998]",0.1,0.0003711952487008166,"[0.0, 0.0007423904974016332]",0.0,train
0.585,"[0.7566666666666667, 0.41333333333333333]",0.0,4.0,0.5217857956886292,0.0,[56],241.0,1.0,0.0,"[0.0, 0.0]",0.0,0.5217857956886292,0.0001,0.0,0.0,"[0.0, 0.0]",0.1,0.0,"[0.0, 0.0]",0.0,valid
0.5747602441150828,"[0.7345248474280732, 0.4149956408020924]",0.0,4.0,0.5503506660461426,0.0,[56],242.0,1.0,0.004431314623338252,"[0.0, 0.008862629246676504]",0.0,0.5503506660461426,0.0001,0.0,0.4285714285714285,"[0.0, 0.857142857142857]",0.1,0.0022271714922048997,"[0.0, 0.004454342984409799]",0.0,train
0.585,"[0.7566666666666667, 0.41333333333333333]",0.0,4.0,0.5241735974947611,0.0,[56],242.0,1.0,0.0,"[0.0, 0.0]",0.0,0.5241735974947611,0.0001,0.0,0.0,"[0.0, 0.0]",0.1,0.0,"[0.0, 0.0]",0.0,valid
0.5736704446381866,"[0.7345248474280732, 0.4128160418482999]",0.0,4.0,0.5501828452815181,0.0,[56],243.0,1.0,0.001480384900074016,"[0.0, 0.002960769800148032]",0.0,0.5501828452815181,0.0001,0.0,0.24999999999999994,"[0.0, 0.4999999999999999]",0.1,0.0007423904974016332,"[0.0, 0.0014847809948032665]",0.0,train
0.585,"[0.7566666666666667, 0.41333333333333333]",0.0,4.0,0.5213618477185568,0.0,[56],243.0,1.0,0.0,"[0.0, 0.0]",0.0,0.5213618477185568,0.0001,0.0,0.0,"[0.0, 0.0]",0.1,0.0,"[0.0, 0.0]",0.0,valid
0.5743243243243243,"[0.7345248474280732, 0.4141238012205754]",0.0,4.0,0.5497549150301062,0.0,[56],244.0,1.0,0.003692762186115209,"[0.0, 0.007385524372230418]",0.0,0.5497549150301062,0.0001,0.0,0.3571428571428571,"[0.0, 0.7142857142857142]",0.1,0.001855976243504083,"[0.0, 0.003711952487008166]",0.0,train
0.585,"[0.7566666666666667, 0.41333333333333333]",0.0,4.0,0.5226544340451559,0.0,[56],244.0,1.0,0.0,"[0.0, 0.0]",0.0,0.5226544340451559,0.0001,0.0,0.0,"[0.0, 0.0]",0.1,0.0,"[0.0, 0.0]",0.0,valid
0.5734524847428073,"[0.7345248474280732, 0.41238012205754143]",0.0,4.0,0.5492763545202173,0.0,[56],245.0,1.0,0.0014792899408283986,"[0.0, 0.0029585798816567973]",0.0,0.5492763545202173,0.0001,0.0,0.19999999999999996,"[0.0, 0.3999999999999999]",0.1,0.0007423904974016332,"[0.0, 0.0014847809948032665]",0.0,train
0.585,"[0.7566666666666667, 0.41333333333333333]",0.0,4.0,0.5221900045871735,0.0,[56],245.0,1.0,0.0,"[0.0, 0.0]",0.0,0.5221900045871735,0.0001,0.0,0.0,"[0.0, 0.0]",0.1,0.0,"[0.0, 0.0]",0.0,valid
0.5738884045335658,"[0.7345248474280732, 0.4132519616390584]",0.0,4.0,0.5486727149590201,0.0,[56],246.0,1.0,0.001481481481481479,"[0.0, 0.002962962962962958]",0.0,0.5486727149590201,0.0001,0.0,0.33333333333333326,"[0.0, 0.6666666666666665]",0.1,0.0007423904974016332,"[0.0, 0.0014847809948032665]",0.0,train
0.585,"[0.7566666666666667, 0.41333333333333333]",0.0,4.0,0.5188094675540924,0.0,[56],246.0,1.0,0.0,"[0.0, 0.0]",0.0,0.5188094675540924,0.0001,0.0,0.0,"[0.0, 0.0]",0.1,0.0,"[0.0, 0.0]",0.0,valid
0.5743243243243243,"[0.7345248474280732, 0.4141238012205754]",0.0,4.0,0.5501922446748485,0.0,[56],247.0,1.0,0.002222222222222219,"[0.0, 0.004444444444444438]",0.0,0.5501922446748485,0.0001,0.0,0.49999999999999983,"[0.0, 0.9999999999999997]",0.1,0.0011135857461024498,"[0.0, 0.0022271714922048997]",0.0,train
0.585,"[0.7566666666666667, 0.41333333333333333]",0.0,4.0,0.5202651421229044,0.0,[56],247.0,1.0,0.0,"[0.0, 0.0]",0.0,0.5202651421229044,0.0001,0.0,0.0,"[0.0, 0.0]",0.1,0.0,"[0.0, 0.0]",0.0,valid
0.5736704446381866,"[0.7345248474280732, 0.4128160418482999]",0.0,4.0,0.5497732680776845,0.0,[56],248.0,1.0,0.0007412898443291311,"[0.0, 0.0014825796886582623]",0.0,0.5497732680776845,0.0001,0.0,0.2499999999999999,"[0.0, 0.4999999999999998]",0.1,0.0003711952487008166,"[0.0, 0.0007423904974016332]",0.0,train
0.585,"[0.7566666666666667, 0.41333333333333333]",0.0,4.0,0.5197883148988088,0.0,[56],248.0,1.0,0.0,"[0.0, 0.0]",0.0,0.5197883148988088,0.0001,0.0,0.0,"[0.0, 0.0]",0.1,0.0,"[0.0, 0.0]",0.0,valid
0.5734524847428073,"[0.7345248474280732, 0.41238012205754143]",0.0,4.0,0.5498088883317035,0.0,[56],249.0,1.0,0.0022156573116691235,"[0.0, 0.004431314623338247]",0.0,0.5498088883317035,0.0001,0.0,0.21428571428571425,"[0.0, 0.4285714285714285]",0.1,0.0011135857461024498,"[0.0, 0.0022271714922048997]",0.0,train
0.585,"[0.7566666666666667, 0.41333333333333333]",0.0,4.0,0.5258182883262634,0.0,[56],249.0,1.0,0.0,"[0.0, 0.0]",0.0,0.5258182883262634,0.0001,0.0,0.0,"[0.0, 0.0]",0.1,0.0,"[0.0, 0.0]",0.0,valid
0.5662598081952921,"[0.7083696599825632, 0.42414995640802095]",0.0,4.0,0.5748814033425372,0.0,[56],0.0,2.0,0.09503439012528637,"[0.07724137931034457, 0.11282740094022818]",0.0,0.5748814033425372,0.0001,0.0,0.41646430305973775,"[0.2413793103448276, 0.5915492957746479]",0.1,0.054168906637995035,"[0.04597701149425287, 0.062360801781737196]",0.0,train
0.585,"[0.7566666666666667, 0.41333333333333333]",0.0,4.0,0.5248689850171407,0.0,[56],0.0,2.0,0.0,"[0.0, 0.0]",0.0,0.5248689850171407,0.0001,0.0,0.0,"[0.0, 0.0]",0.1,0.0,"[0.0, 0.0]",0.0,valid
0.5736704446381866,"[0.7345248474280732, 0.4128160418482999]",0.0,4.0,0.5587248828100122,0.0,[56],1.0,2.0,0.0,"[0.0, 0.0]",0.0,0.5587248828100122,0.0001,0.0,0.0,"[0.0, 0.0]",0.1,0.0,"[0.0, 0.0]",0.0,train
0.585,"[0.7566666666666667, 0.41333333333333333]",0.0,4.0,0.5279330015182495,0.0,[56],1.0,2.0,0.0,"[0.0, 0.0]",0.0,0.5279330015182495,0.0001,0.0,0.0,"[0.0, 0.0]",0.1,0.0,"[0.0, 0.0]",0.0,valid
0.5736704446381866,"[0.7345248474280732, 0.4128160418482999]",0.0,4.0,0.5574369404626929,0.0,[56],2.0,2.0,0.0,"[0.0, 0.0]",0.0,0.5574369404626929,0.0001,0.0,0.0,"[0.0, 0.0]",0.1,0.0,"[0.0, 0.0]",0.0,train
0.585,"[0.7566666666666667, 0.41333333333333333]",0.0,4.0,0.5243059992790222,0.0,[56],2.0,2.0,0.0,"[0.0, 0.0]",0.0,0.5243059992790222,0.0001,0.0,0.0,"[0.0, 0.0]",0.1,0.0,"[0.0, 0.0]",0.0,valid
0.5736704446381866,"[0.7345248474280732, 0.4128160418482999]",0.0,4.0,0.5581429497055386,0.0,[56],3.0,2.0,0.0,"[0.0, 0.0]",0.0,0.5581429497055386,0.0001,0.0,0.0,"[0.0, 0.0]",0.1,0.0,"[0.0, 0.0]",0.0,train
0.585,"[0.7566666666666667, 0.41333333333333333]",0.0,4.0,0.5259726643562317,0.0,[56],3.0,2.0,0.0,"[0.0, 0.0]",0.0,0.5259726643562317,0.0001,0.0,0.0,"[0.0, 0.0]",0.1,0.0,"[0.0, 0.0]",0.0,valid
0.5736704446381866,"[0.7345248474280732, 0.4128160418482999]",0.0,4.0,0.5604468013929285,0.0,[56],4.0,2.0,0.0,"[0.0, 0.0]",0.0,0.5604468013929285,0.0001,0.0,0.0,"[0.0, 0.0]",0.1,0.0,"[0.0, 0.0]",0.0,train
0.585,"[0.7566666666666667, 0.41333333333333333]",0.0,4.0,0.5268785357475281,0.0,[56],4.0,2.0,0.0,"[0.0, 0.0]",0.0,0.5268785357475281,0.0001,0.0,0.0,"[0.0, 0.0]",0.1,0.0,"[0.0, 0.0]",0.0,valid
0.5736704446381866,"[0.7345248474280732, 0.4128160418482999]",0.0,4.0,0.5559108749679897,0.0,[56],5.0,2.0,0.0,"[0.0, 0.0]",0.0,0.5559108749679897,0.0001,0.0,0.0,"[0.0, 0.0]",0.1,0.0,"[0.0, 0.0]",0.0,train
0.585,"[0.7566666666666667, 0.41333333333333333]",0.0,4.0,0.5245489875475565,0.0,[56],5.0,2.0,0.0,"[0.0, 0.0]",0.0,0.5245489875475565,0.0001,0.0,0.0,"[0.0, 0.0]",0.1,0.0,"[0.0, 0.0]",0.0,valid
0.5738884045335658,"[0.7345248474280732, 0.4132519616390584]",0.0,4.0,0.557498398034469,0.0,[56],6.0,2.0,0.0007418397626112751,"[0.0, 0.0014836795252225502]",0.0,0.557498398034469,0.0001,0.0,0.49999999999999944,"[0.0, 0.9999999999999989]",0.1,0.0003711952487008166,"[0.0, 0.0007423904974016332]",0.0,train
0.585,"[0.7566666666666667, 0.41333333333333333]",0.0,4.0,0.5247848431269327,0.0,[56],6.0,2.0,0.0,"[0.0, 0.0]",0.0,0.5247848431269327,0.0001,0.0,0.0,"[0.0, 0.0]",0.1,0.0,"[0.0, 0.0]",0.0,valid
0.5743243243243243,"[0.7345248474280732, 0.4141238012205754]",0.0,4.0,0.5557792912358823,0.0,[56],7.0,2.0,0.002222222222222219,"[0.0, 0.004444444444444438]",0.0,0.5557792912358823,0.0001,0.0,0.49999999999999983,"[0.0, 0.9999999999999997]",0.1,0.0011135857461024498,"[0.0, 0.0022271714922048997]",0.0,train
0.585,"[0.7566666666666667, 0.41333333333333333]",0.0,4.0,0.5258733232816061,0.0,[56],7.0,2.0,0.0,"[0.0, 0.0]",0.0,0.5258733232816061,0.0001,0.0,0.0,"[0.0, 0.0]",0.1,0.0,"[0.0, 0.0]",0.0,valid
0.5734524847428073,"[0.7345248474280732, 0.41238012205754143]",0.0,4.0,0.5589956019235693,0.0,[56],8.0,2.0,0.0,"[0.0, 0.0]",0.0,0.5589956019235693,0.0001,0.0,0.0,"[0.0, 0.0]",0.1,0.0,"[0.0, 0.0]",0.0,train
0.585,"[0.7566666666666667, 0.41333333333333333]",0.0,4.0,0.5233785708745321,0.0,[56],8.0,2.0,0.0,"[0.0, 0.0]",0.0,0.5233785708745321,0.0001,0.0,0.0,"[0.0, 0.0]",0.1,0.0,"[0.0, 0.0]",0.0,valid
0.5734524847428073,"[0.7345248474280732, 0.41238012205754143]",0.0,4.0,0.5577537832052811,0.0,[56],9.0,2.0,0.0,"[0.0, 0.0]",0.0,0.5577537832052811,0.0001,0.0,0.0,"[0.0, 0.0]",0.1,0.0,"[0.0, 0.0]",0.0,train
0.585,"[0.7566666666666667, 0.41333333333333333]",0.0,4.0,0.525838573773702,0.0,[56],9.0,2.0,0.0,"[0.0, 0.0]",0.0,0.525838573773702,0.0001,0.0,0.0,"[0.0, 0.0]",0.1,0.0,"[0.0, 0.0]",0.0,valid
0.5736704446381866,"[0.7345248474280732, 0.4128160418482999]",0.0,4.0,0.5579429450242416,0.0,[56],10.0,2.0,0.0,"[0.0, 0.0]",0.0,0.5579429450242416,0.0001,0.0,0.0,"[0.0, 0.0]",0.1,0.0,"[0.0, 0.0]",0.0,train
0.585,"[0.7566666666666667, 0.41333333333333333]",0.0,4.0,0.5224423011144003,0.0,[56],10.0,2.0,0.0,"[0.0, 0.0]",0.0,0.5224423011144003,0.0001,0.0,0.0,"[0.0, 0.0]",0.1,0.0,"[0.0, 0.0]",0.0,valid
0.5736704446381866,"[0.7345248474280732, 0.4128160418482999]",0.0,4.0,0.5568594492000082,0.0,[56],11.0,2.0,0.0,"[0.0, 0.0]",0.0,0.5568594492000082,0.0001,0.0,0.0,"[0.0, 0.0]",0.1,0.0,"[0.0, 0.0]",0.0,train
0.585,"[0.7566666666666667, 0.41333333333333333]",0.0,4.0,0.5262126326560974,0.0,[56],11.0,2.0,0.0,"[0.0, 0.0]",0.0,0.5262126326560974,0.0001,0.0,0.0,"[0.0, 0.0]",0.1,0.0,"[0.0, 0.0]",0.0,valid
0.5736704446381866,"[0.7345248474280732, 0.4128160418482999]",0.0,4.0,0.5587767077528912,0.0,[56],12.0,2.0,0.0,"[0.0, 0.0]",0.0,0.5587767077528912,0.0001,0.0,0.0,"[0.0, 0.0]",0.1,0.0,"[0.0, 0.0]",0.0,train
0.585,"[0.7566666666666667, 0.41333333333333333]",0.0,4.0,0.5257208347320557,0.0,[56],12.0,2.0,0.0,"[0.0, 0.0]",0.0,0.5257208347320557,0.0001,0.0,0.0,"[0.0, 0.0]",0.1,0.0,"[0.0, 0.0]",0.0,valid
0.5734524847428073,"[0.7345248474280732, 0.41238012205754143]",0.0,4.0,0.5562856663828311,0.0,[56],13.0,2.0,0.0,"[0.0, 0.0]",0.0,0.5562856663828311,0.0001,0.0,0.0,"[0.0, 0.0]",0.1,0.0,"[0.0, 0.0]",0.0,train
0.585,"[0.7566666666666667, 0.41333333333333333]",0.0,4.0,0.5250328977902731,0.0,[56],13.0,2.0,0.0,"[0.0, 0.0]",0.0,0.5250328977902731,0.0001,0.0,0.0,"[0.0, 0.0]",0.1,0.0,"[0.0, 0.0]",0.0,valid
0.5738884045335658,"[0.7345248474280732, 0.4132519616390584]",0.0,4.0,0.5565604567527771,0.0,[56],14.0,2.0,0.0007418397626112751,"[0.0, 0.0014836795252225502]",0.0,0.5565604567527771,0.0001,0.0,0.49999999999999944,"[0.0, 0.9999999999999989]",0.1,0.0003711952487008166,"[0.0, 0.0007423904974016332]",0.0,train
0.585,"[0.7566666666666667, 0.41333333333333333]",0.0,4.0,0.526361366113027,0.0,[56],14.0,2.0,0.0,"[0.0, 0.0]",0.0,0.526361366113027,0.0001,0.0,0.0,"[0.0, 0.0]",0.1,0.0,"[0.0, 0.0]",0.0,valid
0.5736704446381866,"[0.7345248474280732, 0.4128160418482999]",0.0,4.0,0.5575636132903721,0.0,[56],15.0,2.0,0.0,"[0.0, 0.0]",0.0,0.5575636132903721,0.0001,0.0,0.0,"[0.0, 0.0]",0.1,0.0,"[0.0, 0.0]",0.0,train
0.585,"[0.7566666666666667, 0.41333333333333333]",0.0,4.0,0.524637500445048,0.0,[56],15.0,2.0,0.0,"[0.0, 0.0]",0.0,0.524637500445048,0.0001,0.0,0.0,"[0.0, 0.0]",0.1,0.0,"[0.0, 0.0]",0.0,valid
0.5736704446381866,"[0.7345248474280732, 0.4128160418482999]",0.0,4.0,0.5539905636206918,0.0,[56],16.0,2.0,0.0,"[0.0, 0.0]",0.0,0.5539905636206918,0.0001,0.0,0.0,"[0.0, 0.0]",0.1,0.0,"[0.0, 0.0]",0.0,train
0.585,"[0.7566666666666667, 0.41333333333333333]",0.0,4.0,0.5238404273986816,0.0,[56],16.0,2.0,0.0,"[0.0, 0.0]",0.0,0.5238404273986816,0.0001,0.0,0.0,"[0.0, 0.0]",0.1,0.0,"[0.0, 0.0]",0.0,valid
0.5736704446381866,"[0.7345248474280732, 0.4128160418482999]",0.0,4.0,0.5570524956869043,0.0,[56],17.0,2.0,0.0,"[0.0, 0.0]",0.0,0.5570524956869043,0.0001,0.0,0.0,"[0.0, 0.0]",0.1,0.0,"[0.0, 0.0]",0.0,train
0.585,"[0.7566666666666667, 0.41333333333333333]",0.0,4.0,0.525596559047699,0.0,[56],17.0,2.0,0.0,"[0.0, 0.0]",0.0,0.525596559047699,0.0001,0.0,0.0,"[0.0, 0.0]",0.1,0.0,"[0.0, 0.0]",0.0,valid
0.5736704446381866,"[0.7345248474280732, 0.4128160418482999]",0.0,4.0,0.5574647732402968,0.0,[56],18.0,2.0,0.0,"[0.0, 0.0]",0.0,0.5574647732402968,0.0001,0.0,0.0,"[0.0, 0.0]",0.1,0.0,"[0.0, 0.0]",0.0,train
0.585,"[0.7566666666666667, 0.41333333333333333]",0.0,4.0,0.5244285265604655,0.0,[56],18.0,2.0,0.0,"[0.0, 0.0]",0.0,0.5244285265604655,0.0001,0.0,0.0,"[0.0, 0.0]",0.1,0.0,"[0.0, 0.0]",0.0,valid
0.5736704446381866,"[0.7345248474280732, 0.4128160418482999]",0.0,4.0,0.5580843065095984,0.0,[56],19.0,2.0,0.0,"[0.0, 0.0]",0.0,0.5580843065095984,0.0001,0.0,0.0,"[0.0, 0.0]",0.1,0.0,"[0.0, 0.0]",0.0,train
0.585,"[0.7566666666666667, 0.41333333333333333]",0.0,4.0,0.525495707988739,0.0,[56],19.0,2.0,0.0,"[0.0, 0.0]",0.0,0.525495707988739,0.0001,0.0,0.0,"[0.0, 0.0]",0.1,0.0,"[0.0, 0.0]",0.0,valid
0.5738884045335658,"[0.7345248474280732, 0.4132519616390584]",0.0,4.0,0.5562625501466834,0.0,[56],20.0,2.0,0.0007418397626112751,"[0.0, 0.0014836795252225502]",0.0,0.5562625501466834,0.0001,0.0,0.49999999999999944,"[0.0, 0.9999999999999989]",0.1,0.0003711952487008166,"[0.0, 0.0007423904974016332]",0.0,train
0.585,"[0.7566666666666667, 0.41333333333333333]",0.0,4.0,0.52439018090566,0.0,[56],20.0,2.0,0.0,"[0.0, 0.0]",0.0,0.52439018090566,0.0001,0.0,0.0,"[0.0, 0.0]",0.1,0.0,"[0.0, 0.0]",0.0,valid
0.5738884045335658,"[0.7345248474280732, 0.4132519616390584]",0.0,4.0,0.5589942154677018,0.0,[56],21.0,2.0,0.0007418397626112751,"[0.0, 0.0014836795252225502]",0.0,0.5589942154677018,0.0001,0.0,0.49999999999999944,"[0.0, 0.9999999999999989]",0.1,0.0003711952487008166,"[0.0, 0.0007423904974016332]",0.0,train
0.585,"[0.7566666666666667, 0.41333333333333333]",0.0,4.0,0.5234013696511587,0.0,[56],21.0,2.0,0.0,"[0.0, 0.0]",0.0,0.5234013696511587,0.0001,0.0,0.0,"[0.0, 0.0]",0.1,0.0,"[0.0, 0.0]",0.0,valid
0.5736704446381866,"[0.7345248474280732, 0.4128160418482999]",0.0,4.0,0.5551268847092338,0.0,[56],22.0,2.0,0.0,"[0.0, 0.0]",0.0,0.5551268847092338,0.0001,0.0,0.0,"[0.0, 0.0]",0.1,0.0,"[0.0, 0.0]",0.0,train
0.585,"[0.7566666666666667, 0.41333333333333333]",0.0,4.0,0.5235694746176401,0.0,[56],22.0,2.0,0.0,"[0.0, 0.0]",0.0,0.5235694746176401,0.0001,0.0,0.0,"[0.0, 0.0]",0.1,0.0,"[0.0, 0.0]",0.0,valid
0.5738884045335658,"[0.7345248474280732, 0.4132519616390584]",0.0,4.0,0.5554411644520967,0.0,[56],23.0,2.0,0.0007418397626112751,"[0.0, 0.0014836795252225502]",0.0,0.5554411644520967,0.0001,0.0,0.49999999999999944,"[0.0, 0.9999999999999989]",0.1,0.0003711952487008166,"[0.0, 0.0007423904974016332]",0.0,train
0.585,"[0.7566666666666667, 0.41333333333333333]",0.0,4.0,0.5252374410629272,0.0,[56],23.0,2.0,0.0,"[0.0, 0.0]",0.0,0.5252374410629272,0.0001,0.0,0.0,"[0.0, 0.0]",0.1,0.0,"[0.0, 0.0]",0.0,valid
0.5734524847428073,"[0.7345248474280732, 0.41238012205754143]",0.0,4.0,0.5556108277776967,0.0,[56],24.0,2.0,0.0,"[0.0, 0.0]",0.0,0.5556108277776967,0.0001,0.0,0.0,"[0.0, 0.0]",0.1,0.0,"[0.0, 0.0]",0.0,train
0.585,"[0.7566666666666667, 0.41333333333333333]",0.0,4.0,0.5230678816636404,0.0,[56],24.0,2.0,0.0,"[0.0, 0.0]",0.0,0.5230678816636404,0.0001,0.0,0.0,"[0.0, 0.0]",0.1,0.0,"[0.0, 0.0]",0.0,valid
0.5736704446381866,"[0.7345248474280732, 0.4128160418482999]",0.0,4.0,0.5512978304987368,0.0,[56],25.0,2.0,0.0,"[0.0, 0.0]",0.0,0.5512978304987368,0.0001,0.0,0.0,"[0.0, 0.0]",0.1,0.0,"[0.0, 0.0]",0.0,train
0.585,"[0.7566666666666667, 0.41333333333333333]",0.0,4.0,0.5252070625623068,0.0,[56],25.0,2.0,0.0,"[0.0, 0.0]",0.0,0.5252070625623068,0.0001,0.0,0.0,"[0.0, 0.0]",0.1,0.0,"[0.0, 0.0]",0.0,valid
0.5738884045335658,"[0.7345248474280732, 0.4132519616390584]",0.0,4.0,0.5519014467363772,0.0,[56],26.0,2.0,0.0007418397626112751,"[0.0, 0.0014836795252225502]",0.0,0.5519014467363772,0.0001,0.0,0.49999999999999944,"[0.0, 0.9999999999999989]",0.1,0.0003711952487008166,"[0.0, 0.0007423904974016332]",0.0,train
0.585,"[0.7566666666666667, 0.41333333333333333]",0.0,4.0,0.5238027175267538,0.0,[56],26.0,2.0,0.0,"[0.0, 0.0]",0.0,0.5238027175267538,0.0001,0.0,0.0,"[0.0, 0.0]",0.1,0.0,"[0.0, 0.0]",0.0,valid
0.5738884045335658,"[0.7345248474280732, 0.4132519616390584]",0.0,4.0,0.5576582343681998,0.0,[56],27.0,2.0,0.0007418397626112751,"[0.0, 0.0014836795252225502]",0.0,0.5576582343681998,0.0001,0.0,0.49999999999999944,"[0.0, 0.9999999999999989]",0.1,0.0003711952487008166,"[0.0, 0.0007423904974016332]",0.0,train
0.585,"[0.7566666666666667, 0.41333333333333333]",0.0,4.0,0.5232877333958944,0.0,[56],27.0,2.0,0.0,"[0.0, 0.0]",0.0,0.5232877333958944,0.0001,0.0,0.0,"[0.0, 0.0]",0.1,0.0,"[0.0, 0.0]",0.0,valid
0.5734524847428073,"[0.7345248474280732, 0.41238012205754143]",0.0,4.0,0.5575207238611968,0.0,[56],28.0,2.0,0.0,"[0.0, 0.0]",0.0,0.5575207238611968,0.0001,0.0,0.0,"[0.0, 0.0]",0.1,0.0,"[0.0, 0.0]",0.0,train
0.585,"[0.7566666666666667, 0.41333333333333333]",0.0,4.0,0.5237470070521036,0.0,[56],28.0,2.0,0.0,"[0.0, 0.0]",0.0,0.5237470070521036,0.0001,0.0,0.0,"[0.0, 0.0]",0.1,0.0,"[0.0, 0.0]",0.0,valid
0.5734524847428073,"[0.7345248474280732, 0.41238012205754143]",0.0,4.0,0.5567870036415432,0.0,[56],29.0,2.0,0.0,"[0.0, 0.0]",0.0,0.5567870036415432,0.0001,0.0,0.0,"[0.0, 0.0]",0.1,0.0,"[0.0, 0.0]",0.0,train
0.585,"[0.7566666666666667, 0.41333333333333333]",0.0,4.0,0.5229510068893433,0.0,[56],29.0,2.0,0.0,"[0.0, 0.0]",0.0,0.5229510068893433,0.0001,0.0,0.0,"[0.0, 0.0]",0.1,0.0,"[0.0, 0.0]",0.0,valid
0.5736704446381866,"[0.7345248474280732, 0.4128160418482999]",0.0,4.0,0.5531938024189161,0.0,[56],30.0,2.0,0.0,"[0.0, 0.0]",0.0,0.5531938024189161,0.0001,0.0,0.0,"[0.0, 0.0]",0.1,0.0,"[0.0, 0.0]",0.0,train
0.585,"[0.7566666666666667, 0.41333333333333333]",0.0,4.0,0.5221270521481832,0.0,[56],30.0,2.0,0.0,"[0.0, 0.0]",0.0,0.5221270521481832,0.0001,0.0,0.0,"[0.0, 0.0]",0.1,0.0,"[0.0, 0.0]",0.0,valid
0.5736704446381866,"[0.7345248474280732, 0.4128160418482999]",0.0,4.0,0.557456348253333,0.0,[56],31.0,2.0,0.0,"[0.0, 0.0]",0.0,0.557456348253333,0.0001,0.0,0.0,"[0.0, 0.0]",0.1,0.0,"[0.0, 0.0]",0.0,train
0.585,"[0.7566666666666667, 0.41333333333333333]",0.0,4.0,0.5242038567860922,0.0,[56],31.0,2.0,0.0,"[0.0, 0.0]",0.0,0.5242038567860922,0.0001,0.0,0.0,"[0.0, 0.0]",0.1,0.0,"[0.0, 0.0]",0.0,valid
0.5738884045335658,"[0.7345248474280732, 0.4132519616390584]",0.0,4.0,0.554827982964723,0.0,[56],32.0,2.0,0.0007418397626112751,"[0.0, 0.0014836795252225502]",0.0,0.554827982964723,0.0001,0.0,0.49999999999999944,"[0.0, 0.9999999999999989]",0.1,0.0003711952487008166,"[0.0, 0.0007423904974016332]",0.0,train
0.585,"[0.7566666666666667, 0.41333333333333333]",0.0,4.0,0.5243072410424551,0.0,[56],32.0,2.0,0.0,"[0.0, 0.0]",0.0,0.5243072410424551,0.0001,0.0,0.0,"[0.0, 0.0]",0.1,0.0,"[0.0, 0.0]",0.0,valid
0.5734524847428073,"[0.7345248474280732, 0.41238012205754143]",0.0,4.0,0.5583671357320703,0.0,[56],33.0,2.0,0.0,"[0.0, 0.0]",0.0,0.5583671357320703,0.0001,0.0,0.0,"[0.0, 0.0]",0.1,0.0,"[0.0, 0.0]",0.0,train
0.585,"[0.7566666666666667, 0.41333333333333333]",0.0,4.0,0.5271336634953817,0.0,[56],33.0,2.0,0.0,"[0.0, 0.0]",0.0,0.5271336634953817,0.0001,0.0,0.0,"[0.0, 0.0]",0.1,0.0,"[0.0, 0.0]",0.0,valid
0.5736704446381866,"[0.7345248474280732, 0.4128160418482999]",0.0,4.0,0.5548135353171307,0.0,[56],34.0,2.0,0.0,"[0.0, 0.0]",0.0,0.5548135353171307,0.0001,0.0,0.0,"[0.0, 0.0]",0.1,0.0,"[0.0, 0.0]",0.0,train
0.585,"[0.7566666666666667, 0.41333333333333333]",0.0,4.0,0.5252507527669271,0.0,[56],34.0,2.0,0.0,"[0.0, 0.0]",0.0,0.5252507527669271,0.0001,0.0,0.0,"[0.0, 0.0]",0.1,0.0,"[0.0, 0.0]",0.0,valid
0.5736704446381866,"[0.7345248474280732, 0.4128160418482999]",0.0,4.0,0.5542148092518682,0.0,[56],35.0,2.0,0.0,"[0.0, 0.0]",0.0,0.5542148092518682,0.0001,0.0,0.0,"[0.0, 0.0]",0.1,0.0,"[0.0, 0.0]",0.0,train
0.585,"[0.7566666666666667, 0.41333333333333333]",0.0,4.0,0.5261514584223429,0.0,[56],35.0,2.0,0.0,"[0.0, 0.0]",0.0,0.5261514584223429,0.0001,0.0,0.0,"[0.0, 0.0]",0.1,0.0,"[0.0, 0.0]",0.0,valid
0.5736704446381866,"[0.7345248474280732, 0.4128160418482999]",0.0,4.0,0.5564449870068094,0.0,[56],36.0,2.0,0.0,"[0.0, 0.0]",0.0,0.5564449870068094,0.0001,0.0,0.0,"[0.0, 0.0]",0.1,0.0,"[0.0, 0.0]",0.0,train
0.585,"[0.7566666666666667, 0.41333333333333333]",0.0,4.0,0.5230609178543091,0.0,[56],36.0,2.0,0.0,"[0.0, 0.0]",0.0,0.5230609178543091,0.0001,0.0,0.0,"[0.0, 0.0]",0.1,0.0,"[0.0, 0.0]",0.0,valid
0.5736704446381866,"[0.7345248474280732, 0.4128160418482999]",0.0,4.0,0.5565234033957772,0.0,[56],37.0,2.0,0.0,"[0.0, 0.0]",0.0,0.5565234033957772,0.0001,0.0,0.0,"[0.0, 0.0]",0.1,0.0,"[0.0, 0.0]",0.0,train
0.585,"[0.7566666666666667, 0.41333333333333333]",0.0,4.0,0.5251040458679199,0.0,[56],37.0,2.0,0.0,"[0.0, 0.0]",0.0,0.5251040458679199,0.0001,0.0,0.0,"[0.0, 0.0]",0.1,0.0,"[0.0, 0.0]",0.0,valid
0.5736704446381866,"[0.7345248474280732, 0.4128160418482999]",0.0,4.0,0.553928906502931,0.0,[56],38.0,2.0,0.0,"[0.0, 0.0]",0.0,0.553928906502931,0.0001,0.0,0.0,"[0.0, 0.0]",0.1,0.0,"[0.0, 0.0]",0.0,train
0.585,"[0.7566666666666667, 0.41333333333333333]",0.0,4.0,0.5214537183443705,0.0,[56],38.0,2.0,0.0,"[0.0, 0.0]",0.0,0.5214537183443705,0.0001,0.0,0.0,"[0.0, 0.0]",0.1,0.0,"[0.0, 0.0]",0.0,valid
0.5736704446381866,"[0.7345248474280732, 0.4128160418482999]",0.0,4.0,0.5550180932749873,0.0,[56],39.0,2.0,0.0,"[0.0, 0.0]",0.0,0.5550180932749873,0.0001,0.0,0.0,"[0.0, 0.0]",0.1,0.0,"[0.0, 0.0]",0.0,train
0.585,"[0.7566666666666667, 0.41333333333333333]",0.0,4.0,0.5244543850421906,0.0,[56],39.0,2.0,0.0,"[0.0, 0.0]",0.0,0.5244543850421906,0.0001,0.0,0.0,"[0.0, 0.0]",0.1,0.0,"[0.0, 0.0]",0.0,valid
0.5743243243243243,"[0.7345248474280732, 0.4141238012205754]",0.0,4.0,0.5546839781429457,0.0,[56],40.0,2.0,0.002222222222222219,"[0.0, 0.004444444444444438]",0.0,0.5546839781429457,0.0001,0.0,0.49999999999999983,"[0.0, 0.9999999999999997]",0.1,0.0011135857461024498,"[0.0, 0.0022271714922048997]",0.0,train
0.585,"[0.7566666666666667, 0.41333333333333333]",0.0,4.0,0.5236195425192515,0.0,[56],40.0,2.0,0.0,"[0.0, 0.0]",0.0,0.5236195425192515,0.0001,0.0,0.0,"[0.0, 0.0]",0.1,0.0,"[0.0, 0.0]",0.0,valid
0.5732345248474281,"[0.7345248474280732, 0.4119442022667829]",0.0,4.0,0.5542677951895673,0.0,[56],41.0,2.0,0.0,"[0.0, 0.0]",0.0,0.5542677951895673,0.0001,0.0,0.0,"[0.0, 0.0]",0.1,0.0,"[0.0, 0.0]",0.0,train
0.5866666666666667,"[0.7566666666666667, 0.4166666666666667]",0.0,4.0,0.5231805841128031,0.0,[56],41.0,2.0,0.0056497175141242886,"[0.0, 0.011299435028248577]",0.0,0.5231805841128031,0.0001,0.0,0.49999999999999944,"[0.0, 0.9999999999999989]",0.1,0.002840909090909091,"[0.0, 0.005681818181818182]",0.0,valid
0.5736704446381866,"[0.7345248474280732, 0.4128160418482999]",0.0,4.0,0.5539525928704635,0.0,[56],42.0,2.0,0.0,"[0.0, 0.0]",0.0,0.5539525928704635,0.0001,0.0,0.0,"[0.0, 0.0]",0.1,0.0,"[0.0, 0.0]",0.0,train
0.585,"[0.7566666666666667, 0.41333333333333333]",0.0,4.0,0.52212921778361,0.0,[56],42.0,2.0,0.0,"[0.0, 0.0]",0.0,0.52212921778361,0.0001,0.0,0.0,"[0.0, 0.0]",0.1,0.0,"[0.0, 0.0]",0.0,valid
0.5738884045335658,"[0.7345248474280732, 0.4132519616390584]",0.0,4.0,0.5540965018065079,0.0,[56],43.0,2.0,0.0007418397626112751,"[0.0, 0.0014836795252225502]",0.0,0.5540965018065079,0.0001,0.0,0.49999999999999944,"[0.0, 0.9999999999999989]",0.1,0.0003711952487008166,"[0.0, 0.0007423904974016332]",0.0,train
0.5866666666666667,"[0.7566666666666667, 0.4166666666666667]",0.0,4.0,0.5233827531337738,0.0,[56],43.0,2.0,0.0056497175141242886,"[0.0, 0.011299435028248577]",0.0,0.5233827531337738,0.0001,0.0,0.49999999999999944,"[0.0, 0.9999999999999989]",0.1,0.002840909090909091,"[0.0, 0.005681818181818182]",0.0,valid
0.5734524847428073,"[0.7345248474280732, 0.41238012205754143]",0.0,4.0,0.5537134123885114,0.0,[56],44.0,2.0,0.0,"[0.0, 0.0]",0.0,0.5537134123885114,0.0001,0.0,0.0,"[0.0, 0.0]",0.1,0.0,"[0.0, 0.0]",0.0,train
0.585,"[0.7566666666666667, 0.41333333333333333]",0.0,4.0,0.5236199299494425,0.0,[56],44.0,2.0,0.0,"[0.0, 0.0]",0.0,0.5236199299494425,0.0001,0.0,0.0,"[0.0, 0.0]",0.1,0.0,"[0.0, 0.0]",0.0,valid
0.5734524847428073,"[0.7345248474280732, 0.41238012205754143]",0.0,4.0,0.5556807699410812,0.0,[56],45.0,2.0,0.0,"[0.0, 0.0]",0.0,0.5556807699410812,0.0001,0.0,0.0,"[0.0, 0.0]",0.1,0.0,"[0.0, 0.0]",0.0,train
0.585,"[0.7566666666666667, 0.41333333333333333]",0.0,4.0,0.5268726348876953,0.0,[56],45.0,2.0,0.0,"[0.0, 0.0]",0.0,0.5268726348876953,0.0001,0.0,0.0,"[0.0, 0.0]",0.1,0.0,"[0.0, 0.0]",0.0,valid
0.5736704446381866,"[0.7345248474280732, 0.4128160418482999]",0.0,4.0,0.556298958218616,0.0,[56],46.0,2.0,0.0,"[0.0, 0.0]",0.0,0.556298958218616,0.0001,0.0,0.0,"[0.0, 0.0]",0.1,0.0,"[0.0, 0.0]",0.0,train
0.585,"[0.7566666666666667, 0.41333333333333333]",0.0,4.0,0.5238826870918274,0.0,[56],46.0,2.0,0.0,"[0.0, 0.0]",0.0,0.5238826870918274,0.0001,0.0,0.0,"[0.0, 0.0]",0.1,0.0,"[0.0, 0.0]",0.0,valid
0.5738884045335658,"[0.7345248474280732, 0.4132519616390584]",0.0,4.0,0.5563311447267947,0.0,[56],47.0,2.0,0.0007418397626112751,"[0.0, 0.0014836795252225502]",0.0,0.5563311447267947,0.0001,0.0,0.49999999999999944,"[0.0, 0.9999999999999989]",0.1,0.0003711952487008166,"[0.0, 0.0007423904974016332]",0.0,train
0.585,"[0.7566666666666667, 0.41333333333333333]",0.0,4.0,0.5240657329559326,0.0,[56],47.0,2.0,0.0,"[0.0, 0.0]",0.0,0.5240657329559326,0.0001,0.0,0.0,"[0.0, 0.0]",0.1,0.0,"[0.0, 0.0]",0.0,valid
0.5738884045335658,"[0.7345248474280732, 0.4132519616390584]",0.0,4.0,0.5525438604147538,0.0,[56],48.0,2.0,0.0007418397626112751,"[0.0, 0.0014836795252225502]",0.0,0.5525438604147538,0.0001,0.0,0.49999999999999944,"[0.0, 0.9999999999999989]",0.1,0.0003711952487008166,"[0.0, 0.0007423904974016332]",0.0,train
0.585,"[0.7566666666666667, 0.41333333333333333]",0.0,4.0,0.522185742855072,0.0,[56],48.0,2.0,0.0,"[0.0, 0.0]",0.0,0.522185742855072,0.0001,0.0,0.0,"[0.0, 0.0]",0.1,0.0,"[0.0, 0.0]",0.0,valid
0.5734524847428073,"[0.7345248474280732, 0.41238012205754143]",0.0,4.0,0.5543215948602428,0.0,[56],49.0,2.0,0.0,"[0.0, 0.0]",0.0,0.5543215948602428,0.0001,0.0,0.0,"[0.0, 0.0]",0.1,0.0,"[0.0, 0.0]",0.0,train
0.585,"[0.7566666666666667, 0.41333333333333333]",0.0,4.0,0.5251489877700806,0.0,[56],49.0,2.0,0.0,"[0.0, 0.0]",0.0,0.5251489877700806,0.0001,0.0,0.0,"[0.0, 0.0]",0.1,0.0,"[0.0, 0.0]",0.0,valid
0.5736704446381866,"[0.7345248474280732, 0.4128160418482999]",0.0,4.0,0.5563714892967887,0.0,[56],50.0,2.0,0.0007412898443291311,"[0.0, 0.0014825796886582623]",0.0,0.5563714892967887,0.0001,0.0,0.2499999999999999,"[0.0, 0.4999999999999998]",0.1,0.0003711952487008166,"[0.0, 0.0007423904974016332]",0.0,train
0.585,"[0.7566666666666667, 0.41333333333333333]",0.0,4.0,0.522896925608317,0.0,[56],50.0,2.0,0.0,"[0.0, 0.0]",0.0,0.522896925608317,0.0001,0.0,0.0,"[0.0, 0.0]",0.1,0.0,"[0.0, 0.0]",0.0,valid
0.5736704446381866,"[0.7345248474280732, 0.4128160418482999]",0.0,4.0,0.5541208982467651,0.0,[56],51.0,2.0,0.0,"[0.0, 0.0]",0.0,0.5541208982467651,0.0001,0.0,0.0,"[0.0, 0.0]",0.1,0.0,"[0.0, 0.0]",0.0,train
0.585,"[0.7566666666666667, 0.41333333333333333]",0.0,4.0,0.5273224512736002,0.0,[56],51.0,2.0,0.0,"[0.0, 0.0]",0.0,0.5273224512736002,0.0001,0.0,0.0,"[0.0, 0.0]",0.1,0.0,"[0.0, 0.0]",0.0,valid
0.5734524847428073,"[0.7345248474280732, 0.41238012205754143]",0.0,4.0,0.5543963287187659,0.0,[56],52.0,2.0,0.0,"[0.0, 0.0]",0.0,0.5543963287187659,0.0001,0.0,0.0,"[0.0, 0.0]",0.1,0.0,"[0.0, 0.0]",0.0,train
0.585,"[0.7566666666666667, 0.41333333333333333]",0.0,4.0,0.5224488178888956,0.0,[56],52.0,2.0,0.0,"[0.0, 0.0]",0.0,0.5224488178888956,0.0001,0.0,0.0,"[0.0, 0.0]",0.1,0.0,"[0.0, 0.0]",0.0,valid
0.5743243243243243,"[0.7345248474280732, 0.4141238012205754]",0.0,4.0,0.5548581869705863,0.0,[56],53.0,2.0,0.002222222222222219,"[0.0, 0.004444444444444438]",0.0,0.5548581869705863,0.0001,0.0,0.49999999999999983,"[0.0, 0.9999999999999997]",0.1,0.0011135857461024498,"[0.0, 0.0022271714922048997]",0.0,train
0.585,"[0.7566666666666667, 0.41333333333333333]",0.0,4.0,0.5226552387078603,0.0,[56],53.0,2.0,0.0,"[0.0, 0.0]",0.0,0.5226552387078603,0.0001,0.0,0.0,"[0.0, 0.0]",0.1,0.0,"[0.0, 0.0]",0.0,valid
0.5736704446381866,"[0.7345248474280732, 0.4128160418482999]",0.0,4.0,0.5536919521248859,0.0,[56],54.0,2.0,0.0,"[0.0, 0.0]",0.0,0.5536919521248859,0.0001,0.0,0.0,"[0.0, 0.0]",0.1,0.0,"[0.0, 0.0]",0.0,train
0.5883333333333334,"[0.7566666666666667, 0.42]",0.0,4.0,0.5226502219835917,0.0,[56],54.0,2.0,0.011235955056179761,"[0.0, 0.022471910112359522]",0.0,0.5226502219835917,0.0001,0.0,0.4999999999999998,"[0.0, 0.9999999999999996]",0.1,0.005681818181818182,"[0.0, 0.011363636363636364]",0.0,valid
0.5736704446381866,"[0.7345248474280732, 0.4128160418482999]",0.0,4.0,0.5522148401840873,0.0,[56],55.0,2.0,0.0007412898443291311,"[0.0, 0.0014825796886582623]",0.0,0.5522148401840873,0.0001,0.0,0.2499999999999999,"[0.0, 0.4999999999999998]",0.1,0.0003711952487008166,"[0.0, 0.0007423904974016332]",0.0,train
0.585,"[0.7566666666666667, 0.41333333333333333]",0.0,4.0,0.5223965048789978,0.0,[56],55.0,2.0,0.0,"[0.0, 0.0]",0.0,0.5223965048789978,0.0001,0.0,0.0,"[0.0, 0.0]",0.1,0.0,"[0.0, 0.0]",0.0,valid
0.574106364428945,"[0.7345248474280732, 0.41368788142981694]",0.0,4.0,0.5513157274412073,0.0,[56],56.0,2.0,0.0014825796886582636,"[0.0, 0.002965159377316527]",0.0,0.5513157274412073,0.0001,0.0,0.4999999999999998,"[0.0, 0.9999999999999996]",0.1,0.0007423904974016332,"[0.0, 0.0014847809948032665]",0.0,train
0.585,"[0.7566666666666667, 0.41333333333333333]",0.0,4.0,0.5214192370573679,0.0,[56],56.0,2.0,0.0,"[0.0, 0.0]",0.0,0.5214192370573679,0.0001,0.0,0.0,"[0.0, 0.0]",0.1,0.0,"[0.0, 0.0]",0.0,valid
0.5736704446381866,"[0.7345248474280732, 0.4128160418482999]",0.0,4.0,0.5533455895340961,0.0,[56],57.0,2.0,0.0007412898443291311,"[0.0, 0.0014825796886582623]",0.0,0.5533455895340961,0.0001,0.0,0.2499999999999999,"[0.0, 0.4999999999999998]",0.1,0.0003711952487008166,"[0.0, 0.0007423904974016332]",0.0,train
0.585,"[0.7566666666666667, 0.41333333333333333]",0.0,4.0,0.5218032002449036,0.0,[56],57.0,2.0,0.0,"[0.0, 0.0]",0.0,0.5218032002449036,0.0001,0.0,0.0,"[0.0, 0.0]",0.1,0.0,"[0.0, 0.0]",0.0,valid
0.5734524847428073,"[0.7345248474280732, 0.41238012205754143]",0.0,4.0,0.5553127423576687,0.0,[56],58.0,2.0,0.0,"[0.0, 0.0]",0.0,0.5553127423576687,0.0001,0.0,0.0,"[0.0, 0.0]",0.1,0.0,"[0.0, 0.0]",0.0,train
0.585,"[0.7566666666666667, 0.41333333333333333]",0.0,4.0,0.525511254866918,0.0,[56],58.0,2.0,0.0,"[0.0, 0.0]",0.0,0.525511254866918,0.0001,0.0,0.0,"[0.0, 0.0]",0.1,0.0,"[0.0, 0.0]",0.0,valid
0.5736704446381866,"[0.7345248474280732, 0.4128160418482999]",0.0,4.0,0.5549792647361755,0.0,[56],59.0,2.0,0.0,"[0.0, 0.0]",0.0,0.5549792647361755,0.0001,0.0,0.0,"[0.0, 0.0]",0.1,0.0,"[0.0, 0.0]",0.0,train
0.585,"[0.7566666666666667, 0.41333333333333333]",0.0,4.0,0.5231460730234782,0.0,[56],59.0,2.0,0.0,"[0.0, 0.0]",0.0,0.5231460730234782,0.0001,0.0,0.0,"[0.0, 0.0]",0.1,0.0,"[0.0, 0.0]",0.0,valid
0.5738884045335658,"[0.7345248474280732, 0.4132519616390584]",0.0,4.0,0.5516470411549443,0.0,[56],60.0,2.0,0.001481481481481479,"[0.0, 0.002962962962962958]",0.0,0.5516470411549443,0.0001,0.0,0.33333333333333326,"[0.0, 0.6666666666666665]",0.1,0.0007423904974016332,"[0.0, 0.0014847809948032665]",0.0,train
0.585,"[0.7566666666666667, 0.41333333333333333]",0.0,4.0,0.5235735774040222,0.0,[56],60.0,2.0,0.0,"[0.0, 0.0]",0.0,0.5235735774040222,0.0001,0.0,0.0,"[0.0, 0.0]",0.1,0.0,"[0.0, 0.0]",0.0,valid
0.5738884045335658,"[0.7345248474280732, 0.4132519616390584]",0.0,4.0,0.5529762040013853,0.0,[56],61.0,2.0,0.0007418397626112751,"[0.0, 0.0014836795252225502]",0.0,0.5529762040013853,0.0001,0.0,0.49999999999999944,"[0.0, 0.9999999999999989]",0.1,0.0003711952487008166,"[0.0, 0.0007423904974016332]",0.0,train
0.5866666666666667,"[0.7566666666666667, 0.4166666666666667]",0.0,4.0,0.5242266654968262,0.0,[56],61.0,2.0,0.0056497175141242886,"[0.0, 0.011299435028248577]",0.0,0.5242266654968262,0.0001,0.0,0.49999999999999944,"[0.0, 0.9999999999999989]",0.1,0.002840909090909091,"[0.0, 0.005681818181818182]",0.0,valid
0.5736704446381866,"[0.7345248474280732, 0.4128160418482999]",0.0,4.0,0.5531349026638529,0.0,[56],62.0,2.0,0.0,"[0.0, 0.0]",0.0,0.5531349026638529,0.0001,0.0,0.0,"[0.0, 0.0]",0.1,0.0,"[0.0, 0.0]",0.0,train
0.585,"[0.7566666666666667, 0.41333333333333333]",0.0,4.0,0.5223591923713684,0.0,[56],62.0,2.0,0.0,"[0.0, 0.0]",0.0,0.5223591923713684,0.0001,0.0,0.0,"[0.0, 0.0]",0.1,0.0,"[0.0, 0.0]",0.0,valid
0.5736704446381866,"[0.7345248474280732, 0.4128160418482999]",0.0,4.0,0.5524049997329712,0.0,[56],63.0,2.0,0.0007412898443291311,"[0.0, 0.0014825796886582623]",0.0,0.5524049997329712,0.0001,0.0,0.2499999999999999,"[0.0, 0.4999999999999998]",0.1,0.0003711952487008166,"[0.0, 0.0007423904974016332]",0.0,train
0.585,"[0.7566666666666667, 0.41333333333333333]",0.0,4.0,0.5227737029393514,0.0,[56],63.0,2.0,0.0,"[0.0, 0.0]",0.0,0.5227737029393514,0.0001,0.0,0.0,"[0.0, 0.0]",0.1,0.0,"[0.0, 0.0]",0.0,valid
0.5738884045335658,"[0.7345248474280732, 0.4132519616390584]",0.0,4.0,0.5543419304101364,0.0,[56],64.0,2.0,0.0007418397626112751,"[0.0, 0.0014836795252225502]",0.0,0.5543419304101364,0.0001,0.0,0.49999999999999944,"[0.0, 0.9999999999999989]",0.1,0.0003711952487008166,"[0.0, 0.0007423904974016332]",0.0,train
0.585,"[0.7566666666666667, 0.41333333333333333]",0.0,4.0,0.523430605729421,0.0,[56],64.0,2.0,0.0,"[0.0, 0.0]",0.0,0.523430605729421,0.0001,0.0,0.0,"[0.0, 0.0]",0.1,0.0,"[0.0, 0.0]",0.0,valid
0.5736704446381866,"[0.7345248474280732, 0.4128160418482999]",0.0,4.0,0.5533680630766827,0.0,[56],65.0,2.0,0.0,"[0.0, 0.0]",0.0,0.5533680630766827,0.0001,0.0,0.0,"[0.0, 0.0]",0.1,0.0,"[0.0, 0.0]",0.0,train
0.585,"[0.7566666666666667, 0.41333333333333333]",0.0,4.0,0.525917669137319,0.0,[56],65.0,2.0,0.0,"[0.0, 0.0]",0.0,0.525917669137319,0.0001,0.0,0.0,"[0.0, 0.0]",0.1,0.0,"[0.0, 0.0]",0.0,valid
0.5736704446381866,"[0.7345248474280732, 0.4128160418482999]",0.0,4.0,0.5522767979165782,0.0,[56],66.0,2.0,0.0007412898443291311,"[0.0, 0.0014825796886582623]",0.0,0.5522767979165782,0.0001,0.0,0.2499999999999999,"[0.0, 0.4999999999999998]",0.1,0.0003711952487008166,"[0.0, 0.0007423904974016332]",0.0,train
0.5866666666666667,"[0.7566666666666667, 0.4166666666666667]",0.0,4.0,0.5208300252755483,0.0,[56],66.0,2.0,0.0056497175141242886,"[0.0, 0.011299435028248577]",0.0,0.5208300252755483,0.0001,0.0,0.49999999999999944,"[0.0, 0.9999999999999989]",0.1,0.002840909090909091,"[0.0, 0.005681818181818182]",0.0,valid
0.574106364428945,"[0.7345248474280732, 0.41368788142981694]",0.0,4.0,0.5532664760299351,0.0,[56],67.0,2.0,0.0014825796886582636,"[0.0, 0.002965159377316527]",0.0,0.5532664760299351,0.0001,0.0,0.4999999999999998,"[0.0, 0.9999999999999996]",0.1,0.0007423904974016332,"[0.0, 0.0014847809948032665]",0.0,train
0.585,"[0.7566666666666667, 0.41333333333333333]",0.0,4.0,0.5234129726886749,0.0,[56],67.0,2.0,0.0,"[0.0, 0.0]",0.0,0.5234129726886749,0.0001,0.0,0.0,"[0.0, 0.0]",0.1,0.0,"[0.0, 0.0]",0.0,valid
0.5732345248474281,"[0.7345248474280732, 0.4119442022667829]",0.0,4.0,0.5523650024248206,0.0,[56],68.0,2.0,0.0007401924500370066,"[0.0, 0.001480384900074013]",0.0,0.5523650024248206,0.0001,0.0,0.12499999999999997,"[0.0, 0.24999999999999994]",0.1,0.0003711952487008166,"[0.0, 0.0007423904974016332]",0.0,train
0.585,"[0.7566666666666667, 0.41333333333333333]",0.0,4.0,0.5256639122962952,0.0,[56],68.0,2.0,0.0,"[0.0, 0.0]",0.0,0.5256639122962952,0.0001,0.0,0.0,"[0.0, 0.0]",0.1,0.0,"[0.0, 0.0]",0.0,valid
0.5736704446381866,"[0.7345248474280732, 0.4128160418482999]",0.0,4.0,0.5506891841473787,0.0,[56],69.0,2.0,0.0007412898443291311,"[0.0, 0.0014825796886582623]",0.0,0.5506891841473787,0.0001,0.0,0.2499999999999999,"[0.0, 0.4999999999999998]",0.1,0.0003711952487008166,"[0.0, 0.0007423904974016332]",0.0,train
0.585,"[0.7566666666666667, 0.41333333333333333]",0.0,4.0,0.5227294266223907,0.0,[56],69.0,2.0,0.0,"[0.0, 0.0]",0.0,0.5227294266223907,0.0001,0.0,0.0,"[0.0, 0.0]",0.1,0.0,"[0.0, 0.0]",0.0,valid
0.5738884045335658,"[0.7345248474280732, 0.4132519616390584]",0.0,4.0,0.5520400689995807,0.0,[56],70.0,2.0,0.0007418397626112751,"[0.0, 0.0014836795252225502]",0.0,0.5520400689995807,0.0001,0.0,0.49999999999999944,"[0.0, 0.9999999999999989]",0.1,0.0003711952487008166,"[0.0, 0.0007423904974016332]",0.0,train
0.585,"[0.7566666666666667, 0.41333333333333333]",0.0,4.0,0.523156483968099,0.0,[56],70.0,2.0,0.0,"[0.0, 0.0]",0.0,0.523156483968099,0.0001,0.0,0.0,"[0.0, 0.0]",0.1,0.0,"[0.0, 0.0]",0.0,valid
0.574106364428945,"[0.7345248474280732, 0.41368788142981694]",0.0,4.0,0.5516915580500728,0.0,[56],71.0,2.0,0.0022205773501110257,"[0.0, 0.0044411547002220515]",0.0,0.5516915580500728,0.0001,0.0,0.37499999999999994,"[0.0, 0.7499999999999999]",0.1,0.0011135857461024498,"[0.0, 0.0022271714922048997]",0.0,train
0.585,"[0.7566666666666667, 0.41333333333333333]",0.0,4.0,0.5236560901006063,0.0,[56],71.0,2.0,0.0,"[0.0, 0.0]",0.0,0.5236560901006063,0.0001,0.0,0.0,"[0.0, 0.0]",0.1,0.0,"[0.0, 0.0]",0.0,valid
0.5738884045335658,"[0.7345248474280732, 0.4132519616390584]",0.0,4.0,0.5540389340856801,0.0,[56],72.0,2.0,0.0007418397626112751,"[0.0, 0.0014836795252225502]",0.0,0.5540389340856801,0.0001,0.0,0.49999999999999944,"[0.0, 0.9999999999999989]",0.1,0.0003711952487008166,"[0.0, 0.0007423904974016332]",0.0,train
0.585,"[0.7566666666666667, 0.41333333333333333]",0.0,4.0,0.5228423674901327,0.0,[56],72.0,2.0,0.0,"[0.0, 0.0]",0.0,0.5228423674901327,0.0001,0.0,0.0,"[0.0, 0.0]",0.1,0.0,"[0.0, 0.0]",0.0,valid
0.5736704446381866,"[0.7345248474280732, 0.4128160418482999]",0.0,4.0,0.554648668869682,0.0,[56],73.0,2.0,0.0,"[0.0, 0.0]",0.0,0.554648668869682,0.0001,0.0,0.0,"[0.0, 0.0]",0.1,0.0,"[0.0, 0.0]",0.0,train
0.585,"[0.7566666666666667, 0.41333333333333333]",0.0,4.0,0.5256685117880503,0.0,[56],73.0,2.0,0.0,"[0.0, 0.0]",0.0,0.5256685117880503,0.0001,0.0,0.0,"[0.0, 0.0]",0.1,0.0,"[0.0, 0.0]",0.0,valid
0.5734524847428073,"[0.7345248474280732, 0.41238012205754143]",0.0,4.0,0.5522810998170272,0.0,[56],74.0,2.0,0.0,"[0.0, 0.0]",0.0,0.5522810998170272,0.0001,0.0,0.0,"[0.0, 0.0]",0.1,0.0,"[0.0, 0.0]",0.0,train
0.585,"[0.7566666666666667, 0.41333333333333333]",0.0,4.0,0.5222092866897583,0.0,[56],74.0,2.0,0.0,"[0.0, 0.0]",0.0,0.5222092866897583,0.0001,0.0,0.0,"[0.0, 0.0]",0.1,0.0,"[0.0, 0.0]",0.0,valid
0.5734524847428073,"[0.7345248474280732, 0.41238012205754143]",0.0,4.0,0.5501558340114096,0.0,[56],75.0,2.0,0.0,"[0.0, 0.0]",0.0,0.5501558340114096,0.0001,0.0,0.0,"[0.0, 0.0]",0.1,0.0,"[0.0, 0.0]",0.0,train
0.585,"[0.7566666666666667, 0.41333333333333333]",0.0,4.0,0.5208113888899485,0.0,[56],75.0,2.0,0.0,"[0.0, 0.0]",0.0,0.5208113888899485,0.0001,0.0,0.0,"[0.0, 0.0]",0.1,0.0,"[0.0, 0.0]",0.0,valid
0.5732345248474281,"[0.7345248474280732, 0.4119442022667829]",0.0,4.0,0.5559035721032516,0.0,[56],76.0,2.0,0.0,"[0.0, 0.0]",0.0,0.5559035721032516,0.0001,0.0,0.0,"[0.0, 0.0]",0.1,0.0,"[0.0, 0.0]",0.0,train
0.585,"[0.7566666666666667, 0.41333333333333333]",0.0,4.0,0.5238153139750162,0.0,[56],76.0,2.0,0.0,"[0.0, 0.0]",0.0,0.5238153139750162,0.0001,0.0,0.0,"[0.0, 0.0]",0.1,0.0,"[0.0, 0.0]",0.0,valid
0.5732345248474281,"[0.7345248474280732, 0.4119442022667829]",0.0,4.0,0.5526064763898435,0.0,[56],77.0,2.0,0.0,"[0.0, 0.0]",0.0,0.5526064763898435,0.0001,0.0,0.0,"[0.0, 0.0]",0.1,0.0,"[0.0, 0.0]",0.0,train
0.585,"[0.7566666666666667, 0.41333333333333333]",0.0,4.0,0.5227836668491364,0.0,[56],77.0,2.0,0.0,"[0.0, 0.0]",0.0,0.5227836668491364,0.0001,0.0,0.0,"[0.0, 0.0]",0.1,0.0,"[0.0, 0.0]",0.0,valid
0.5736704446381866,"[0.7345248474280732, 0.4128160418482999]",0.0,4.0,0.5522414290386698,0.0,[56],78.0,2.0,0.0,"[0.0, 0.0]",0.0,0.5522414290386698,0.0001,0.0,0.0,"[0.0, 0.0]",0.1,0.0,"[0.0, 0.0]",0.0,train
0.585,"[0.7566666666666667, 0.41333333333333333]",0.0,4.0,0.524452934662501,0.0,[56],78.0,2.0,0.0,"[0.0, 0.0]",0.0,0.524452934662501,0.0001,0.0,0.0,"[0.0, 0.0]",0.1,0.0,"[0.0, 0.0]",0.0,valid
0.574106364428945,"[0.7345248474280732, 0.41368788142981694]",0.0,4.0,0.5519801533740499,0.0,[56],79.0,2.0,0.0014825796886582636,"[0.0, 0.002965159377316527]",0.0,0.5519801533740499,0.0001,0.0,0.4999999999999998,"[0.0, 0.9999999999999996]",0.1,0.0007423904974016332,"[0.0, 0.0014847809948032665]",0.0,train
0.585,"[0.7566666666666667, 0.41333333333333333]",0.0,4.0,0.5192957818508148,0.0,[56],79.0,2.0,0.0,"[0.0, 0.0]",0.0,0.5192957818508148,0.0001,0.0,0.0,"[0.0, 0.0]",0.1,0.0,"[0.0, 0.0]",0.0,valid
0.5736704446381866,"[0.7345248474280732, 0.4128160418482999]",0.0,4.0,0.5506252154060032,0.0,[56],80.0,2.0,0.0,"[0.0, 0.0]",0.0,0.5506252154060032,0.0001,0.0,0.0,"[0.0, 0.0]",0.1,0.0,"[0.0, 0.0]",0.0,train
0.585,"[0.7566666666666667, 0.41333333333333333]",0.0,4.0,0.5238557358582815,0.0,[56],80.0,2.0,0.0,"[0.0, 0.0]",0.0,0.5238557358582815,0.0001,0.0,0.0,"[0.0, 0.0]",0.1,0.0,"[0.0, 0.0]",0.0,valid
0.5738884045335658,"[0.7345248474280732, 0.4132519616390584]",0.0,4.0,0.5556384558263032,0.0,[56],81.0,2.0,0.001481481481481479,"[0.0, 0.002962962962962958]",0.0,0.5556384558263032,0.0001,0.0,0.33333333333333326,"[0.0, 0.6666666666666665]",0.1,0.0007423904974016332,"[0.0, 0.0014847809948032665]",0.0,train
0.585,"[0.7566666666666667, 0.41333333333333333]",0.0,4.0,0.5195801357428232,0.0,[56],81.0,2.0,0.0,"[0.0, 0.0]",0.0,0.5195801357428232,0.0001,0.0,0.0,"[0.0, 0.0]",0.1,0.0,"[0.0, 0.0]",0.0,valid
0.5734524847428073,"[0.7345248474280732, 0.41238012205754143]",0.0,4.0,0.5517372566720714,0.0,[56],82.0,2.0,0.0,"[0.0, 0.0]",0.0,0.5517372566720714,0.0001,0.0,0.0,"[0.0, 0.0]",0.1,0.0,"[0.0, 0.0]",0.0,train
0.5866666666666667,"[0.7566666666666667, 0.4166666666666667]",0.0,4.0,0.5212447047233582,0.0,[56],82.0,2.0,0.0056497175141242886,"[0.0, 0.011299435028248577]",0.0,0.5212447047233582,0.0001,0.0,0.49999999999999944,"[0.0, 0.9999999999999989]",0.1,0.002840909090909091,"[0.0, 0.005681818181818182]",0.0,valid
0.5738884045335658,"[0.7345248474280732, 0.4132519616390584]",0.0,4.0,0.5541339387064395,0.0,[56],83.0,2.0,0.0007418397626112751,"[0.0, 0.0014836795252225502]",0.0,0.5541339387064395,0.0001,0.0,0.49999999999999944,"[0.0, 0.9999999999999989]",0.1,0.0003711952487008166,"[0.0, 0.0007423904974016332]",0.0,train
0.585,"[0.7566666666666667, 0.41333333333333333]",0.0,4.0,0.5203448335329691,0.0,[56],83.0,2.0,0.0,"[0.0, 0.0]",0.0,0.5203448335329691,0.0001,0.0,0.0,"[0.0, 0.0]",0.1,0.0,"[0.0, 0.0]",0.0,valid
0.5738884045335658,"[0.7345248474280732, 0.4132519616390584]",0.0,4.0,0.5507415688556173,0.0,[56],84.0,2.0,0.0007418397626112751,"[0.0, 0.0014836795252225502]",0.0,0.5507415688556173,0.0001,0.0,0.49999999999999944,"[0.0, 0.9999999999999989]",0.1,0.0003711952487008166,"[0.0, 0.0007423904974016332]",0.0,train
0.585,"[0.7566666666666667, 0.41333333333333333]",0.0,4.0,0.5226973096529642,0.0,[56],84.0,2.0,0.0,"[0.0, 0.0]",0.0,0.5226973096529642,0.0001,0.0,0.0,"[0.0, 0.0]",0.1,0.0,"[0.0, 0.0]",0.0,valid
0.5738884045335658,"[0.7345248474280732, 0.4132519616390584]",0.0,4.0,0.5500787159670955,0.0,[56],85.0,2.0,0.0007418397626112751,"[0.0, 0.0014836795252225502]",0.0,0.5500787159670955,0.0001,0.0,0.49999999999999944,"[0.0, 0.9999999999999989]",0.1,0.0003711952487008166,"[0.0, 0.0007423904974016332]",0.0,train
0.585,"[0.7566666666666667, 0.41333333333333333]",0.0,4.0,0.5224963227907816,0.0,[56],85.0,2.0,0.0,"[0.0, 0.0]",0.0,0.5224963227907816,0.0001,0.0,0.0,"[0.0, 0.0]",0.1,0.0,"[0.0, 0.0]",0.0,valid
0.5738884045335658,"[0.7345248474280732, 0.4132519616390584]",0.0,4.0,0.5516963005065918,0.0,[56],86.0,2.0,0.0007418397626112751,"[0.0, 0.0014836795252225502]",0.0,0.5516963005065918,0.0001,0.0,0.49999999999999944,"[0.0, 0.9999999999999989]",0.1,0.0003711952487008166,"[0.0, 0.0007423904974016332]",0.0,train
0.585,"[0.7566666666666667, 0.41333333333333333]",0.0,4.0,0.5226548314094543,0.0,[56],86.0,2.0,0.0,"[0.0, 0.0]",0.0,0.5226548314094543,0.0001,0.0,0.0,"[0.0, 0.0]",0.1,0.0,"[0.0, 0.0]",0.0,valid
0.5734524847428073,"[0.7345248474280732, 0.41238012205754143]",0.0,4.0,0.5521904256032861,0.0,[56],87.0,2.0,0.0,"[0.0, 0.0]",0.0,0.5521904256032861,0.0001,0.0,0.0,"[0.0, 0.0]",0.1,0.0,"[0.0, 0.0]",0.0,train
0.585,"[0.7566666666666667, 0.41333333333333333]",0.0,4.0,0.5234081149101257,0.0,[56],87.0,2.0,0.0,"[0.0, 0.0]",0.0,0.5234081149101257,0.0001,0.0,0.0,"[0.0, 0.0]",0.1,0.0,"[0.0, 0.0]",0.0,valid
0.5736704446381866,"[0.7345248474280732, 0.4128160418482999]",0.0,4.0,0.5506005986877109,0.0,[56],88.0,2.0,0.0007412898443291311,"[0.0, 0.0014825796886582623]",0.0,0.5506005986877109,0.0001,0.0,0.2499999999999999,"[0.0, 0.4999999999999998]",0.1,0.0003711952487008166,"[0.0, 0.0007423904974016332]",0.0,train
0.585,"[0.7566666666666667, 0.41333333333333333]",0.0,4.0,0.5240221818288168,0.0,[56],88.0,2.0,0.0,"[0.0, 0.0]",0.0,0.5240221818288168,0.0001,0.0,0.0,"[0.0, 0.0]",0.1,0.0,"[0.0, 0.0]",0.0,valid
0.5738884045335658,"[0.7345248474280732, 0.4132519616390584]",0.0,4.0,0.5520630686179452,0.0,[56],89.0,2.0,0.0007418397626112751,"[0.0, 0.0014836795252225502]",0.0,0.5520630686179452,0.0001,0.0,0.49999999999999944,"[0.0, 0.9999999999999989]",0.1,0.0003711952487008166,"[0.0, 0.0007423904974016332]",0.0,train
0.585,"[0.7566666666666667, 0.41333333333333333]",0.0,4.0,0.5233917435010275,0.0,[56],89.0,2.0,0.0,"[0.0, 0.0]",0.0,0.5233917435010275,0.0001,0.0,0.0,"[0.0, 0.0]",0.1,0.0,"[0.0, 0.0]",0.0,valid
0.5734524847428073,"[0.7345248474280732, 0.41238012205754143]",0.0,4.0,0.5518549810285154,0.0,[56],90.0,2.0,0.0007407407407407384,"[0.0, 0.0014814814814814769]",0.0,0.5518549810285154,0.0001,0.0,0.16666666666666663,"[0.0, 0.33333333333333326]",0.1,0.0003711952487008166,"[0.0, 0.0007423904974016332]",0.0,train
0.585,"[0.7566666666666667, 0.41333333333333333]",0.0,4.0,0.5219341814517975,0.0,[56],90.0,2.0,0.0,"[0.0, 0.0]",0.0,0.5219341814517975,0.0001,0.0,0.0,"[0.0, 0.0]",0.1,0.0,"[0.0, 0.0]",0.0,valid
0.5736704446381866,"[0.7345248474280732, 0.4128160418482999]",0.0,4.0,0.552145154579826,0.0,[56],91.0,2.0,0.0,"[0.0, 0.0]",0.0,0.552145154579826,0.0001,0.0,0.0,"[0.0, 0.0]",0.1,0.0,"[0.0, 0.0]",0.0,train
0.585,"[0.7566666666666667, 0.41333333333333333]",0.0,4.0,0.523321290810903,0.0,[56],91.0,2.0,0.0,"[0.0, 0.0]",0.0,0.523321290810903,0.0001,0.0,0.0,"[0.0, 0.0]",0.1,0.0,"[0.0, 0.0]",0.0,valid
0.5734524847428073,"[0.7345248474280732, 0.41238012205754143]",0.0,4.0,0.5494793394337529,0.0,[56],92.0,2.0,0.0,"[0.0, 0.0]",0.0,0.5494793394337529,0.0001,0.0,0.0,"[0.0, 0.0]",0.1,0.0,"[0.0, 0.0]",0.0,train
0.585,"[0.7566666666666667, 0.41333333333333333]",0.0,4.0,0.5226638714472452,0.0,[56],92.0,2.0,0.0,"[0.0, 0.0]",0.0,0.5226638714472452,0.0001,0.0,0.0,"[0.0, 0.0]",0.1,0.0,"[0.0, 0.0]",0.0,valid
0.5736704446381866,"[0.7345248474280732, 0.4128160418482999]",0.0,4.0,0.5520714106767074,0.0,[56],93.0,2.0,0.0007412898443291311,"[0.0, 0.0014825796886582623]",0.0,0.5520714106767074,0.0001,0.0,0.2499999999999999,"[0.0, 0.4999999999999998]",0.1,0.0003711952487008166,"[0.0, 0.0007423904974016332]",0.0,train
0.5866666666666667,"[0.7566666666666667, 0.4166666666666667]",0.0,4.0,0.5224426488081614,0.0,[56],93.0,2.0,0.0056497175141242886,"[0.0, 0.011299435028248577]",0.0,0.5224426488081614,0.0001,0.0,0.49999999999999944,"[0.0, 0.9999999999999989]",0.1,0.002840909090909091,"[0.0, 0.005681818181818182]",0.0,valid
0.5736704446381866,"[0.7345248474280732, 0.4128160418482999]",0.0,4.0,0.5511758094248564,0.0,[56],94.0,2.0,0.0007412898443291311,"[0.0, 0.0014825796886582623]",0.0,0.5511758094248564,0.0001,0.0,0.2499999999999999,"[0.0, 0.4999999999999998]",0.1,0.0003711952487008166,"[0.0, 0.0007423904974016332]",0.0,train
0.585,"[0.7566666666666667, 0.41333333333333333]",0.0,4.0,0.5238628486792246,0.0,[56],94.0,2.0,0.0,"[0.0, 0.0]",0.0,0.5238628486792246,0.0001,0.0,0.0,"[0.0, 0.0]",0.1,0.0,"[0.0, 0.0]",0.0,valid
0.5736704446381866,"[0.7345248474280732, 0.4128160418482999]",0.0,4.0,0.5511488888574683,0.0,[56],95.0,2.0,0.0,"[0.0, 0.0]",0.0,0.5511488888574683,0.0001,0.0,0.0,"[0.0, 0.0]",0.1,0.0,"[0.0, 0.0]",0.0,train
0.585,"[0.7566666666666667, 0.41333333333333333]",0.0,4.0,0.5240928828716278,0.0,[56],95.0,2.0,0.0,"[0.0, 0.0]",0.0,0.5240928828716278,0.0001,0.0,0.0,"[0.0, 0.0]",0.1,0.0,"[0.0, 0.0]",0.0,valid
0.5736704446381866,"[0.7345248474280732, 0.4128160418482999]",0.0,4.0,0.5480075271233268,0.0,[56],96.0,2.0,0.0,"[0.0, 0.0]",0.0,0.5480075271233268,0.0001,0.0,0.0,"[0.0, 0.0]",0.1,0.0,"[0.0, 0.0]",0.0,train
0.585,"[0.7566666666666667, 0.41333333333333333]",0.0,4.0,0.520671417315801,0.0,[56],96.0,2.0,0.0,"[0.0, 0.0]",0.0,0.520671417315801,0.0001,0.0,0.0,"[0.0, 0.0]",0.1,0.0,"[0.0, 0.0]",0.0,valid
0.5743243243243243,"[0.7345248474280732, 0.4141238012205754]",0.0,4.0,0.5514566794685696,0.0,[56],97.0,2.0,0.002222222222222219,"[0.0, 0.004444444444444438]",0.0,0.5514566794685696,0.0001,0.0,0.49999999999999983,"[0.0, 0.9999999999999997]",0.1,0.0011135857461024498,"[0.0, 0.0022271714922048997]",0.0,train
0.585,"[0.7566666666666667, 0.41333333333333333]",0.0,4.0,0.5231132308642069,0.0,[56],97.0,2.0,0.0,"[0.0, 0.0]",0.0,0.5231132308642069,0.0001,0.0,0.0,"[0.0, 0.0]",0.1,0.0,"[0.0, 0.0]",0.0,valid
0.5736704446381866,"[0.7345248474280732, 0.4128160418482999]",0.0,4.0,0.5467727858087291,0.0,[56],98.0,2.0,0.0,"[0.0, 0.0]",0.0,0.5467727858087291,0.0001,0.0,0.0,"[0.0, 0.0]",0.1,0.0,"[0.0, 0.0]",0.0,train
0.5866666666666667,"[0.7566666666666667, 0.4166666666666667]",0.0,4.0,0.5237743556499481,0.0,[56],98.0,2.0,0.0056497175141242886,"[0.0, 0.011299435028248577]",0.0,0.5237743556499481,0.0001,0.0,0.49999999999999944,"[0.0, 0.9999999999999989]",0.1,0.002840909090909091,"[0.0, 0.005681818181818182]",0.0,valid
0.5734524847428073,"[0.7345248474280732, 0.41238012205754143]",0.0,4.0,0.5514983742133431,0.0,[56],99.0,2.0,0.0,"[0.0, 0.0]",0.0,0.5514983742133431,0.0001,0.0,0.0,"[0.0, 0.0]",0.1,0.0,"[0.0, 0.0]",0.0,train
0.585,"[0.7566666666666667, 0.41333333333333333]",0.0,4.0,0.5236927072207133,0.0,[56],99.0,2.0,0.0,"[0.0, 0.0]",0.0,0.5236927072207133,0.0001,0.0,0.0,"[0.0, 0.0]",0.1,0.0,"[0.0, 0.0]",0.0,valid
0.5738884045335658,"[0.7345248474280732, 0.4132519616390584]",0.0,4.0,0.5503832412802655,0.0,[56],100.0,2.0,0.0007418397626112751,"[0.0, 0.0014836795252225502]",0.0,0.5503832412802655,0.0001,0.0,0.49999999999999944,"[0.0, 0.9999999999999989]",0.1,0.0003711952487008166,"[0.0, 0.0007423904974016332]",0.0,train
0.585,"[0.7566666666666667, 0.41333333333333333]",0.0,4.0,0.522352914015452,0.0,[56],100.0,2.0,0.0,"[0.0, 0.0]",0.0,0.522352914015452,0.0001,0.0,0.0,"[0.0, 0.0]",0.1,0.0,"[0.0, 0.0]",0.0,valid
0.5738884045335658,"[0.7345248474280732, 0.4132519616390584]",0.0,4.0,0.5506037214527959,0.0,[56],101.0,2.0,0.0007418397626112751,"[0.0, 0.0014836795252225502]",0.0,0.5506037214527959,0.0001,0.0,0.49999999999999944,"[0.0, 0.9999999999999989]",0.1,0.0003711952487008166,"[0.0, 0.0007423904974016332]",0.0,train
0.585,"[0.7566666666666667, 0.41333333333333333]",0.0,4.0,0.5222443838914236,0.0,[56],101.0,2.0,0.0,"[0.0, 0.0]",0.0,0.5222443838914236,0.0001,0.0,0.0,"[0.0, 0.0]",0.1,0.0,"[0.0, 0.0]",0.0,valid
0.574106364428945,"[0.7345248474280732, 0.41368788142981694]",0.0,4.0,0.5497984704763993,0.0,[56],102.0,2.0,0.0014825796886582636,"[0.0, 0.002965159377316527]",0.0,0.5497984704763993,0.0001,0.0,0.4999999999999998,"[0.0, 0.9999999999999996]",0.1,0.0007423904974016332,"[0.0, 0.0014847809948032665]",0.0,train
0.585,"[0.7566666666666667, 0.41333333333333333]",0.0,4.0,0.5238534013430277,0.0,[56],102.0,2.0,0.0,"[0.0, 0.0]",0.0,0.5238534013430277,0.0001,0.0,0.0,"[0.0, 0.0]",0.1,0.0,"[0.0, 0.0]",0.0,valid
0.574106364428945,"[0.7345248474280732, 0.41368788142981694]",0.0,4.0,0.5497518065183059,0.0,[56],103.0,2.0,0.0014825796886582636,"[0.0, 0.002965159377316527]",0.0,0.5497518065183059,0.0001,0.0,0.4999999999999998,"[0.0, 0.9999999999999996]",0.1,0.0007423904974016332,"[0.0, 0.0014847809948032665]",0.0,train
0.585,"[0.7566666666666667, 0.41333333333333333]",0.0,4.0,0.5225049058596293,0.0,[56],103.0,2.0,0.0,"[0.0, 0.0]",0.0,0.5225049058596293,0.0001,0.0,0.0,"[0.0, 0.0]",0.1,0.0,"[0.0, 0.0]",0.0,valid
0.574106364428945,"[0.7345248474280732, 0.41368788142981694]",0.0,4.0,0.55242244316184,0.0,[56],104.0,2.0,0.0014825796886582636,"[0.0, 0.002965159377316527]",0.0,0.55242244316184,0.0001,0.0,0.4999999999999998,"[0.0, 0.9999999999999996]",0.1,0.0007423904974016332,"[0.0, 0.0014847809948032665]",0.0,train
0.585,"[0.7566666666666667, 0.41333333333333333]",0.0,4.0,0.5222175518671671,0.0,[56],104.0,2.0,0.0,"[0.0, 0.0]",0.0,0.5222175518671671,0.0001,0.0,0.0,"[0.0, 0.0]",0.1,0.0,"[0.0, 0.0]",0.0,valid
0.5738884045335658,"[0.7345248474280732, 0.4132519616390584]",0.0,4.0,0.5512028466100278,0.0,[56],105.0,2.0,0.001481481481481479,"[0.0, 0.002962962962962958]",0.0,0.5512028466100278,0.0001,0.0,0.33333333333333326,"[0.0, 0.6666666666666665]",0.1,0.0007423904974016332,"[0.0, 0.0014847809948032665]",0.0,train
0.585,"[0.7566666666666667, 0.41333333333333333]",0.0,4.0,0.5191232760747274,0.0,[56],105.0,2.0,0.0,"[0.0, 0.0]",0.0,0.5191232760747274,0.0001,0.0,0.0,"[0.0, 0.0]",0.1,0.0,"[0.0, 0.0]",0.0,valid
0.5738884045335658,"[0.7345248474280732, 0.4132519616390584]",0.0,4.0,0.550681269687155,0.0,[56],106.0,2.0,0.0007418397626112751,"[0.0, 0.0014836795252225502]",0.0,0.550681269687155,0.0001,0.0,0.49999999999999944,"[0.0, 0.9999999999999989]",0.1,0.0003711952487008166,"[0.0, 0.0007423904974016332]",0.0,train
0.585,"[0.7566666666666667, 0.41333333333333333]",0.0,4.0,0.5211635033289591,0.0,[56],106.0,2.0,0.0,"[0.0, 0.0]",0.0,0.5211635033289591,0.0001,0.0,0.0,"[0.0, 0.0]",0.1,0.0,"[0.0, 0.0]",0.0,valid
0.5732345248474281,"[0.7345248474280732, 0.4119442022667829]",0.0,4.0,0.5492798297301583,0.0,[56],107.0,2.0,0.0007401924500370066,"[0.0, 0.001480384900074013]",0.0,0.5492798297301583,0.0001,0.0,0.12499999999999997,"[0.0, 0.24999999999999994]",0.1,0.0003711952487008166,"[0.0, 0.0007423904974016332]",0.0,train
0.585,"[0.7566666666666667, 0.41333333333333333]",0.0,4.0,0.5191769202550253,0.0,[56],107.0,2.0,0.0,"[0.0, 0.0]",0.0,0.5191769202550253,0.0001,0.0,0.0,"[0.0, 0.0]",0.1,0.0,"[0.0, 0.0]",0.0,valid
0.5743243243243243,"[0.7345248474280732, 0.4141238012205754]",0.0,4.0,0.5506288331487904,0.0,[56],108.0,2.0,0.002222222222222219,"[0.0, 0.004444444444444438]",0.0,0.5506288331487904,0.0001,0.0,0.49999999999999983,"[0.0, 0.9999999999999997]",0.1,0.0011135857461024498,"[0.0, 0.0022271714922048997]",0.0,train
0.585,"[0.7566666666666667, 0.41333333333333333]",0.0,4.0,0.5221232771873474,0.0,[56],108.0,2.0,0.0,"[0.0, 0.0]",0.0,0.5221232771873474,0.0001,0.0,0.0,"[0.0, 0.0]",0.1,0.0,"[0.0, 0.0]",0.0,valid
0.5734524847428073,"[0.7345248474280732, 0.41238012205754143]",0.0,4.0,0.5501260368720345,0.0,[56],109.0,2.0,0.0,"[0.0, 0.0]",0.0,0.5501260368720345,0.0001,0.0,0.0,"[0.0, 0.0]",0.1,0.0,"[0.0, 0.0]",0.0,train
0.585,"[0.7566666666666667, 0.41333333333333333]",0.0,4.0,0.5195107857386271,0.0,[56],109.0,2.0,0.0,"[0.0, 0.0]",0.0,0.5195107857386271,0.0001,0.0,0.0,"[0.0, 0.0]",0.1,0.0,"[0.0, 0.0]",0.0,valid
0.5734524847428073,"[0.7345248474280732, 0.41238012205754143]",0.0,4.0,0.5505287232606307,0.0,[56],110.0,2.0,0.0007407407407407384,"[0.0, 0.0014814814814814769]",0.0,0.5505287232606307,0.0001,0.0,0.16666666666666663,"[0.0, 0.33333333333333326]",0.1,0.0003711952487008166,"[0.0, 0.0007423904974016332]",0.0,train
0.5866666666666667,"[0.7566666666666667, 0.4166666666666667]",0.0,4.0,0.5208325386047363,0.0,[56],110.0,2.0,0.0056497175141242886,"[0.0, 0.011299435028248577]",0.0,0.5208325386047363,0.0001,0.0,0.49999999999999944,"[0.0, 0.9999999999999989]",0.1,0.002840909090909091,"[0.0, 0.005681818181818182]",0.0,valid
0.5736704446381866,"[0.7345248474280732, 0.4128160418482999]",0.0,4.0,0.5539492161377616,0.0,[56],111.0,2.0,0.0,"[0.0, 0.0]",0.0,0.5539492161377616,0.0001,0.0,0.0,"[0.0, 0.0]",0.1,0.0,"[0.0, 0.0]",0.0,train
0.585,"[0.7566666666666667, 0.41333333333333333]",0.0,4.0,0.5213722785313925,0.0,[56],111.0,2.0,0.0,"[0.0, 0.0]",0.0,0.5213722785313925,0.0001,0.0,0.0,"[0.0, 0.0]",0.1,0.0,"[0.0, 0.0]",0.0,valid
0.574106364428945,"[0.7345248474280732, 0.41368788142981694]",0.0,4.0,0.5477124089780061,0.0,[56],112.0,2.0,0.0014825796886582636,"[0.0, 0.002965159377316527]",0.0,0.5477124089780061,0.0001,0.0,0.4999999999999998,"[0.0, 0.9999999999999996]",0.1,0.0007423904974016332,"[0.0, 0.0014847809948032665]",0.0,train
0.585,"[0.7566666666666667, 0.41333333333333333]",0.0,4.0,0.5232271750768026,0.0,[56],112.0,2.0,0.0,"[0.0, 0.0]",0.0,0.5232271750768026,0.0001,0.0,0.0,"[0.0, 0.0]",0.1,0.0,"[0.0, 0.0]",0.0,valid
0.5730165649520488,"[0.7345248474280732, 0.4115082824760244]",0.0,4.0,0.5489301862923995,0.0,[56],113.0,2.0,0.0,"[0.0, 0.0]",0.0,0.5489301862923995,0.0001,0.0,0.0,"[0.0, 0.0]",0.1,0.0,"[0.0, 0.0]",0.0,train
0.5866666666666667,"[0.7566666666666667, 0.4166666666666667]",0.0,4.0,0.522136390209198,0.0,[56],113.0,2.0,0.0056497175141242886,"[0.0, 0.011299435028248577]",0.0,0.522136390209198,0.0001,0.0,0.49999999999999944,"[0.0, 0.9999999999999989]",0.1,0.002840909090909091,"[0.0, 0.005681818181818182]",0.0,valid
0.5743243243243243,"[0.7345248474280732, 0.4141238012205754]",0.0,4.0,0.5512104811875717,0.0,[56],114.0,2.0,0.0029585798816568008,"[0.0, 0.0059171597633136015]",0.0,0.5512104811875717,0.0001,0.0,0.3999999999999999,"[0.0, 0.7999999999999998]",0.1,0.0014847809948032665,"[0.0, 0.002969561989606533]",0.0,train
0.585,"[0.7566666666666667, 0.41333333333333333]",0.0,4.0,0.5227741400400797,0.0,[56],114.0,2.0,0.0,"[0.0, 0.0]",0.0,0.5227741400400797,0.0001,0.0,0.0,"[0.0, 0.0]",0.1,0.0,"[0.0, 0.0]",0.0,valid
0.574106364428945,"[0.7345248474280732, 0.41368788142981694]",0.0,4.0,0.5501399791758993,0.0,[56],115.0,2.0,0.0014825796886582636,"[0.0, 0.002965159377316527]",0.0,0.5501399791758993,0.0001,0.0,0.4999999999999998,"[0.0, 0.9999999999999996]",0.1,0.0007423904974016332,"[0.0, 0.0014847809948032665]",0.0,train
0.585,"[0.7566666666666667, 0.41333333333333333]",0.0,4.0,0.5215277870496114,0.0,[56],115.0,2.0,0.0,"[0.0, 0.0]",0.0,0.5215277870496114,0.0001,0.0,0.0,"[0.0, 0.0]",0.1,0.0,"[0.0, 0.0]",0.0,valid
0.5736704446381866,"[0.7345248474280732, 0.4128160418482999]",0.0,4.0,0.5505475738774175,0.0,[56],116.0,2.0,0.0,"[0.0, 0.0]",0.0,0.5505475738774175,0.0001,0.0,0.0,"[0.0, 0.0]",0.1,0.0,"[0.0, 0.0]",0.0,train
0.585,"[0.7566666666666667, 0.41333333333333333]",0.0,4.0,0.5218307077884674,0.0,[56],116.0,2.0,0.0,"[0.0, 0.0]",0.0,0.5218307077884674,0.0001,0.0,0.0,"[0.0, 0.0]",0.1,0.0,"[0.0, 0.0]",0.0,valid
0.5736704446381866,"[0.7345248474280732, 0.4128160418482999]",0.0,4.0,0.548216145971547,0.0,[56],117.0,2.0,0.0,"[0.0, 0.0]",0.0,0.548216145971547,0.0001,0.0,0.0,"[0.0, 0.0]",0.1,0.0,"[0.0, 0.0]",0.0,train
0.585,"[0.7566666666666667, 0.41333333333333333]",0.0,4.0,0.520946184794108,0.0,[56],117.0,2.0,0.0,"[0.0, 0.0]",0.0,0.520946184794108,0.0001,0.0,0.0,"[0.0, 0.0]",0.1,0.0,"[0.0, 0.0]",0.0,valid
0.5738884045335658,"[0.7345248474280732, 0.4132519616390584]",0.0,4.0,0.549011054246322,0.0,[56],118.0,2.0,0.0007418397626112751,"[0.0, 0.0014836795252225502]",0.0,0.549011054246322,0.0001,0.0,0.49999999999999944,"[0.0, 0.9999999999999989]",0.1,0.0003711952487008166,"[0.0, 0.0007423904974016332]",0.0,train
0.585,"[0.7566666666666667, 0.41333333333333333]",0.0,4.0,0.521244744459788,0.0,[56],118.0,2.0,0.0,"[0.0, 0.0]",0.0,0.521244744459788,0.0001,0.0,0.0,"[0.0, 0.0]",0.1,0.0,"[0.0, 0.0]",0.0,valid
0.5736704446381866,"[0.7345248474280732, 0.4128160418482999]",0.0,4.0,0.5512239207392153,0.0,[56],119.0,2.0,0.0007412898443291311,"[0.0, 0.0014825796886582623]",0.0,0.5512239207392153,0.0001,0.0,0.2499999999999999,"[0.0, 0.4999999999999998]",0.1,0.0003711952487008166,"[0.0, 0.0007423904974016332]",0.0,train
0.585,"[0.7566666666666667, 0.41333333333333333]",0.0,4.0,0.5216710170110067,0.0,[56],119.0,2.0,0.0,"[0.0, 0.0]",0.0,0.5216710170110067,0.0001,0.0,0.0,"[0.0, 0.0]",0.1,0.0,"[0.0, 0.0]",0.0,valid
0.5738884045335658,"[0.7345248474280732, 0.4132519616390584]",0.0,4.0,0.5504021748252537,0.0,[56],120.0,2.0,0.0007418397626112751,"[0.0, 0.0014836795252225502]",0.0,0.5504021748252537,0.0001,0.0,0.49999999999999944,"[0.0, 0.9999999999999989]",0.1,0.0003711952487008166,"[0.0, 0.0007423904974016332]",0.0,train
0.585,"[0.7566666666666667, 0.41333333333333333]",0.0,4.0,0.5206170181433359,0.0,[56],120.0,2.0,0.0,"[0.0, 0.0]",0.0,0.5206170181433359,0.0001,0.0,0.0,"[0.0, 0.0]",0.1,0.0,"[0.0, 0.0]",0.0,valid
0.5734524847428073,"[0.7345248474280732, 0.41238012205754143]",0.0,4.0,0.5526525326397108,0.0,[56],121.0,2.0,0.0,"[0.0, 0.0]",0.0,0.5526525326397108,0.0001,0.0,0.0,"[0.0, 0.0]",0.1,0.0,"[0.0, 0.0]",0.0,train
0.585,"[0.7566666666666667, 0.41333333333333333]",0.0,4.0,0.5227122406164805,0.0,[56],121.0,2.0,0.0,"[0.0, 0.0]",0.0,0.5227122406164805,0.0001,0.0,0.0,"[0.0, 0.0]",0.1,0.0,"[0.0, 0.0]",0.0,valid
0.5734524847428073,"[0.7345248474280732, 0.41238012205754143]",0.0,4.0,0.5503163467282834,0.0,[56],122.0,2.0,0.0,"[0.0, 0.0]",0.0,0.5503163467282834,0.0001,0.0,0.0,"[0.0, 0.0]",0.1,0.0,"[0.0, 0.0]",0.0,train
0.5883333333333334,"[0.7566666666666667, 0.42]",0.0,4.0,0.521445612112681,0.0,[56],122.0,2.0,0.011235955056179761,"[0.0, 0.022471910112359522]",0.0,0.521445612112681,0.0001,0.0,0.4999999999999998,"[0.0, 0.9999999999999996]",0.1,0.005681818181818182,"[0.0, 0.011363636363636364]",0.0,valid
0.5736704446381866,"[0.7345248474280732, 0.4128160418482999]",0.0,4.0,0.5495036710863528,0.0,[56],123.0,2.0,0.0007412898443291311,"[0.0, 0.0014825796886582623]",0.0,0.5495036710863528,0.0001,0.0,0.2499999999999999,"[0.0, 0.4999999999999998]",0.1,0.0003711952487008166,"[0.0, 0.0007423904974016332]",0.0,train
0.585,"[0.7566666666666667, 0.41333333333333333]",0.0,4.0,0.5230502287546793,0.0,[56],123.0,2.0,0.0,"[0.0, 0.0]",0.0,0.5230502287546793,0.0001,0.0,0.0,"[0.0, 0.0]",0.1,0.0,"[0.0, 0.0]",0.0,valid
0.5732345248474281,"[0.7345248474280732, 0.4119442022667829]",0.0,4.0,0.5505384725073109,0.0,[56],124.0,2.0,0.0,"[0.0, 0.0]",0.0,0.5505384725073109,0.0001,0.0,0.0,"[0.0, 0.0]",0.1,0.0,"[0.0, 0.0]",0.0,train
0.585,"[0.7566666666666667, 0.41333333333333333]",0.0,4.0,0.5214803417523702,0.0,[56],124.0,2.0,0.0,"[0.0, 0.0]",0.0,0.5214803417523702,0.0001,0.0,0.0,"[0.0, 0.0]",0.1,0.0,"[0.0, 0.0]",0.0,valid
0.5743243243243243,"[0.7345248474280732, 0.4141238012205754]",0.0,4.0,0.5491925374321316,0.0,[56],125.0,2.0,0.0029585798816568008,"[0.0, 0.0059171597633136015]",0.0,0.5491925374321316,0.0001,0.0,0.3999999999999999,"[0.0, 0.7999999999999998]",0.1,0.0014847809948032665,"[0.0, 0.002969561989606533]",0.0,train
0.585,"[0.7566666666666667, 0.41333333333333333]",0.0,4.0,0.5230203072230021,0.0,[56],125.0,2.0,0.0,"[0.0, 0.0]",0.0,0.5230203072230021,0.0001,0.0,0.0,"[0.0, 0.0]",0.1,0.0,"[0.0, 0.0]",0.0,valid
0.574106364428945,"[0.7345248474280732, 0.41368788142981694]",0.0,4.0,0.5483183109241984,0.0,[56],126.0,2.0,0.0014825796886582636,"[0.0, 0.002965159377316527]",0.0,0.5483183109241984,0.0001,0.0,0.4999999999999998,"[0.0, 0.9999999999999996]",0.1,0.0007423904974016332,"[0.0, 0.0014847809948032665]",0.0,train
0.585,"[0.7566666666666667, 0.41333333333333333]",0.0,4.0,0.5219055612881979,0.0,[56],126.0,2.0,0.0,"[0.0, 0.0]",0.0,0.5219055612881979,0.0001,0.0,0.0,"[0.0, 0.0]",0.1,0.0,"[0.0, 0.0]",0.0,valid
0.5736704446381866,"[0.7345248474280732, 0.4128160418482999]",0.0,4.0,0.548557011977486,0.0,[56],127.0,2.0,0.001480384900074016,"[0.0, 0.002960769800148032]",0.0,0.548557011977486,0.0001,0.0,0.24999999999999994,"[0.0, 0.4999999999999999]",0.1,0.0007423904974016332,"[0.0, 0.0014847809948032665]",0.0,train
0.585,"[0.7566666666666667, 0.41333333333333333]",0.0,4.0,0.5221476356188456,0.0,[56],127.0,2.0,0.0,"[0.0, 0.0]",0.0,0.5221476356188456,0.0001,0.0,0.0,"[0.0, 0.0]",0.1,0.0,"[0.0, 0.0]",0.0,valid
0.5736704446381866,"[0.7345248474280732, 0.4128160418482999]",0.0,4.0,0.5510411392087522,0.0,[56],128.0,2.0,0.0,"[0.0, 0.0]",0.0,0.5510411392087522,0.0001,0.0,0.0,"[0.0, 0.0]",0.1,0.0,"[0.0, 0.0]",0.0,train
0.585,"[0.7566666666666667, 0.41333333333333333]",0.0,4.0,0.519446869691213,0.0,[56],128.0,2.0,0.0,"[0.0, 0.0]",0.0,0.519446869691213,0.0001,0.0,0.0,"[0.0, 0.0]",0.1,0.0,"[0.0, 0.0]",0.0,valid
0.5736704446381866,"[0.7345248474280732, 0.4128160418482999]",0.0,4.0,0.547674922839455,0.0,[56],129.0,2.0,0.0007412898443291311,"[0.0, 0.0014825796886582623]",0.0,0.547674922839455,0.0001,0.0,0.2499999999999999,"[0.0, 0.4999999999999998]",0.1,0.0003711952487008166,"[0.0, 0.0007423904974016332]",0.0,train
0.5866666666666667,"[0.7566666666666667, 0.4166666666666667]",0.0,4.0,0.5210164785385132,0.0,[56],129.0,2.0,0.0056497175141242886,"[0.0, 0.011299435028248577]",0.0,0.5210164785385132,0.0001,0.0,0.49999999999999944,"[0.0, 0.9999999999999989]",0.1,0.002840909090909091,"[0.0, 0.005681818181818182]",0.0,valid
0.5736704446381866,"[0.7345248474280732, 0.4128160418482999]",0.0,4.0,0.5501628725425057,0.0,[56],130.0,2.0,0.0007412898443291311,"[0.0, 0.0014825796886582623]",0.0,0.5501628725425057,0.0001,0.0,0.2499999999999999,"[0.0, 0.4999999999999998]",0.1,0.0003711952487008166,"[0.0, 0.0007423904974016332]",0.0,train
0.5866666666666667,"[0.7566666666666667, 0.4166666666666667]",0.0,4.0,0.5195463101069132,0.0,[56],130.0,2.0,0.0056497175141242886,"[0.0, 0.011299435028248577]",0.0,0.5195463101069132,0.0001,0.0,0.49999999999999944,"[0.0, 0.9999999999999989]",0.1,0.002840909090909091,"[0.0, 0.005681818181818182]",0.0,valid
0.5738884045335658,"[0.7345248474280732, 0.4132519616390584]",0.0,4.0,0.547012121781059,0.0,[56],131.0,2.0,0.0007418397626112751,"[0.0, 0.0014836795252225502]",0.0,0.547012121781059,0.0001,0.0,0.49999999999999944,"[0.0, 0.9999999999999989]",0.1,0.0003711952487008166,"[0.0, 0.0007423904974016332]",0.0,train
0.585,"[0.7566666666666667, 0.41333333333333333]",0.0,4.0,0.5208065112431844,0.0,[56],131.0,2.0,0.0,"[0.0, 0.0]",0.0,0.5208065112431844,0.0001,0.0,0.0,"[0.0, 0.0]",0.1,0.0,"[0.0, 0.0]",0.0,valid
0.574106364428945,"[0.7345248474280732, 0.41368788142981694]",0.0,4.0,0.549791719602502,0.0,[56],132.0,2.0,0.0014825796886582636,"[0.0, 0.002965159377316527]",0.0,0.549791719602502,0.0001,0.0,0.4999999999999998,"[0.0, 0.9999999999999996]",0.1,0.0007423904974016332,"[0.0, 0.0014847809948032665]",0.0,train
0.585,"[0.7566666666666667, 0.41333333333333333]",0.0,4.0,0.5207811097304026,0.0,[56],132.0,2.0,0.0,"[0.0, 0.0]",0.0,0.5207811097304026,0.0001,0.0,0.0,"[0.0, 0.0]",0.1,0.0,"[0.0, 0.0]",0.0,valid
0.5738884045335658,"[0.7345248474280732, 0.4132519616390584]",0.0,4.0,0.5501199286916981,0.0,[56],133.0,2.0,0.0007418397626112751,"[0.0, 0.0014836795252225502]",0.0,0.5501199286916981,0.0001,0.0,0.49999999999999944,"[0.0, 0.9999999999999989]",0.1,0.0003711952487008166,"[0.0, 0.0007423904974016332]",0.0,train
0.585,"[0.7566666666666667, 0.41333333333333333]",0.0,4.0,0.5243727664152781,0.0,[56],133.0,2.0,0.0,"[0.0, 0.0]",0.0,0.5243727664152781,0.0001,0.0,0.0,"[0.0, 0.0]",0.1,0.0,"[0.0, 0.0]",0.0,valid
0.5736704446381866,"[0.7345248474280732, 0.4128160418482999]",0.0,4.0,0.5483975021735482,0.0,[56],134.0,2.0,0.0,"[0.0, 0.0]",0.0,0.5483975021735482,0.0001,0.0,0.0,"[0.0, 0.0]",0.1,0.0,"[0.0, 0.0]",0.0,train
0.585,"[0.7566666666666667, 0.41333333333333333]",0.0,4.0,0.5207353929678599,0.0,[56],134.0,2.0,0.0,"[0.0, 0.0]",0.0,0.5207353929678599,0.0001,0.0,0.0,"[0.0, 0.0]",0.1,0.0,"[0.0, 0.0]",0.0,valid
0.5736704446381866,"[0.7345248474280732, 0.4128160418482999]",0.0,4.0,0.5495517538941425,0.0,[56],135.0,2.0,0.0007412898443291311,"[0.0, 0.0014825796886582623]",0.0,0.5495517538941425,0.0001,0.0,0.2499999999999999,"[0.0, 0.4999999999999998]",0.1,0.0003711952487008166,"[0.0, 0.0007423904974016332]",0.0,train
0.585,"[0.7566666666666667, 0.41333333333333333]",0.0,4.0,0.5196366508801779,0.0,[56],135.0,2.0,0.0,"[0.0, 0.0]",0.0,0.5196366508801779,0.0001,0.0,0.0,"[0.0, 0.0]",0.1,0.0,"[0.0, 0.0]",0.0,valid
0.574106364428945,"[0.7345248474280732, 0.41368788142981694]",0.0,4.0,0.5479781446249589,0.0,[56],136.0,2.0,0.002956393200295635,"[0.0, 0.00591278640059127]",0.0,0.5479781446249589,0.0001,0.0,0.33333333333333326,"[0.0, 0.6666666666666665]",0.1,0.0014847809948032665,"[0.0, 0.002969561989606533]",0.0,train
0.585,"[0.7566666666666667, 0.41333333333333333]",0.0,4.0,0.5236547589302063,0.0,[56],136.0,2.0,0.0,"[0.0, 0.0]",0.0,0.5236547589302063,0.0001,0.0,0.0,"[0.0, 0.0]",0.1,0.0,"[0.0, 0.0]",0.0,valid
0.5738884045335658,"[0.7345248474280732, 0.4132519616390584]",0.0,4.0,0.5486640671025151,0.0,[56],137.0,2.0,0.0007418397626112751,"[0.0, 0.0014836795252225502]",0.0,0.5486640671025151,0.0001,0.0,0.49999999999999944,"[0.0, 0.9999999999999989]",0.1,0.0003711952487008166,"[0.0, 0.0007423904974016332]",0.0,train
0.585,"[0.7566666666666667, 0.41333333333333333]",0.0,4.0,0.5204073886076609,0.0,[56],137.0,2.0,0.0,"[0.0, 0.0]",0.0,0.5204073886076609,0.0001,0.0,0.0,"[0.0, 0.0]",0.1,0.0,"[0.0, 0.0]",0.0,valid
0.5732345248474281,"[0.7345248474280732, 0.4119442022667829]",0.0,4.0,0.5497320372125377,0.0,[56],138.0,2.0,0.0007401924500370066,"[0.0, 0.001480384900074013]",0.0,0.5497320372125377,0.0001,0.0,0.12499999999999997,"[0.0, 0.24999999999999994]",0.1,0.0003711952487008166,"[0.0, 0.0007423904974016332]",0.0,train
0.585,"[0.7566666666666667, 0.41333333333333333]",0.0,4.0,0.5217665433883667,0.0,[56],138.0,2.0,0.0,"[0.0, 0.0]",0.0,0.5217665433883667,0.0001,0.0,0.0,"[0.0, 0.0]",0.1,0.0,"[0.0, 0.0]",0.0,valid
0.5736704446381866,"[0.7345248474280732, 0.4128160418482999]",0.0,4.0,0.5484125147695127,0.0,[56],139.0,2.0,0.0007412898443291311,"[0.0, 0.0014825796886582623]",0.0,0.5484125147695127,0.0001,0.0,0.2499999999999999,"[0.0, 0.4999999999999998]",0.1,0.0003711952487008166,"[0.0, 0.0007423904974016332]",0.0,train
0.585,"[0.7566666666666667, 0.41333333333333333]",0.0,4.0,0.5226440032323202,0.0,[56],139.0,2.0,0.0,"[0.0, 0.0]",0.0,0.5226440032323202,0.0001,0.0,0.0,"[0.0, 0.0]",0.1,0.0,"[0.0, 0.0]",0.0,valid
0.5736704446381866,"[0.7345248474280732, 0.4128160418482999]",0.0,4.0,0.5491710927175439,0.0,[56],140.0,2.0,0.0,"[0.0, 0.0]",0.0,0.5491710927175439,0.0001,0.0,0.0,"[0.0, 0.0]",0.1,0.0,"[0.0, 0.0]",0.0,train
0.585,"[0.7566666666666667, 0.41333333333333333]",0.0,4.0,0.5206452012062073,0.0,[56],140.0,2.0,0.0,"[0.0, 0.0]",0.0,0.5206452012062073,0.0001,0.0,0.0,"[0.0, 0.0]",0.1,0.0,"[0.0, 0.0]",0.0,valid
0.5745422842197035,"[0.7345248474280732, 0.4145597210113339]",0.0,4.0,0.547577969405962,0.0,[56],141.0,2.0,0.0029607698001480344,"[0.0, 0.005921539600296069]",0.0,0.547577969405962,0.0001,0.0,0.4999999999999999,"[0.0, 0.9999999999999998]",0.1,0.0014847809948032665,"[0.0, 0.002969561989606533]",0.0,train
0.585,"[0.7566666666666667, 0.41333333333333333]",0.0,4.0,0.5231668949127197,0.0,[56],141.0,2.0,0.0,"[0.0, 0.0]",0.0,0.5231668949127197,0.0001,0.0,0.0,"[0.0, 0.0]",0.1,0.0,"[0.0, 0.0]",0.0,valid
0.5738884045335658,"[0.7345248474280732, 0.4132519616390584]",0.0,4.0,0.5472533936085908,0.0,[56],142.0,2.0,0.0007418397626112751,"[0.0, 0.0014836795252225502]",0.0,0.5472533936085908,0.0001,0.0,0.49999999999999944,"[0.0, 0.9999999999999989]",0.1,0.0003711952487008166,"[0.0, 0.0007423904974016332]",0.0,train
0.585,"[0.7566666666666667, 0.41333333333333333]",0.0,4.0,0.5230149825414022,0.0,[56],142.0,2.0,0.0,"[0.0, 0.0]",0.0,0.5230149825414022,0.0001,0.0,0.0,"[0.0, 0.0]",0.1,0.0,"[0.0, 0.0]",0.0,valid
0.5734524847428073,"[0.7345248474280732, 0.41238012205754143]",0.0,4.0,0.5489442244819973,0.0,[56],143.0,2.0,0.0,"[0.0, 0.0]",0.0,0.5489442244819973,0.0001,0.0,0.0,"[0.0, 0.0]",0.1,0.0,"[0.0, 0.0]",0.0,train
0.585,"[0.7566666666666667, 0.41333333333333333]",0.0,4.0,0.5231990218162537,0.0,[56],143.0,2.0,0.0,"[0.0, 0.0]",0.0,0.5231990218162537,0.0001,0.0,0.0,"[0.0, 0.0]",0.1,0.0,"[0.0, 0.0]",0.0,valid
0.5738884045335658,"[0.7345248474280732, 0.4132519616390584]",0.0,4.0,0.5474402256633925,0.0,[56],144.0,2.0,0.0007418397626112751,"[0.0, 0.0014836795252225502]",0.0,0.5474402256633925,0.0001,0.0,0.49999999999999944,"[0.0, 0.9999999999999989]",0.1,0.0003711952487008166,"[0.0, 0.0007423904974016332]",0.0,train
0.5866666666666667,"[0.7566666666666667, 0.4166666666666667]",0.0,4.0,0.5208631952603658,0.0,[56],144.0,2.0,0.0056497175141242886,"[0.0, 0.011299435028248577]",0.0,0.5208631952603658,0.0001,0.0,0.49999999999999944,"[0.0, 0.9999999999999989]",0.1,0.002840909090909091,"[0.0, 0.005681818181818182]",0.0,valid
0.5736704446381866,"[0.7345248474280732, 0.4128160418482999]",0.0,4.0,0.5473388796267302,0.0,[56],145.0,2.0,0.0,"[0.0, 0.0]",0.0,0.5473388796267302,0.0001,0.0,0.0,"[0.0, 0.0]",0.1,0.0,"[0.0, 0.0]",0.0,train
0.585,"[0.7566666666666667, 0.41333333333333333]",0.0,4.0,0.5209024548530579,0.0,[56],145.0,2.0,0.0,"[0.0, 0.0]",0.0,0.5209024548530579,0.0001,0.0,0.0,"[0.0, 0.0]",0.1,0.0,"[0.0, 0.0]",0.0,valid
0.5736704446381866,"[0.7345248474280732, 0.4128160418482999]",0.0,4.0,0.5469414462213931,0.0,[56],146.0,2.0,0.001480384900074016,"[0.0, 0.002960769800148032]",0.0,0.5469414462213931,0.0001,0.0,0.24999999999999994,"[0.0, 0.4999999999999999]",0.1,0.0007423904974016332,"[0.0, 0.0014847809948032665]",0.0,train
0.5866666666666667,"[0.7566666666666667, 0.4166666666666667]",0.0,4.0,0.5228084127108256,0.0,[56],146.0,2.0,0.0056497175141242886,"[0.0, 0.011299435028248577]",0.0,0.5228084127108256,0.0001,0.0,0.49999999999999944,"[0.0, 0.9999999999999989]",0.1,0.002840909090909091,"[0.0, 0.005681818181818182]",0.0,valid
0.5743243243243243,"[0.7345248474280732, 0.4141238012205754]",0.0,4.0,0.5476781674053358,0.0,[56],147.0,2.0,0.002222222222222219,"[0.0, 0.004444444444444438]",0.0,0.5476781674053358,0.0001,0.0,0.49999999999999983,"[0.0, 0.9999999999999997]",0.1,0.0011135857461024498,"[0.0, 0.0022271714922048997]",0.0,train
0.585,"[0.7566666666666667, 0.41333333333333333]",0.0,4.0,0.5200554529825846,0.0,[56],147.0,2.0,0.0,"[0.0, 0.0]",0.0,0.5200554529825846,0.0001,0.0,0.0,"[0.0, 0.0]",0.1,0.0,"[0.0, 0.0]",0.0,valid
0.5736704446381866,"[0.7345248474280732, 0.4128160418482999]",0.0,4.0,0.5463477502698484,0.0,[56],148.0,2.0,0.0,"[0.0, 0.0]",0.0,0.5463477502698484,0.0001,0.0,0.0,"[0.0, 0.0]",0.1,0.0,"[0.0, 0.0]",0.0,train
0.585,"[0.7566666666666667, 0.41333333333333333]",0.0,4.0,0.5198291639486948,0.0,[56],148.0,2.0,0.0,"[0.0, 0.0]",0.0,0.5198291639486948,0.0001,0.0,0.0,"[0.0, 0.0]",0.1,0.0,"[0.0, 0.0]",0.0,valid
0.5727986050566696,"[0.7345248474280732, 0.4110723626852659]",0.0,4.0,0.548289506331734,0.0,[56],149.0,2.0,0.0,"[0.0, 0.0]",0.0,0.548289506331734,0.0001,0.0,0.0,"[0.0, 0.0]",0.1,0.0,"[0.0, 0.0]",0.0,train
0.585,"[0.7566666666666667, 0.41333333333333333]",0.0,4.0,0.5209628144900004,0.0,[56],149.0,2.0,0.0,"[0.0, 0.0]",0.0,0.5209628144900004,0.0001,0.0,0.0,"[0.0, 0.0]",0.1,0.0,"[0.0, 0.0]",0.0,valid
0.5738884045335658,"[0.7345248474280732, 0.4132519616390584]",0.0,4.0,0.5488813726798348,0.0,[56],150.0,2.0,0.0007418397626112751,"[0.0, 0.0014836795252225502]",0.0,0.5488813726798348,0.0001,0.0,0.49999999999999944,"[0.0, 0.9999999999999989]",0.1,0.0003711952487008166,"[0.0, 0.0007423904974016332]",0.0,train
0.585,"[0.7566666666666667, 0.41333333333333333]",0.0,4.0,0.5215380787849426,0.0,[56],150.0,2.0,0.0,"[0.0, 0.0]",0.0,0.5215380787849426,0.0001,0.0,0.0,"[0.0, 0.0]",0.1,0.0,"[0.0, 0.0]",0.0,valid
0.5738884045335658,"[0.7345248474280732, 0.4132519616390584]",0.0,4.0,0.548723148263019,0.0,[56],151.0,2.0,0.0007418397626112751,"[0.0, 0.0014836795252225502]",0.0,0.548723148263019,0.0001,0.0,0.49999999999999944,"[0.0, 0.9999999999999989]",0.1,0.0003711952487008166,"[0.0, 0.0007423904974016332]",0.0,train
0.585,"[0.7566666666666667, 0.41333333333333333]",0.0,4.0,0.5203527410825094,0.0,[56],151.0,2.0,0.0,"[0.0, 0.0]",0.0,0.5203527410825094,0.0001,0.0,0.0,"[0.0, 0.0]",0.1,0.0,"[0.0, 0.0]",0.0,valid
0.5736704446381866,"[0.7345248474280732, 0.4128160418482999]",0.0,4.0,0.5485546537067579,0.0,[56],152.0,2.0,0.0007412898443291311,"[0.0, 0.0014825796886582623]",0.0,0.5485546537067579,0.0001,0.0,0.2499999999999999,"[0.0, 0.4999999999999998]",0.1,0.0003711952487008166,"[0.0, 0.0007423904974016332]",0.0,train
0.585,"[0.7566666666666667, 0.41333333333333333]",0.0,4.0,0.5189777414004008,0.0,[56],152.0,2.0,0.0,"[0.0, 0.0]",0.0,0.5189777414004008,0.0001,0.0,0.0,"[0.0, 0.0]",0.1,0.0,"[0.0, 0.0]",0.0,valid
0.5732345248474281,"[0.7345248474280732, 0.4119442022667829]",0.0,4.0,0.5465651517329009,0.0,[56],153.0,2.0,0.0007401924500370066,"[0.0, 0.001480384900074013]",0.0,0.5465651517329009,0.0001,0.0,0.12499999999999997,"[0.0, 0.24999999999999994]",0.1,0.0003711952487008166,"[0.0, 0.0007423904974016332]",0.0,train
0.5866666666666667,"[0.7566666666666667, 0.4166666666666667]",0.0,4.0,0.5220399300257365,0.0,[56],153.0,2.0,0.0056497175141242886,"[0.0, 0.011299435028248577]",0.0,0.5220399300257365,0.0001,0.0,0.49999999999999944,"[0.0, 0.9999999999999989]",0.1,0.002840909090909091,"[0.0, 0.005681818181818182]",0.0,valid
0.5732345248474281,"[0.7345248474280732, 0.4119442022667829]",0.0,4.0,0.5497759606527246,0.0,[56],154.0,2.0,0.0,"[0.0, 0.0]",0.0,0.5497759606527246,0.0001,0.0,0.0,"[0.0, 0.0]",0.1,0.0,"[0.0, 0.0]",0.0,train
0.585,"[0.7566666666666667, 0.41333333333333333]",0.0,4.0,0.5235913793245951,0.0,[56],154.0,2.0,0.0,"[0.0, 0.0]",0.0,0.5235913793245951,0.0001,0.0,0.0,"[0.0, 0.0]",0.1,0.0,"[0.0, 0.0]",0.0,valid
0.5738884045335658,"[0.7345248474280732, 0.4132519616390584]",0.0,4.0,0.5494237723557845,0.0,[56],155.0,2.0,0.0022189349112425997,"[0.0, 0.004437869822485199]",0.0,0.5494237723557845,0.0001,0.0,0.29999999999999993,"[0.0, 0.5999999999999999]",0.1,0.0011135857461024498,"[0.0, 0.0022271714922048997]",0.0,train
0.585,"[0.7566666666666667, 0.41333333333333333]",0.0,4.0,0.5196280678113302,0.0,[56],155.0,2.0,0.0,"[0.0, 0.0]",0.0,0.5196280678113302,0.0001,0.0,0.0,"[0.0, 0.0]",0.1,0.0,"[0.0, 0.0]",0.0,valid
0.5734524847428073,"[0.7345248474280732, 0.41238012205754143]",0.0,4.0,0.5477122534876284,0.0,[56],156.0,2.0,0.0,"[0.0, 0.0]",0.0,0.5477122534876284,0.0001,0.0,0.0,"[0.0, 0.0]",0.1,0.0,"[0.0, 0.0]",0.0,train
0.5866666666666667,"[0.7566666666666667, 0.4166666666666667]",0.0,4.0,0.5214435259501139,0.0,[56],156.0,2.0,0.0056497175141242886,"[0.0, 0.011299435028248577]",0.0,0.5214435259501139,0.0001,0.0,0.49999999999999944,"[0.0, 0.9999999999999989]",0.1,0.002840909090909091,"[0.0, 0.005681818181818182]",0.0,valid
0.574106364428945,"[0.7345248474280732, 0.41368788142981694]",0.0,4.0,0.546950682349827,0.0,[56],157.0,2.0,0.0022205773501110257,"[0.0, 0.0044411547002220515]",0.0,0.546950682349827,0.0001,0.0,0.37499999999999994,"[0.0, 0.7499999999999999]",0.1,0.0011135857461024498,"[0.0, 0.0022271714922048997]",0.0,train
0.585,"[0.7566666666666667, 0.41333333333333333]",0.0,4.0,0.5207134286562601,0.0,[56],157.0,2.0,0.0,"[0.0, 0.0]",0.0,0.5207134286562601,0.0001,0.0,0.0,"[0.0, 0.0]",0.1,0.0,"[0.0, 0.0]",0.0,valid
0.5738884045335658,"[0.7345248474280732, 0.4132519616390584]",0.0,4.0,0.5476049729015516,0.0,[56],158.0,2.0,0.001481481481481479,"[0.0, 0.002962962962962958]",0.0,0.5476049729015516,0.0001,0.0,0.33333333333333326,"[0.0, 0.6666666666666665]",0.1,0.0007423904974016332,"[0.0, 0.0014847809948032665]",0.0,train
0.585,"[0.7566666666666667, 0.41333333333333333]",0.0,4.0,0.5202229022979736,0.0,[56],158.0,2.0,0.0,"[0.0, 0.0]",0.0,0.5202229022979736,0.0001,0.0,0.0,"[0.0, 0.0]",0.1,0.0,"[0.0, 0.0]",0.0,valid
0.5734524847428073,"[0.7345248474280732, 0.41238012205754143]",0.0,4.0,0.5470851867095284,0.0,[56],159.0,2.0,0.0007407407407407384,"[0.0, 0.0014814814814814769]",0.0,0.5470851867095284,0.0001,0.0,0.16666666666666663,"[0.0, 0.33333333333333326]",0.1,0.0003711952487008166,"[0.0, 0.0007423904974016332]",0.0,train
0.585,"[0.7566666666666667, 0.41333333333333333]",0.0,4.0,0.523471862077713,0.0,[56],159.0,2.0,0.0,"[0.0, 0.0]",0.0,0.523471862077713,0.0001,0.0,0.0,"[0.0, 0.0]",0.1,0.0,"[0.0, 0.0]",0.0,valid
0.5738884045335658,"[0.7345248474280732, 0.4132519616390584]",0.0,4.0,0.5492742243020431,0.0,[56],160.0,2.0,0.0007418397626112751,"[0.0, 0.0014836795252225502]",0.0,0.5492742243020431,0.0001,0.0,0.49999999999999944,"[0.0, 0.9999999999999989]",0.1,0.0003711952487008166,"[0.0, 0.0007423904974016332]",0.0,train
0.585,"[0.7566666666666667, 0.41333333333333333]",0.0,4.0,0.5212705532709757,0.0,[56],160.0,2.0,0.0,"[0.0, 0.0]",0.0,0.5212705532709757,0.0001,0.0,0.0,"[0.0, 0.0]",0.1,0.0,"[0.0, 0.0]",0.0,valid
0.5732345248474281,"[0.7345248474280732, 0.4119442022667829]",0.0,4.0,0.5498160486635955,0.0,[56],161.0,2.0,0.0007401924500370066,"[0.0, 0.001480384900074013]",0.0,0.5498160486635955,0.0001,0.0,0.12499999999999997,"[0.0, 0.24999999999999994]",0.1,0.0003711952487008166,"[0.0, 0.0007423904974016332]",0.0,train
0.585,"[0.7566666666666667, 0.41333333333333333]",0.0,4.0,0.5235531727472941,0.0,[56],161.0,2.0,0.0,"[0.0, 0.0]",0.0,0.5235531727472941,0.0001,0.0,0.0,"[0.0, 0.0]",0.1,0.0,"[0.0, 0.0]",0.0,valid
0.5736704446381866,"[0.7345248474280732, 0.4128160418482999]",0.0,4.0,0.5482729958451312,0.0,[56],162.0,2.0,0.0007412898443291311,"[0.0, 0.0014825796886582623]",0.0,0.5482729958451312,0.0001,0.0,0.2499999999999999,"[0.0, 0.4999999999999998]",0.1,0.0003711952487008166,"[0.0, 0.0007423904974016332]",0.0,train
0.5866666666666667,"[0.7566666666666667, 0.4166666666666667]",0.0,4.0,0.5248309175173441,0.0,[56],162.0,2.0,0.0056497175141242886,"[0.0, 0.011299435028248577]",0.0,0.5248309175173441,0.0001,0.0,0.49999999999999944,"[0.0, 0.9999999999999989]",0.1,0.002840909090909091,"[0.0, 0.005681818181818182]",0.0,valid
0.5736704446381866,"[0.7345248474280732, 0.4128160418482999]",0.0,4.0,0.5481780573077824,0.0,[56],163.0,2.0,0.0,"[0.0, 0.0]",0.0,0.5481780573077824,0.0001,0.0,0.0,"[0.0, 0.0]",0.1,0.0,"[0.0, 0.0]",0.0,train
0.585,"[0.7566666666666667, 0.41333333333333333]",0.0,4.0,0.5190853079160055,0.0,[56],163.0,2.0,0.0,"[0.0, 0.0]",0.0,0.5190853079160055,0.0001,0.0,0.0,"[0.0, 0.0]",0.1,0.0,"[0.0, 0.0]",0.0,valid
0.5736704446381866,"[0.7345248474280732, 0.4128160418482999]",0.0,4.0,0.5491096455117931,0.0,[56],164.0,2.0,0.0007412898443291311,"[0.0, 0.0014825796886582623]",0.0,0.5491096455117931,0.0001,0.0,0.2499999999999999,"[0.0, 0.4999999999999998]",0.1,0.0003711952487008166,"[0.0, 0.0007423904974016332]",0.0,train
0.585,"[0.7566666666666667, 0.41333333333333333]",0.0,4.0,0.5208183626333872,0.0,[56],164.0,2.0,0.0,"[0.0, 0.0]",0.0,0.5208183626333872,0.0001,0.0,0.0,"[0.0, 0.0]",0.1,0.0,"[0.0, 0.0]",0.0,valid
0.5738884045335658,"[0.7345248474280732, 0.4132519616390584]",0.0,4.0,0.5453715505807296,0.0,[56],165.0,2.0,0.0007418397626112751,"[0.0, 0.0014836795252225502]",0.0,0.5453715505807296,0.0001,0.0,0.49999999999999944,"[0.0, 0.9999999999999989]",0.1,0.0003711952487008166,"[0.0, 0.0007423904974016332]",0.0,train
0.585,"[0.7566666666666667, 0.41333333333333333]",0.0,4.0,0.521411657333374,0.0,[56],165.0,2.0,0.0,"[0.0, 0.0]",0.0,0.521411657333374,0.0001,0.0,0.0,"[0.0, 0.0]",0.1,0.0,"[0.0, 0.0]",0.0,valid
0.5738884045335658,"[0.7345248474280732, 0.4132519616390584]",0.0,4.0,0.547122457753057,0.0,[56],166.0,2.0,0.0007418397626112751,"[0.0, 0.0014836795252225502]",0.0,0.547122457753057,0.0001,0.0,0.49999999999999944,"[0.0, 0.9999999999999989]",0.1,0.0003711952487008166,"[0.0, 0.0007423904974016332]",0.0,train
0.585,"[0.7566666666666667, 0.41333333333333333]",0.0,4.0,0.5213829080263773,0.0,[56],166.0,2.0,0.0,"[0.0, 0.0]",0.0,0.5213829080263773,0.0001,0.0,0.0,"[0.0, 0.0]",0.1,0.0,"[0.0, 0.0]",0.0,valid
0.574106364428945,"[0.7345248474280732, 0.41368788142981694]",0.0,4.0,0.5484136731728263,0.0,[56],167.0,2.0,0.0014825796886582636,"[0.0, 0.002965159377316527]",0.0,0.5484136731728263,0.0001,0.0,0.4999999999999998,"[0.0, 0.9999999999999996]",0.1,0.0007423904974016332,"[0.0, 0.0014847809948032665]",0.0,train
0.585,"[0.7566666666666667, 0.41333333333333333]",0.0,4.0,0.5216902295748392,0.0,[56],167.0,2.0,0.0,"[0.0, 0.0]",0.0,0.5216902295748392,0.0001,0.0,0.0,"[0.0, 0.0]",0.1,0.0,"[0.0, 0.0]",0.0,valid
0.5738884045335658,"[0.7345248474280732, 0.4132519616390584]",0.0,4.0,0.548483757869057,0.0,[56],168.0,2.0,0.0007418397626112751,"[0.0, 0.0014836795252225502]",0.0,0.548483757869057,0.0001,0.0,0.49999999999999944,"[0.0, 0.9999999999999989]",0.1,0.0003711952487008166,"[0.0, 0.0007423904974016332]",0.0,train
0.585,"[0.7566666666666667, 0.41333333333333333]",0.0,4.0,0.5201471348603567,0.0,[56],168.0,2.0,0.0,"[0.0, 0.0]",0.0,0.5201471348603567,0.0001,0.0,0.0,"[0.0, 0.0]",0.1,0.0,"[0.0, 0.0]",0.0,valid
0.5736704446381866,"[0.7345248474280732, 0.4128160418482999]",0.0,4.0,0.5460390500400377,0.0,[56],169.0,2.0,0.0007412898443291311,"[0.0, 0.0014825796886582623]",0.0,0.5460390500400377,0.0001,0.0,0.2499999999999999,"[0.0, 0.4999999999999998]",0.1,0.0003711952487008166,"[0.0, 0.0007423904974016332]",0.0,train
0.585,"[0.7566666666666667, 0.41333333333333333]",0.0,4.0,0.5225393573443095,0.0,[56],169.0,2.0,0.0,"[0.0, 0.0]",0.0,0.5225393573443095,0.0001,0.0,0.0,"[0.0, 0.0]",0.1,0.0,"[0.0, 0.0]",0.0,valid
0.5745422842197035,"[0.7345248474280732, 0.4145597210113339]",0.0,4.0,0.5475188830624456,0.0,[56],170.0,2.0,0.0029607698001480344,"[0.0, 0.005921539600296069]",0.0,0.5475188830624456,0.0001,0.0,0.4999999999999999,"[0.0, 0.9999999999999998]",0.1,0.0014847809948032665,"[0.0, 0.002969561989606533]",0.0,train
0.585,"[0.7566666666666667, 0.41333333333333333]",0.0,4.0,0.520058810710907,0.0,[56],170.0,2.0,0.0,"[0.0, 0.0]",0.0,0.520058810710907,0.0001,0.0,0.0,"[0.0, 0.0]",0.1,0.0,"[0.0, 0.0]",0.0,valid
0.5732345248474281,"[0.7345248474280732, 0.4119442022667829]",0.0,4.0,0.54730668016102,0.0,[56],171.0,2.0,0.0007401924500370066,"[0.0, 0.001480384900074013]",0.0,0.54730668016102,0.0001,0.0,0.12499999999999997,"[0.0, 0.24999999999999994]",0.1,0.0003711952487008166,"[0.0, 0.0007423904974016332]",0.0,train
0.585,"[0.7566666666666667, 0.41333333333333333]",0.0,4.0,0.5213242669900259,0.0,[56],171.0,2.0,0.0,"[0.0, 0.0]",0.0,0.5213242669900259,0.0001,0.0,0.0,"[0.0, 0.0]",0.1,0.0,"[0.0, 0.0]",0.0,valid
0.5734524847428073,"[0.7345248474280732, 0.41238012205754143]",0.0,4.0,0.5465352120606796,0.0,[56],172.0,2.0,0.0007407407407407384,"[0.0, 0.0014814814814814769]",0.0,0.5465352120606796,0.0001,0.0,0.16666666666666663,"[0.0, 0.33333333333333326]",0.1,0.0003711952487008166,"[0.0, 0.0007423904974016332]",0.0,train
0.585,"[0.7566666666666667, 0.41333333333333333]",0.0,4.0,0.5236981908480326,0.0,[56],172.0,2.0,0.0,"[0.0, 0.0]",0.0,0.5236981908480326,0.0001,0.0,0.0,"[0.0, 0.0]",0.1,0.0,"[0.0, 0.0]",0.0,valid
0.5743243243243243,"[0.7345248474280732, 0.4141238012205754]",0.0,4.0,0.5463307162989741,0.0,[56],173.0,2.0,0.002222222222222219,"[0.0, 0.004444444444444438]",0.0,0.5463307162989741,0.0001,0.0,0.49999999999999983,"[0.0, 0.9999999999999997]",0.1,0.0011135857461024498,"[0.0, 0.0022271714922048997]",0.0,train
0.585,"[0.7566666666666667, 0.41333333333333333]",0.0,4.0,0.5210639635721842,0.0,[56],173.0,2.0,0.0,"[0.0, 0.0]",0.0,0.5210639635721842,0.0001,0.0,0.0,"[0.0, 0.0]",0.1,0.0,"[0.0, 0.0]",0.0,valid
0.5738884045335658,"[0.7345248474280732, 0.4132519616390584]",0.0,4.0,0.5492017035898955,0.0,[56],174.0,2.0,0.001481481481481479,"[0.0, 0.002962962962962958]",0.0,0.5492017035898955,0.0001,0.0,0.33333333333333326,"[0.0, 0.6666666666666665]",0.1,0.0007423904974016332,"[0.0, 0.0014847809948032665]",0.0,train
0.585,"[0.7566666666666667, 0.41333333333333333]",0.0,4.0,0.5223063627878824,0.0,[56],174.0,2.0,0.0,"[0.0, 0.0]",0.0,0.5223063627878824,0.0001,0.0,0.0,"[0.0, 0.0]",0.1,0.0,"[0.0, 0.0]",0.0,valid
0.5736704446381866,"[0.7345248474280732, 0.4128160418482999]",0.0,4.0,0.5467980892761893,0.0,[56],175.0,2.0,0.0007412898443291311,"[0.0, 0.0014825796886582623]",0.0,0.5467980892761893,0.0001,0.0,0.2499999999999999,"[0.0, 0.4999999999999998]",0.1,0.0003711952487008166,"[0.0, 0.0007423904974016332]",0.0,train
0.585,"[0.7566666666666667, 0.41333333333333333]",0.0,4.0,0.5205684304237366,0.0,[56],175.0,2.0,0.0,"[0.0, 0.0]",0.0,0.5205684304237366,0.0001,0.0,0.0,"[0.0, 0.0]",0.1,0.0,"[0.0, 0.0]",0.0,valid
0.5732345248474281,"[0.7345248474280732, 0.4119442022667829]",0.0,4.0,0.5440664731937906,0.0,[56],176.0,2.0,0.0,"[0.0, 0.0]",0.0,0.5440664731937906,0.0001,0.0,0.0,"[0.0, 0.0]",0.1,0.0,"[0.0, 0.0]",0.0,train
0.585,"[0.7566666666666667, 0.41333333333333333]",0.0,4.0,0.5215147733688354,0.0,[56],176.0,2.0,0.0,"[0.0, 0.0]",0.0,0.5215147733688354,0.0001,0.0,0.0,"[0.0, 0.0]",0.1,0.0,"[0.0, 0.0]",0.0,valid
0.574106364428945,"[0.7345248474280732, 0.41368788142981694]",0.0,4.0,0.5464218155197476,0.0,[56],177.0,2.0,0.0022205773501110257,"[0.0, 0.0044411547002220515]",0.0,0.5464218155197476,0.0001,0.0,0.37499999999999994,"[0.0, 0.7499999999999999]",0.1,0.0011135857461024498,"[0.0, 0.0022271714922048997]",0.0,train
0.5866666666666667,"[0.7566666666666667, 0.4166666666666667]",0.0,4.0,0.5220280885696411,0.0,[56],177.0,2.0,0.0056497175141242886,"[0.0, 0.011299435028248577]",0.0,0.5220280885696411,0.0001,0.0,0.49999999999999944,"[0.0, 0.9999999999999989]",0.1,0.002840909090909091,"[0.0, 0.005681818181818182]",0.0,valid
0.5738884045335658,"[0.7345248474280732, 0.4132519616390584]",0.0,4.0,0.5447989987290424,0.0,[56],178.0,2.0,0.0007418397626112751,"[0.0, 0.0014836795252225502]",0.0,0.5447989987290424,0.0001,0.0,0.49999999999999944,"[0.0, 0.9999999999999989]",0.1,0.0003711952487008166,"[0.0, 0.0007423904974016332]",0.0,train
0.585,"[0.7566666666666667, 0.41333333333333333]",0.0,4.0,0.5224953889846802,0.0,[56],178.0,2.0,0.0,"[0.0, 0.0]",0.0,0.5224953889846802,0.0001,0.0,0.0,"[0.0, 0.0]",0.1,0.0,"[0.0, 0.0]",0.0,valid
0.5738884045335658,"[0.7345248474280732, 0.4132519616390584]",0.0,4.0,0.5470700134401736,0.0,[56],179.0,2.0,0.0007418397626112751,"[0.0, 0.0014836795252225502]",0.0,0.5470700134401736,0.0001,0.0,0.49999999999999944,"[0.0, 0.9999999999999989]",0.1,0.0003711952487008166,"[0.0, 0.0007423904974016332]",0.0,train
0.585,"[0.7566666666666667, 0.41333333333333333]",0.0,4.0,0.519315779209137,0.0,[56],179.0,2.0,0.0,"[0.0, 0.0]",0.0,0.519315779209137,0.0001,0.0,0.0,"[0.0, 0.0]",0.1,0.0,"[0.0, 0.0]",0.0,valid
0.574106364428945,"[0.7345248474280732, 0.41368788142981694]",0.0,4.0,0.5483348576918893,0.0,[56],180.0,2.0,0.0014825796886582636,"[0.0, 0.002965159377316527]",0.0,0.5483348576918893,0.0001,0.0,0.4999999999999998,"[0.0, 0.9999999999999996]",0.1,0.0007423904974016332,"[0.0, 0.0014847809948032665]",0.0,train
0.585,"[0.7566666666666667, 0.41333333333333333]",0.0,4.0,0.5206526815891266,0.0,[56],180.0,2.0,0.0,"[0.0, 0.0]",0.0,0.5206526815891266,0.0001,0.0,0.0,"[0.0, 0.0]",0.1,0.0,"[0.0, 0.0]",0.0,valid
0.5734524847428073,"[0.7345248474280732, 0.41238012205754143]",0.0,4.0,0.5469136497248774,0.0,[56],181.0,2.0,0.0,"[0.0, 0.0]",0.0,0.5469136497248774,0.0001,0.0,0.0,"[0.0, 0.0]",0.1,0.0,"[0.0, 0.0]",0.0,train
0.585,"[0.7566666666666667, 0.41333333333333333]",0.0,4.0,0.5213436881701151,0.0,[56],181.0,2.0,0.0,"[0.0, 0.0]",0.0,0.5213436881701151,0.0001,0.0,0.0,"[0.0, 0.0]",0.1,0.0,"[0.0, 0.0]",0.0,valid
0.5736704446381866,"[0.7345248474280732, 0.4128160418482999]",0.0,4.0,0.5481748943743499,0.0,[56],182.0,2.0,0.0007412898443291311,"[0.0, 0.0014825796886582623]",0.0,0.5481748943743499,0.0001,0.0,0.2499999999999999,"[0.0, 0.4999999999999998]",0.1,0.0003711952487008166,"[0.0, 0.0007423904974016332]",0.0,train
0.585,"[0.7566666666666667, 0.41333333333333333]",0.0,4.0,0.5236588517824808,0.0,[56],182.0,2.0,0.0,"[0.0, 0.0]",0.0,0.5236588517824808,0.0001,0.0,0.0,"[0.0, 0.0]",0.1,0.0,"[0.0, 0.0]",0.0,valid
0.5734524847428073,"[0.7345248474280732, 0.41238012205754143]",0.0,4.0,0.5449849444886913,0.0,[56],183.0,2.0,0.0,"[0.0, 0.0]",0.0,0.5449849444886913,0.0001,0.0,0.0,"[0.0, 0.0]",0.1,0.0,"[0.0, 0.0]",0.0,train
0.585,"[0.7566666666666667, 0.41333333333333333]",0.0,4.0,0.5217892030874888,0.0,[56],183.0,2.0,0.0,"[0.0, 0.0]",0.0,0.5217892030874888,0.0001,0.0,0.0,"[0.0, 0.0]",0.1,0.0,"[0.0, 0.0]",0.0,valid
0.5736704446381866,"[0.7345248474280732, 0.4128160418482999]",0.0,4.0,0.5458622354528179,0.0,[56],184.0,2.0,0.0,"[0.0, 0.0]",0.0,0.5458622354528179,0.0001,0.0,0.0,"[0.0, 0.0]",0.1,0.0,"[0.0, 0.0]",0.0,train
0.585,"[0.7566666666666667, 0.41333333333333333]",0.0,4.0,0.5221148729324341,0.0,[56],184.0,2.0,0.0,"[0.0, 0.0]",0.0,0.5221148729324341,0.0001,0.0,0.0,"[0.0, 0.0]",0.1,0.0,"[0.0, 0.0]",0.0,valid
0.5736704446381866,"[0.7345248474280732, 0.4128160418482999]",0.0,4.0,0.5460877003877059,0.0,[56],185.0,2.0,0.0007412898443291311,"[0.0, 0.0014825796886582623]",0.0,0.5460877003877059,0.0001,0.0,0.2499999999999999,"[0.0, 0.4999999999999998]",0.1,0.0003711952487008166,"[0.0, 0.0007423904974016332]",0.0,train
0.585,"[0.7566666666666667, 0.41333333333333333]",0.0,4.0,0.5219562649726868,0.0,[56],185.0,2.0,0.0,"[0.0, 0.0]",0.0,0.5219562649726868,0.0001,0.0,0.0,"[0.0, 0.0]",0.1,0.0,"[0.0, 0.0]",0.0,valid
0.5738884045335658,"[0.7345248474280732, 0.4132519616390584]",0.0,4.0,0.5451982539633046,0.0,[56],186.0,2.0,0.0007418397626112751,"[0.0, 0.0014836795252225502]",0.0,0.5451982539633046,0.0001,0.0,0.49999999999999944,"[0.0, 0.9999999999999989]",0.1,0.0003711952487008166,"[0.0, 0.0007423904974016332]",0.0,train
0.585,"[0.7566666666666667, 0.41333333333333333]",0.0,4.0,0.5208515524864197,0.0,[56],186.0,2.0,0.0,"[0.0, 0.0]",0.0,0.5208515524864197,0.0001,0.0,0.0,"[0.0, 0.0]",0.1,0.0,"[0.0, 0.0]",0.0,valid
0.5734524847428073,"[0.7345248474280732, 0.41238012205754143]",0.0,4.0,0.5447638293971186,0.0,[56],187.0,2.0,0.0,"[0.0, 0.0]",0.0,0.5447638293971186,0.0001,0.0,0.0,"[0.0, 0.0]",0.1,0.0,"[0.0, 0.0]",0.0,train
0.585,"[0.7566666666666667, 0.41333333333333333]",0.0,4.0,0.5213360289732615,0.0,[56],187.0,2.0,0.0,"[0.0, 0.0]",0.0,0.5213360289732615,0.0001,0.0,0.0,"[0.0, 0.0]",0.1,0.0,"[0.0, 0.0]",0.0,valid
0.5738884045335658,"[0.7345248474280732, 0.4132519616390584]",0.0,4.0,0.5467442636904509,0.0,[56],188.0,2.0,0.001481481481481479,"[0.0, 0.002962962962962958]",0.0,0.5467442636904509,0.0001,0.0,0.33333333333333326,"[0.0, 0.6666666666666665]",0.1,0.0007423904974016332,"[0.0, 0.0014847809948032665]",0.0,train
0.585,"[0.7566666666666667, 0.41333333333333333]",0.0,4.0,0.5225827495257059,0.0,[56],188.0,2.0,0.0,"[0.0, 0.0]",0.0,0.5225827495257059,0.0001,0.0,0.0,"[0.0, 0.0]",0.1,0.0,"[0.0, 0.0]",0.0,valid
0.5736704446381866,"[0.7345248474280732, 0.4128160418482999]",0.0,4.0,0.5459608176480168,0.0,[56],189.0,2.0,0.0,"[0.0, 0.0]",0.0,0.5459608176480168,0.0001,0.0,0.0,"[0.0, 0.0]",0.1,0.0,"[0.0, 0.0]",0.0,train
0.585,"[0.7566666666666667, 0.41333333333333333]",0.0,4.0,0.5207052230834961,0.0,[56],189.0,2.0,0.0,"[0.0, 0.0]",0.0,0.5207052230834961,0.0001,0.0,0.0,"[0.0, 0.0]",0.1,0.0,"[0.0, 0.0]",0.0,valid
0.574106364428945,"[0.7345248474280732, 0.41368788142981694]",0.0,4.0,0.5471502983051798,0.0,[56],190.0,2.0,0.0014825796886582636,"[0.0, 0.002965159377316527]",0.0,0.5471502983051798,0.0001,0.0,0.4999999999999998,"[0.0, 0.9999999999999996]",0.1,0.0007423904974016332,"[0.0, 0.0014847809948032665]",0.0,train
0.585,"[0.7566666666666667, 0.41333333333333333]",0.0,4.0,0.5212539732456207,0.0,[56],190.0,2.0,0.0,"[0.0, 0.0]",0.0,0.5212539732456207,0.0001,0.0,0.0,"[0.0, 0.0]",0.1,0.0,"[0.0, 0.0]",0.0,valid
0.5734524847428073,"[0.7345248474280732, 0.41238012205754143]",0.0,4.0,0.5453698764676633,0.0,[56],191.0,2.0,0.0,"[0.0, 0.0]",0.0,0.5453698764676633,0.0001,0.0,0.0,"[0.0, 0.0]",0.1,0.0,"[0.0, 0.0]",0.0,train
0.585,"[0.7566666666666667, 0.41333333333333333]",0.0,4.0,0.5253386696179708,0.0,[56],191.0,2.0,0.0,"[0.0, 0.0]",0.0,0.5253386696179708,0.0001,0.0,0.0,"[0.0, 0.0]",0.1,0.0,"[0.0, 0.0]",0.0,valid
0.574106364428945,"[0.7345248474280732, 0.41368788142981694]",0.0,4.0,0.5468623508577761,0.0,[56],192.0,2.0,0.0014825796886582636,"[0.0, 0.002965159377316527]",0.0,0.5468623508577761,0.0001,0.0,0.4999999999999998,"[0.0, 0.9999999999999996]",0.1,0.0007423904974016332,"[0.0, 0.0014847809948032665]",0.0,train
0.585,"[0.7566666666666667, 0.41333333333333333]",0.0,4.0,0.5211954116821289,0.0,[56],192.0,2.0,0.0,"[0.0, 0.0]",0.0,0.5211954116821289,0.0001,0.0,0.0,"[0.0, 0.0]",0.1,0.0,"[0.0, 0.0]",0.0,valid
0.5736704446381866,"[0.7345248474280732, 0.4128160418482999]",0.0,4.0,0.5457875832267429,0.0,[56],193.0,2.0,0.0,"[0.0, 0.0]",0.0,0.5457875832267429,0.0001,0.0,0.0,"[0.0, 0.0]",0.1,0.0,"[0.0, 0.0]",0.0,train
0.585,"[0.7566666666666667, 0.41333333333333333]",0.0,4.0,0.5213368137677511,0.0,[56],193.0,2.0,0.0,"[0.0, 0.0]",0.0,0.5213368137677511,0.0001,0.0,0.0,"[0.0, 0.0]",0.1,0.0,"[0.0, 0.0]",0.0,valid
0.5738884045335658,"[0.7345248474280732, 0.4132519616390584]",0.0,4.0,0.5460062882174617,0.0,[56],194.0,2.0,0.0007418397626112751,"[0.0, 0.0014836795252225502]",0.0,0.5460062882174617,0.0001,0.0,0.49999999999999944,"[0.0, 0.9999999999999989]",0.1,0.0003711952487008166,"[0.0, 0.0007423904974016332]",0.0,train
0.585,"[0.7566666666666667, 0.41333333333333333]",0.0,4.0,0.5190294881661733,0.0,[56],194.0,2.0,0.0,"[0.0, 0.0]",0.0,0.5190294881661733,0.0001,0.0,0.0,"[0.0, 0.0]",0.1,0.0,"[0.0, 0.0]",0.0,valid
0.5734524847428073,"[0.7345248474280732, 0.41238012205754143]",0.0,4.0,0.543995932392452,0.0,[56],195.0,2.0,0.0,"[0.0, 0.0]",0.0,0.543995932392452,0.0001,0.0,0.0,"[0.0, 0.0]",0.1,0.0,"[0.0, 0.0]",0.0,train
0.585,"[0.7566666666666667, 0.41333333333333333]",0.0,4.0,0.5216779907544454,0.0,[56],195.0,2.0,0.0,"[0.0, 0.0]",0.0,0.5216779907544454,0.0001,0.0,0.0,"[0.0, 0.0]",0.1,0.0,"[0.0, 0.0]",0.0,valid
0.5734524847428073,"[0.7345248474280732, 0.41238012205754143]",0.0,4.0,0.5468197672263436,0.0,[56],196.0,2.0,0.0,"[0.0, 0.0]",0.0,0.5468197672263436,0.0001,0.0,0.0,"[0.0, 0.0]",0.1,0.0,"[0.0, 0.0]",0.0,train
0.585,"[0.7566666666666667, 0.41333333333333333]",0.0,4.0,0.5211827953656515,0.0,[56],196.0,2.0,0.0,"[0.0, 0.0]",0.0,0.5211827953656515,0.0001,0.0,0.0,"[0.0, 0.0]",0.1,0.0,"[0.0, 0.0]",0.0,valid
0.5736704446381866,"[0.7345248474280732, 0.4128160418482999]",0.0,4.0,0.5471265937971033,0.0,[56],197.0,2.0,0.0007412898443291311,"[0.0, 0.0014825796886582623]",0.0,0.5471265937971033,0.0001,0.0,0.2499999999999999,"[0.0, 0.4999999999999998]",0.1,0.0003711952487008166,"[0.0, 0.0007423904974016332]",0.0,train
0.585,"[0.7566666666666667, 0.41333333333333333]",0.0,4.0,0.5209887822469076,0.0,[56],197.0,2.0,0.0,"[0.0, 0.0]",0.0,0.5209887822469076,0.0001,0.0,0.0,"[0.0, 0.0]",0.1,0.0,"[0.0, 0.0]",0.0,valid
0.5736704446381866,"[0.7345248474280732, 0.4128160418482999]",0.0,4.0,0.5472890086795973,0.0,[56],198.0,2.0,0.0,"[0.0, 0.0]",0.0,0.5472890086795973,0.0001,0.0,0.0,"[0.0, 0.0]",0.1,0.0,"[0.0, 0.0]",0.0,train
0.585,"[0.7566666666666667, 0.41333333333333333]",0.0,4.0,0.5219380756219228,0.0,[56],198.0,2.0,0.0,"[0.0, 0.0]",0.0,0.5219380756219228,0.0001,0.0,0.0,"[0.0, 0.0]",0.1,0.0,"[0.0, 0.0]",0.0,valid
0.5736704446381866,"[0.7345248474280732, 0.4128160418482999]",0.0,4.0,0.5484920429146808,0.0,[56],199.0,2.0,0.0007412898443291311,"[0.0, 0.0014825796886582623]",0.0,0.5484920429146808,0.0001,0.0,0.2499999999999999,"[0.0, 0.4999999999999998]",0.1,0.0003711952487008166,"[0.0, 0.0007423904974016332]",0.0,train
0.585,"[0.7566666666666667, 0.41333333333333333]",0.0,4.0,0.5217009782791138,0.0,[56],199.0,2.0,0.0,"[0.0, 0.0]",0.0,0.5217009782791138,0.0001,0.0,0.0,"[0.0, 0.0]",0.1,0.0,"[0.0, 0.0]",0.0,valid
0.5736704446381866,"[0.7345248474280732, 0.4128160418482999]",0.0,4.0,0.546341491782147,0.0,[56],200.0,2.0,0.0,"[0.0, 0.0]",0.0,0.546341491782147,0.0001,0.0,0.0,"[0.0, 0.0]",0.1,0.0,"[0.0, 0.0]",0.0,train
0.585,"[0.7566666666666667, 0.41333333333333333]",0.0,4.0,0.5224672158559164,0.0,[56],200.0,2.0,0.0,"[0.0, 0.0]",0.0,0.5224672158559164,0.0001,0.0,0.0,"[0.0, 0.0]",0.1,0.0,"[0.0, 0.0]",0.0,valid
0.5736704446381866,"[0.7345248474280732, 0.4128160418482999]",0.0,4.0,0.5451726148957792,0.0,[56],201.0,2.0,0.0007412898443291311,"[0.0, 0.0014825796886582623]",0.0,0.5451726148957792,0.0001,0.0,0.2499999999999999,"[0.0, 0.4999999999999998]",0.1,0.0003711952487008166,"[0.0, 0.0007423904974016332]",0.0,train
0.585,"[0.7566666666666667, 0.41333333333333333]",0.0,4.0,0.5209609468777975,0.0,[56],201.0,2.0,0.0,"[0.0, 0.0]",0.0,0.5209609468777975,0.0001,0.0,0.0,"[0.0, 0.0]",0.1,0.0,"[0.0, 0.0]",0.0,valid
0.5743243243243243,"[0.7345248474280732, 0.4141238012205754]",0.0,4.0,0.5446862785712533,0.0,[56],202.0,2.0,0.002222222222222219,"[0.0, 0.004444444444444438]",0.0,0.5446862785712533,0.0001,0.0,0.49999999999999983,"[0.0, 0.9999999999999997]",0.1,0.0011135857461024498,"[0.0, 0.0022271714922048997]",0.0,train
0.585,"[0.7566666666666667, 0.41333333333333333]",0.0,4.0,0.5213654935359955,0.0,[56],202.0,2.0,0.0,"[0.0, 0.0]",0.0,0.5213654935359955,0.0001,0.0,0.0,"[0.0, 0.0]",0.1,0.0,"[0.0, 0.0]",0.0,valid
0.574106364428945,"[0.7345248474280732, 0.41368788142981694]",0.0,4.0,0.5444208694540936,0.0,[56],203.0,2.0,0.0014825796886582636,"[0.0, 0.002965159377316527]",0.0,0.5444208694540936,0.0001,0.0,0.4999999999999998,"[0.0, 0.9999999999999996]",0.1,0.0007423904974016332,"[0.0, 0.0014847809948032665]",0.0,train
0.585,"[0.7566666666666667, 0.41333333333333333]",0.0,4.0,0.5206638177235922,0.0,[56],203.0,2.0,0.0,"[0.0, 0.0]",0.0,0.5206638177235922,0.0001,0.0,0.0,"[0.0, 0.0]",0.1,0.0,"[0.0, 0.0]",0.0,valid
0.5738884045335658,"[0.7345248474280732, 0.4132519616390584]",0.0,4.0,0.5436565046725066,0.0,[56],204.0,2.0,0.0007418397626112751,"[0.0, 0.0014836795252225502]",0.0,0.5436565046725066,0.0001,0.0,0.49999999999999944,"[0.0, 0.9999999999999989]",0.1,0.0003711952487008166,"[0.0, 0.0007423904974016332]",0.0,train
0.585,"[0.7566666666666667, 0.41333333333333333]",0.0,4.0,0.5225502053896586,0.0,[56],204.0,2.0,0.0,"[0.0, 0.0]",0.0,0.5225502053896586,0.0001,0.0,0.0,"[0.0, 0.0]",0.1,0.0,"[0.0, 0.0]",0.0,valid
0.5732345248474281,"[0.7345248474280732, 0.4119442022667829]",0.0,4.0,0.5476537424585094,0.0,[56],205.0,2.0,0.0,"[0.0, 0.0]",0.0,0.5476537424585094,0.0001,0.0,0.0,"[0.0, 0.0]",0.1,0.0,"[0.0, 0.0]",0.0,train
0.585,"[0.7566666666666667, 0.41333333333333333]",0.0,4.0,0.5189430216948191,0.0,[56],205.0,2.0,0.0,"[0.0, 0.0]",0.0,0.5189430216948191,0.0001,0.0,0.0,"[0.0, 0.0]",0.1,0.0,"[0.0, 0.0]",0.0,valid
0.5734524847428073,"[0.7345248474280732, 0.41238012205754143]",0.0,4.0,0.546246596004652,0.0,[56],206.0,2.0,0.0,"[0.0, 0.0]",0.0,0.546246596004652,0.0001,0.0,0.0,"[0.0, 0.0]",0.1,0.0,"[0.0, 0.0]",0.0,train
0.585,"[0.7566666666666667, 0.41333333333333333]",0.0,4.0,0.521922787030538,0.0,[56],206.0,2.0,0.0,"[0.0, 0.0]",0.0,0.521922787030538,0.0001,0.0,0.0,"[0.0, 0.0]",0.1,0.0,"[0.0, 0.0]",0.0,valid
0.5736704446381866,"[0.7345248474280732, 0.4128160418482999]",0.0,4.0,0.5454857815866885,0.0,[56],207.0,2.0,0.0007412898443291311,"[0.0, 0.0014825796886582623]",0.0,0.5454857815866885,0.0001,0.0,0.2499999999999999,"[0.0, 0.4999999999999998]",0.1,0.0003711952487008166,"[0.0, 0.0007423904974016332]",0.0,train
0.585,"[0.7566666666666667, 0.41333333333333333]",0.0,4.0,0.5243010918299357,0.0,[56],207.0,2.0,0.0,"[0.0, 0.0]",0.0,0.5243010918299357,0.0001,0.0,0.0,"[0.0, 0.0]",0.1,0.0,"[0.0, 0.0]",0.0,valid
0.5738884045335658,"[0.7345248474280732, 0.4132519616390584]",0.0,4.0,0.5451585106227709,0.0,[56],208.0,2.0,0.001481481481481479,"[0.0, 0.002962962962962958]",0.0,0.5451585106227709,0.0001,0.0,0.33333333333333326,"[0.0, 0.6666666666666665]",0.1,0.0007423904974016332,"[0.0, 0.0014847809948032665]",0.0,train
0.585,"[0.7566666666666667, 0.41333333333333333]",0.0,4.0,0.5220082998275757,0.0,[56],208.0,2.0,0.0,"[0.0, 0.0]",0.0,0.5220082998275757,0.0001,0.0,0.0,"[0.0, 0.0]",0.1,0.0,"[0.0, 0.0]",0.0,valid
0.5736704446381866,"[0.7345248474280732, 0.4128160418482999]",0.0,4.0,0.5452167184456534,0.0,[56],209.0,2.0,0.0007412898443291311,"[0.0, 0.0014825796886582623]",0.0,0.5452167184456534,0.0001,0.0,0.2499999999999999,"[0.0, 0.4999999999999998]",0.1,0.0003711952487008166,"[0.0, 0.0007423904974016332]",0.0,train
0.5866666666666667,"[0.7566666666666667, 0.4166666666666667]",0.0,4.0,0.5199640591939291,0.0,[56],209.0,2.0,0.0056497175141242886,"[0.0, 0.011299435028248577]",0.0,0.5199640591939291,0.0001,0.0,0.49999999999999944,"[0.0, 0.9999999999999989]",0.1,0.002840909090909091,"[0.0, 0.005681818181818182]",0.0,valid
0.5749782040104621,"[0.7345248474280732, 0.4154315605928509]",0.0,4.0,0.5462343757567198,0.0,[56],210.0,2.0,0.004434589800443454,"[0.0, 0.008869179600886908]",0.0,0.5462343757567198,0.0001,0.0,0.49999999999999994,"[0.0, 0.9999999999999999]",0.1,0.0022271714922048997,"[0.0, 0.004454342984409799]",0.0,train
0.585,"[0.7566666666666667, 0.41333333333333333]",0.0,4.0,0.5220219294230143,0.0,[56],210.0,2.0,0.0,"[0.0, 0.0]",0.0,0.5220219294230143,0.0001,0.0,0.0,"[0.0, 0.0]",0.1,0.0,"[0.0, 0.0]",0.0,valid
0.5736704446381866,"[0.7345248474280732, 0.4128160418482999]",0.0,4.0,0.5476210480150969,0.0,[56],211.0,2.0,0.0,"[0.0, 0.0]",0.0,0.5476210480150969,0.0001,0.0,0.0,"[0.0, 0.0]",0.1,0.0,"[0.0, 0.0]",0.0,train
0.585,"[0.7566666666666667, 0.41333333333333333]",0.0,4.0,0.5226139525572459,0.0,[56],211.0,2.0,0.0,"[0.0, 0.0]",0.0,0.5226139525572459,0.0001,0.0,0.0,"[0.0, 0.0]",0.1,0.0,"[0.0, 0.0]",0.0,valid
0.5736704446381866,"[0.7345248474280732, 0.4128160418482999]",0.0,4.0,0.5438668494639189,0.0,[56],212.0,2.0,0.0,"[0.0, 0.0]",0.0,0.5438668494639189,0.0001,0.0,0.0,"[0.0, 0.0]",0.1,0.0,"[0.0, 0.0]",0.0,train
0.585,"[0.7566666666666667, 0.41333333333333333]",0.0,4.0,0.5198332269986471,0.0,[56],212.0,2.0,0.0,"[0.0, 0.0]",0.0,0.5198332269986471,0.0001,0.0,0.0,"[0.0, 0.0]",0.1,0.0,"[0.0, 0.0]",0.0,valid
0.5736704446381866,"[0.7345248474280732, 0.4128160418482999]",0.0,4.0,0.5456498057945914,0.0,[56],213.0,2.0,0.0007412898443291311,"[0.0, 0.0014825796886582623]",0.0,0.5456498057945914,0.0001,0.0,0.2499999999999999,"[0.0, 0.4999999999999998]",0.1,0.0003711952487008166,"[0.0, 0.0007423904974016332]",0.0,train
0.585,"[0.7566666666666667, 0.41333333333333333]",0.0,4.0,0.5222467283407847,0.0,[56],213.0,2.0,0.0,"[0.0, 0.0]",0.0,0.5222467283407847,0.0001,0.0,0.0,"[0.0, 0.0]",0.1,0.0,"[0.0, 0.0]",0.0,valid
0.574106364428945,"[0.7345248474280732, 0.41368788142981694]",0.0,4.0,0.5449272705161053,0.0,[56],214.0,2.0,0.0014825796886582636,"[0.0, 0.002965159377316527]",0.0,0.5449272705161053,0.0001,0.0,0.4999999999999998,"[0.0, 0.9999999999999996]",0.1,0.0007423904974016332,"[0.0, 0.0014847809948032665]",0.0,train
0.585,"[0.7566666666666667, 0.41333333333333333]",0.0,4.0,0.5224650700887045,0.0,[56],214.0,2.0,0.0,"[0.0, 0.0]",0.0,0.5224650700887045,0.0001,0.0,0.0,"[0.0, 0.0]",0.1,0.0,"[0.0, 0.0]",0.0,valid
0.5738884045335658,"[0.7345248474280732, 0.4132519616390584]",0.0,4.0,0.5443115286205126,0.0,[56],215.0,2.0,0.0007418397626112751,"[0.0, 0.0014836795252225502]",0.0,0.5443115286205126,0.0001,0.0,0.49999999999999944,"[0.0, 0.9999999999999989]",0.1,0.0003711952487008166,"[0.0, 0.0007423904974016332]",0.0,train
0.585,"[0.7566666666666667, 0.41333333333333333]",0.0,4.0,0.519736111164093,0.0,[56],215.0,2.0,0.0,"[0.0, 0.0]",0.0,0.519736111164093,0.0001,0.0,0.0,"[0.0, 0.0]",0.1,0.0,"[0.0, 0.0]",0.0,valid
0.5738884045335658,"[0.7345248474280732, 0.4132519616390584]",0.0,4.0,0.5463229884272036,0.0,[56],216.0,2.0,0.001481481481481479,"[0.0, 0.002962962962962958]",0.0,0.5463229884272036,0.0001,0.0,0.33333333333333326,"[0.0, 0.6666666666666665]",0.1,0.0007423904974016332,"[0.0, 0.0014847809948032665]",0.0,train
0.585,"[0.7566666666666667, 0.41333333333333333]",0.0,4.0,0.5224213500817617,0.0,[56],216.0,2.0,0.0,"[0.0, 0.0]",0.0,0.5224213500817617,0.0001,0.0,0.0,"[0.0, 0.0]",0.1,0.0,"[0.0, 0.0]",0.0,valid
0.5743243243243243,"[0.7345248474280732, 0.4141238012205754]",0.0,4.0,0.5453866383303767,0.0,[56],217.0,2.0,0.0029585798816568008,"[0.0, 0.0059171597633136015]",0.0,0.5453866383303767,0.0001,0.0,0.3999999999999999,"[0.0, 0.7999999999999998]",0.1,0.0014847809948032665,"[0.0, 0.002969561989606533]",0.0,train
0.585,"[0.7566666666666667, 0.41333333333333333]",0.0,4.0,0.5202831228574117,0.0,[56],217.0,2.0,0.0,"[0.0, 0.0]",0.0,0.5202831228574117,0.0001,0.0,0.0,"[0.0, 0.0]",0.1,0.0,"[0.0, 0.0]",0.0,valid
0.5738884045335658,"[0.7345248474280732, 0.4132519616390584]",0.0,4.0,0.5450969649397809,0.0,[56],218.0,2.0,0.0007418397626112751,"[0.0, 0.0014836795252225502]",0.0,0.5450969649397809,0.0001,0.0,0.49999999999999944,"[0.0, 0.9999999999999989]",0.1,0.0003711952487008166,"[0.0, 0.0007423904974016332]",0.0,train
0.585,"[0.7566666666666667, 0.41333333333333333]",0.0,4.0,0.5229146480560303,0.0,[56],218.0,2.0,0.0,"[0.0, 0.0]",0.0,0.5229146480560303,0.0001,0.0,0.0,"[0.0, 0.0]",0.1,0.0,"[0.0, 0.0]",0.0,valid
0.5745422842197035,"[0.7345248474280732, 0.4145597210113339]",0.0,4.0,0.5436260311499886,0.0,[56],219.0,2.0,0.0029607698001480344,"[0.0, 0.005921539600296069]",0.0,0.5436260311499886,0.0001,0.0,0.4999999999999999,"[0.0, 0.9999999999999998]",0.1,0.0014847809948032665,"[0.0, 0.002969561989606533]",0.0,train
0.585,"[0.7566666666666667, 0.41333333333333333]",0.0,4.0,0.5226516822973887,0.0,[56],219.0,2.0,0.0,"[0.0, 0.0]",0.0,0.5226516822973887,0.0001,0.0,0.0,"[0.0, 0.0]",0.1,0.0,"[0.0, 0.0]",0.0,valid
0.574106364428945,"[0.7345248474280732, 0.41368788142981694]",0.0,4.0,0.54543093494747,0.0,[56],220.0,2.0,0.0022205773501110257,"[0.0, 0.0044411547002220515]",0.0,0.54543093494747,0.0001,0.0,0.37499999999999994,"[0.0, 0.7499999999999999]",0.1,0.0011135857461024498,"[0.0, 0.0022271714922048997]",0.0,train
0.585,"[0.7566666666666667, 0.41333333333333333]",0.0,4.0,0.522269050280253,0.0,[56],220.0,2.0,0.0,"[0.0, 0.0]",0.0,0.522269050280253,0.0001,0.0,0.0,"[0.0, 0.0]",0.1,0.0,"[0.0, 0.0]",0.0,valid
0.5738884045335658,"[0.7345248474280732, 0.4132519616390584]",0.0,4.0,0.5441618069358494,0.0,[56],221.0,2.0,0.001481481481481479,"[0.0, 0.002962962962962958]",0.0,0.5441618069358494,0.0001,0.0,0.33333333333333326,"[0.0, 0.6666666666666665]",0.1,0.0007423904974016332,"[0.0, 0.0014847809948032665]",0.0,train
0.585,"[0.7566666666666667, 0.41333333333333333]",0.0,4.0,0.52093838651975,0.0,[56],221.0,2.0,0.0,"[0.0, 0.0]",0.0,0.52093838651975,0.0001,0.0,0.0,"[0.0, 0.0]",0.1,0.0,"[0.0, 0.0]",0.0,valid
0.5738884045335658,"[0.7345248474280732, 0.4132519616390584]",0.0,4.0,0.5444150722545126,0.0,[56],222.0,2.0,0.0007418397626112751,"[0.0, 0.0014836795252225502]",0.0,0.5444150722545126,0.0001,0.0,0.49999999999999944,"[0.0, 0.9999999999999989]",0.1,0.0003711952487008166,"[0.0, 0.0007423904974016332]",0.0,train
0.5866666666666667,"[0.7566666666666667, 0.4166666666666667]",0.0,4.0,0.5197112957636515,0.0,[56],222.0,2.0,0.0056497175141242886,"[0.0, 0.011299435028248577]",0.0,0.5197112957636515,0.0001,0.0,0.49999999999999944,"[0.0, 0.9999999999999989]",0.1,0.002840909090909091,"[0.0, 0.005681818181818182]",0.0,valid
0.5736704446381866,"[0.7345248474280732, 0.4128160418482999]",0.0,4.0,0.543790480364924,0.0,[56],223.0,2.0,0.0,"[0.0, 0.0]",0.0,0.543790480364924,0.0001,0.0,0.0,"[0.0, 0.0]",0.1,0.0,"[0.0, 0.0]",0.0,train
0.585,"[0.7566666666666667, 0.41333333333333333]",0.0,4.0,0.5221702257792155,0.0,[56],223.0,2.0,0.0,"[0.0, 0.0]",0.0,0.5221702257792155,0.0001,0.0,0.0,"[0.0, 0.0]",0.1,0.0,"[0.0, 0.0]",0.0,valid
0.574106364428945,"[0.7345248474280732, 0.41368788142981694]",0.0,4.0,0.5466936748960743,0.0,[56],224.0,2.0,0.0022205773501110257,"[0.0, 0.0044411547002220515]",0.0,0.5466936748960743,0.0001,0.0,0.37499999999999994,"[0.0, 0.7499999999999999]",0.1,0.0011135857461024498,"[0.0, 0.0022271714922048997]",0.0,train
0.585,"[0.7566666666666667, 0.41333333333333333]",0.0,4.0,0.5185728867848715,0.0,[56],224.0,2.0,0.0,"[0.0, 0.0]",0.0,0.5185728867848715,0.0001,0.0,0.0,"[0.0, 0.0]",0.1,0.0,"[0.0, 0.0]",0.0,valid
0.5734524847428073,"[0.7345248474280732, 0.41238012205754143]",0.0,4.0,0.5449550981106965,0.0,[56],225.0,2.0,0.0007407407407407384,"[0.0, 0.0014814814814814769]",0.0,0.5449550981106965,0.0001,0.0,0.16666666666666663,"[0.0, 0.33333333333333326]",0.1,0.0003711952487008166,"[0.0, 0.0007423904974016332]",0.0,train
0.585,"[0.7566666666666667, 0.41333333333333333]",0.0,4.0,0.5204405784606934,0.0,[56],225.0,2.0,0.0,"[0.0, 0.0]",0.0,0.5204405784606934,0.0001,0.0,0.0,"[0.0, 0.0]",0.1,0.0,"[0.0, 0.0]",0.0,valid
0.5738884045335658,"[0.7345248474280732, 0.4132519616390584]",0.0,4.0,0.5465558145357214,0.0,[56],226.0,2.0,0.001481481481481479,"[0.0, 0.002962962962962958]",0.0,0.5465558145357214,0.0001,0.0,0.33333333333333326,"[0.0, 0.6666666666666665]",0.1,0.0007423904974016332,"[0.0, 0.0014847809948032665]",0.0,train
0.5866666666666667,"[0.7566666666666667, 0.4166666666666667]",0.0,4.0,0.5192806323369344,0.0,[56],226.0,2.0,0.0056497175141242886,"[0.0, 0.011299435028248577]",0.0,0.5192806323369344,0.0001,0.0,0.49999999999999944,"[0.0, 0.9999999999999989]",0.1,0.002840909090909091,"[0.0, 0.005681818181818182]",0.0,valid
0.5736704446381866,"[0.7345248474280732, 0.4128160418482999]",0.0,4.0,0.5457820451777914,0.0,[56],227.0,2.0,0.0,"[0.0, 0.0]",0.0,0.5457820451777914,0.0001,0.0,0.0,"[0.0, 0.0]",0.1,0.0,"[0.0, 0.0]",0.0,train
0.585,"[0.7566666666666667, 0.41333333333333333]",0.0,4.0,0.5228341817855835,0.0,[56],227.0,2.0,0.0,"[0.0, 0.0]",0.0,0.5228341817855835,0.0001,0.0,0.0,"[0.0, 0.0]",0.1,0.0,"[0.0, 0.0]",0.0,valid
0.574106364428945,"[0.7345248474280732, 0.41368788142981694]",0.0,4.0,0.5421059416688007,0.0,[56],228.0,2.0,0.0014825796886582636,"[0.0, 0.002965159377316527]",0.0,0.5421059416688007,0.0001,0.0,0.4999999999999998,"[0.0, 0.9999999999999996]",0.1,0.0007423904974016332,"[0.0, 0.0014847809948032665]",0.0,train
0.585,"[0.7566666666666667, 0.41333333333333333]",0.0,4.0,0.5223857561747233,0.0,[56],228.0,2.0,0.0,"[0.0, 0.0]",0.0,0.5223857561747233,0.0001,0.0,0.0,"[0.0, 0.0]",0.1,0.0,"[0.0, 0.0]",0.0,valid
0.5732345248474281,"[0.7345248474280732, 0.4119442022667829]",0.0,4.0,0.5446276094602502,0.0,[56],229.0,2.0,0.0,"[0.0, 0.0]",0.0,0.5446276094602502,0.0001,0.0,0.0,"[0.0, 0.0]",0.1,0.0,"[0.0, 0.0]",0.0,train
0.585,"[0.7566666666666667, 0.41333333333333333]",0.0,4.0,0.5190326074759165,0.0,[56],229.0,2.0,0.0,"[0.0, 0.0]",0.0,0.5190326074759165,0.0001,0.0,0.0,"[0.0, 0.0]",0.1,0.0,"[0.0, 0.0]",0.0,valid
0.5736704446381866,"[0.7345248474280732, 0.4128160418482999]",0.0,4.0,0.5457858806071074,0.0,[56],230.0,2.0,0.0007412898443291311,"[0.0, 0.0014825796886582623]",0.0,0.5457858806071074,0.0001,0.0,0.2499999999999999,"[0.0, 0.4999999999999998]",0.1,0.0003711952487008166,"[0.0, 0.0007423904974016332]",0.0,train
0.5866666666666667,"[0.7566666666666667, 0.4166666666666667]",0.0,4.0,0.5238282879193624,0.0,[56],230.0,2.0,0.0056497175141242886,"[0.0, 0.011299435028248577]",0.0,0.5238282879193624,0.0001,0.0,0.49999999999999944,"[0.0, 0.9999999999999989]",0.1,0.002840909090909091,"[0.0, 0.005681818181818182]",0.0,valid
0.5736704446381866,"[0.7345248474280732, 0.4128160418482999]",0.0,4.0,0.5432090318721273,0.0,[56],231.0,2.0,0.0,"[0.0, 0.0]",0.0,0.5432090318721273,0.0001,0.0,0.0,"[0.0, 0.0]",0.1,0.0,"[0.0, 0.0]",0.0,train
0.585,"[0.7566666666666667, 0.41333333333333333]",0.0,4.0,0.5212002595265707,0.0,[56],231.0,2.0,0.0,"[0.0, 0.0]",0.0,0.5212002595265707,0.0001,0.0,0.0,"[0.0, 0.0]",0.1,0.0,"[0.0, 0.0]",0.0,valid
0.5738884045335658,"[0.7345248474280732, 0.4132519616390584]",0.0,4.0,0.5446025288623312,0.0,[56],232.0,2.0,0.0007418397626112751,"[0.0, 0.0014836795252225502]",0.0,0.5446025288623312,0.0001,0.0,0.49999999999999944,"[0.0, 0.9999999999999989]",0.1,0.0003711952487008166,"[0.0, 0.0007423904974016332]",0.0,train
0.585,"[0.7566666666666667, 0.41333333333333333]",0.0,4.0,0.5235068798065186,0.0,[56],232.0,2.0,0.0,"[0.0, 0.0]",0.0,0.5235068798065186,0.0001,0.0,0.0,"[0.0, 0.0]",0.1,0.0,"[0.0, 0.0]",0.0,valid
0.5734524847428073,"[0.7345248474280732, 0.41238012205754143]",0.0,4.0,0.5437577314998793,0.0,[56],233.0,2.0,0.0,"[0.0, 0.0]",0.0,0.5437577314998793,0.0001,0.0,0.0,"[0.0, 0.0]",0.1,0.0,"[0.0, 0.0]",0.0,train
0.585,"[0.7566666666666667, 0.41333333333333333]",0.0,4.0,0.5250844160715739,0.0,[56],233.0,2.0,0.0,"[0.0, 0.0]",0.0,0.5250844160715739,0.0001,0.0,0.0,"[0.0, 0.0]",0.1,0.0,"[0.0, 0.0]",0.0,valid
0.5738884045335658,"[0.7345248474280732, 0.4132519616390584]",0.0,4.0,0.5451063021369602,0.0,[56],234.0,2.0,0.0007418397626112751,"[0.0, 0.0014836795252225502]",0.0,0.5451063021369602,0.0001,0.0,0.49999999999999944,"[0.0, 0.9999999999999989]",0.1,0.0003711952487008166,"[0.0, 0.0007423904974016332]",0.0,train
0.5866666666666667,"[0.7566666666666667, 0.4166666666666667]",0.0,4.0,0.524384617805481,0.0,[56],234.0,2.0,0.0056497175141242886,"[0.0, 0.011299435028248577]",0.0,0.524384617805481,0.0001,0.0,0.49999999999999944,"[0.0, 0.9999999999999989]",0.1,0.002840909090909091,"[0.0, 0.005681818181818182]",0.0,valid
0.5743243243243243,"[0.7345248474280732, 0.4141238012205754]",0.0,4.0,0.5464242152545763,0.0,[56],235.0,2.0,0.002222222222222219,"[0.0, 0.004444444444444438]",0.0,0.5464242152545763,0.0001,0.0,0.49999999999999983,"[0.0, 0.9999999999999997]",0.1,0.0011135857461024498,"[0.0, 0.0022271714922048997]",0.0,train
0.585,"[0.7566666666666667, 0.41333333333333333]",0.0,4.0,0.5221465627352396,0.0,[56],235.0,2.0,0.0,"[0.0, 0.0]",0.0,0.5221465627352396,0.0001,0.0,0.0,"[0.0, 0.0]",0.1,0.0,"[0.0, 0.0]",0.0,valid
0.5732345248474281,"[0.7345248474280732, 0.4119442022667829]",0.0,4.0,0.5449971582578577,0.0,[56],236.0,2.0,0.0,"[0.0, 0.0]",0.0,0.5449971582578577,0.0001,0.0,0.0,"[0.0, 0.0]",0.1,0.0,"[0.0, 0.0]",0.0,train
0.585,"[0.7566666666666667, 0.41333333333333333]",0.0,4.0,0.5225337346394857,0.0,[56],236.0,2.0,0.0,"[0.0, 0.0]",0.0,0.5225337346394857,0.0001,0.0,0.0,"[0.0, 0.0]",0.1,0.0,"[0.0, 0.0]",0.0,valid
0.5743243243243243,"[0.7345248474280732, 0.4141238012205754]",0.0,4.0,0.5450097788935122,0.0,[56],237.0,2.0,0.002222222222222219,"[0.0, 0.004444444444444438]",0.0,0.5450097788935122,0.0001,0.0,0.49999999999999983,"[0.0, 0.9999999999999997]",0.1,0.0011135857461024498,"[0.0, 0.0022271714922048997]",0.0,train
0.585,"[0.7566666666666667, 0.41333333333333333]",0.0,4.0,0.5214549799760183,0.0,[56],237.0,2.0,0.0,"[0.0, 0.0]",0.0,0.5214549799760183,0.0001,0.0,0.0,"[0.0, 0.0]",0.1,0.0,"[0.0, 0.0]",0.0,valid
0.5738884045335658,"[0.7345248474280732, 0.4132519616390584]",0.0,4.0,0.5441939338393833,0.0,[56],238.0,2.0,0.0007418397626112751,"[0.0, 0.0014836795252225502]",0.0,0.5441939338393833,0.0001,0.0,0.49999999999999944,"[0.0, 0.9999999999999989]",0.1,0.0003711952487008166,"[0.0, 0.0007423904974016332]",0.0,train
0.585,"[0.7566666666666667, 0.41333333333333333]",0.0,4.0,0.5219596028327942,0.0,[56],238.0,2.0,0.0,"[0.0, 0.0]",0.0,0.5219596028327942,0.0001,0.0,0.0,"[0.0, 0.0]",0.1,0.0,"[0.0, 0.0]",0.0,valid
0.5738884045335658,"[0.7345248474280732, 0.4132519616390584]",0.0,4.0,0.5430976670721303,0.0,[56],239.0,2.0,0.0007418397626112751,"[0.0, 0.0014836795252225502]",0.0,0.5430976670721303,0.0001,0.0,0.49999999999999944,"[0.0, 0.9999999999999989]",0.1,0.0003711952487008166,"[0.0, 0.0007423904974016332]",0.0,train
0.585,"[0.7566666666666667, 0.41333333333333333]",0.0,4.0,0.522188276052475,0.0,[56],239.0,2.0,0.0,"[0.0, 0.0]",0.0,0.522188276052475,0.0001,0.0,0.0,"[0.0, 0.0]",0.1,0.0,"[0.0, 0.0]",0.0,valid
0.5734524847428073,"[0.7345248474280732, 0.41238012205754143]",0.0,4.0,0.545792843984521,0.0,[56],240.0,2.0,0.0007407407407407384,"[0.0, 0.0014814814814814769]",0.0,0.545792843984521,0.0001,0.0,0.16666666666666663,"[0.0, 0.33333333333333326]",0.1,0.0003711952487008166,"[0.0, 0.0007423904974016332]",0.0,train
0.585,"[0.7566666666666667, 0.41333333333333333]",0.0,4.0,0.5201341907183329,0.0,[56],240.0,2.0,0.0,"[0.0, 0.0]",0.0,0.5201341907183329,0.0001,0.0,0.0,"[0.0, 0.0]",0.1,0.0,"[0.0, 0.0]",0.0,valid
0.5736704446381866,"[0.7345248474280732, 0.4128160418482999]",0.0,4.0,0.5448491651078929,0.0,[56],241.0,2.0,0.0007412898443291311,"[0.0, 0.0014825796886582623]",0.0,0.5448491651078929,0.0001,0.0,0.2499999999999999,"[0.0, 0.4999999999999998]",0.1,0.0003711952487008166,"[0.0, 0.0007423904974016332]",0.0,train
0.585,"[0.7566666666666667, 0.41333333333333333]",0.0,4.0,0.5206060508886973,0.0,[56],241.0,2.0,0.0,"[0.0, 0.0]",0.0,0.5206060508886973,0.0001,0.0,0.0,"[0.0, 0.0]",0.1,0.0,"[0.0, 0.0]",0.0,valid
0.5738884045335658,"[0.7345248474280732, 0.4132519616390584]",0.0,4.0,0.5447628990463589,0.0,[56],242.0,2.0,0.0007418397626112751,"[0.0, 0.0014836795252225502]",0.0,0.5447628990463589,0.0001,0.0,0.49999999999999944,"[0.0, 0.9999999999999989]",0.1,0.0003711952487008166,"[0.0, 0.0007423904974016332]",0.0,train
0.5866666666666667,"[0.7566666666666667, 0.4166666666666667]",0.0,4.0,0.5222613314787546,0.0,[56],242.0,2.0,0.0056497175141242886,"[0.0, 0.011299435028248577]",0.0,0.5222613314787546,0.0001,0.0,0.49999999999999944,"[0.0, 0.9999999999999989]",0.1,0.002840909090909091,"[0.0, 0.005681818181818182]",0.0,valid
0.574106364428945,"[0.7345248474280732, 0.41368788142981694]",0.0,4.0,0.5439751899760702,0.0,[56],243.0,2.0,0.0014825796886582636,"[0.0, 0.002965159377316527]",0.0,0.5439751899760702,0.0001,0.0,0.4999999999999998,"[0.0, 0.9999999999999996]",0.1,0.0007423904974016332,"[0.0, 0.0014847809948032665]",0.0,train
0.5866666666666667,"[0.7566666666666667, 0.4166666666666667]",0.0,4.0,0.5200259784857432,0.0,[56],243.0,2.0,0.0056497175141242886,"[0.0, 0.011299435028248577]",0.0,0.5200259784857432,0.0001,0.0,0.49999999999999944,"[0.0, 0.9999999999999989]",0.1,0.002840909090909091,"[0.0, 0.005681818181818182]",0.0,valid
0.5736704446381866,"[0.7345248474280732, 0.4128160418482999]",0.0,4.0,0.5443036867224652,0.0,[56],244.0,2.0,0.001480384900074016,"[0.0, 0.002960769800148032]",0.0,0.5443036867224652,0.0001,0.0,0.24999999999999994,"[0.0, 0.4999999999999999]",0.1,0.0007423904974016332,"[0.0, 0.0014847809948032665]",0.0,train
0.585,"[0.7566666666666667, 0.41333333333333333]",0.0,4.0,0.5236466328303019,0.0,[56],244.0,2.0,0.0,"[0.0, 0.0]",0.0,0.5236466328303019,0.0001,0.0,0.0,"[0.0, 0.0]",0.1,0.0,"[0.0, 0.0]",0.0,valid
0.5736704446381866,"[0.7345248474280732, 0.4128160418482999]",0.0,4.0,0.5441188449444978,0.0,[56],245.0,2.0,0.0007412898443291311,"[0.0, 0.0014825796886582623]",0.0,0.5441188449444978,0.0001,0.0,0.2499999999999999,"[0.0, 0.4999999999999998]",0.1,0.0003711952487008166,"[0.0, 0.0007423904974016332]",0.0,train
0.5866666666666667,"[0.7566666666666667, 0.4166666666666667]",0.0,4.0,0.5207381844520569,0.0,[56],245.0,2.0,0.0056497175141242886,"[0.0, 0.011299435028248577]",0.0,0.5207381844520569,0.0001,0.0,0.49999999999999944,"[0.0, 0.9999999999999989]",0.1,0.002840909090909091,"[0.0, 0.005681818181818182]",0.0,valid
0.5736704446381866,"[0.7345248474280732, 0.4128160418482999]",0.0,4.0,0.5449319870575614,0.0,[56],246.0,2.0,0.001480384900074016,"[0.0, 0.002960769800148032]",0.0,0.5449319870575614,0.0001,0.0,0.24999999999999994,"[0.0, 0.4999999999999999]",0.1,0.0007423904974016332,"[0.0, 0.0014847809948032665]",0.0,train
0.585,"[0.7566666666666667, 0.41333333333333333]",0.0,4.0,0.5228564441204071,0.0,[56],246.0,2.0,0.0,"[0.0, 0.0]",0.0,0.5228564441204071,0.0001,0.0,0.0,"[0.0, 0.0]",0.1,0.0,"[0.0, 0.0]",0.0,valid
0.5736704446381866,"[0.7345248474280732, 0.4128160418482999]",0.0,4.0,0.5430969388588615,0.0,[56],247.0,2.0,0.0007412898443291311,"[0.0, 0.0014825796886582623]",0.0,0.5430969388588615,0.0001,0.0,0.2499999999999999,"[0.0, 0.4999999999999998]",0.1,0.0003711952487008166,"[0.0, 0.0007423904974016332]",0.0,train
0.585,"[0.7566666666666667, 0.41333333333333333]",0.0,4.0,0.5214210947354635,0.0,[56],247.0,2.0,0.0,"[0.0, 0.0]",0.0,0.5214210947354635,0.0001,0.0,0.0,"[0.0, 0.0]",0.1,0.0,"[0.0, 0.0]",0.0,valid
0.5736704446381866,"[0.7345248474280732, 0.4128160418482999]",0.0,4.0,0.5449299086695132,0.0,[56],248.0,2.0,0.0007412898443291311,"[0.0, 0.0014825796886582623]",0.0,0.5449299086695132,0.0001,0.0,0.2499999999999999,"[0.0, 0.4999999999999998]",0.1,0.0003711952487008166,"[0.0, 0.0007423904974016332]",0.0,train
0.585,"[0.7566666666666667, 0.41333333333333333]",0.0,4.0,0.5228205521901449,0.0,[56],248.0,2.0,0.0,"[0.0, 0.0]",0.0,0.5228205521901449,0.0001,0.0,0.0,"[0.0, 0.0]",0.1,0.0,"[0.0, 0.0]",0.0,valid
0.5736704446381866,"[0.7345248474280732, 0.4128160418482999]",0.0,4.0,0.5438335978466532,0.0,[56],249.0,2.0,0.0,"[0.0, 0.0]",0.0,0.5438335978466532,0.0001,0.0,0.0,"[0.0, 0.0]",0.1,0.0,"[0.0, 0.0]",0.0,train
0.585,"[0.7566666666666667, 0.41333333333333333]",0.0,4.0,0.5205440322558085,0.0,[56],249.0,2.0,0.0,"[0.0, 0.0]",0.0,0.5205440322558085,0.0001,0.0,0.0,"[0.0, 0.0]",0.1,0.0,"[0.0, 0.0]",0.0,valid
